0
52
-7.209945363666668e-01 2.872652090688004e-01
3.930783657082930e-01 1.087739694402117e+00
-2.383812668576721e-01 -1.282140156874660e+00
3.663841114510703e-16
2.269172423412860e+01
6.093640148794731e-16
3.906250000000000e-04
3.170984322365811e-14
0.000000000000000e+00
1
0
0
0 0
0 0
1 0
1
52
-4.159876295311213e-01 -3.294782047554379e-01
4.516512558028932e-02 2.057541925678471e+00
-9.308506839914357e-01 -1.256099534275877e+00
5.236911533344270e-16
4.903311491967401e+01
5.864792097074911e-16
3.906250000000000e-04
4.002587138044516e-15
0.000000000000000e+00
1
0
0
0 0
0 0
1 0
2
52
-8.496994607016093e-01 -4.348805035742600e-01
7.084416368448181e-01 2.139925547171897e+00
-8.159559754785837e-01 -8.215051231220373e-01
2.501853776554201e-16
2.995395001574679e+01
3.605133125666426e-16
3.906250000000000e-04
1.745029040924404e-14
0.000000000000000e+00
1
0
0
0 0
0 0
1 0
3
52
-5.675547933538123e-01 -7.427844755133799e-02
2.268518133732975e-01 1.651900357492398e+00
-6.321420624918156e-01 -1.244422275671852e+00
2.989366980140908e-16
8.322729398192979e+01
1.957356122200212e-16
3.906250000000000e-04
1.379460485005613e-14
0.000000000000000e+00
1
0
0
0 0
0 0
1 0
