0
52
-1.244711437854145e+00 5.795298760954882e-01
-3.181972905772225e-01 9.346159385672865e-01
-4.787576410390972e-01 -1.319886073037764e+00
4.126162952233366e-16
3.450827476911436e+00
3.499438316865362e-16
3.906250000000000e-04
1.414529644196762e-12
0.000000000000000e+00
1
0
0
0 0
0 0
1 0
1
52
-9.627632756750858e-01 4.573976992907288e-01
-2.423145222253445e-01 3.741980785163546e-01
-2.337544299782779e-01 -1.677886980140106e+00
1.494683490070454e-16
3.009530438618587e+00
7.546349749829585e-16
3.906250000000000e-04
2.929455849124813e-12
0.000000000000000e+00
1
0
0
0 0
0 0
1 0
2
52
-4.566124972145533e+00 5.837361954923027e+00
4.804715676411565e+00 1.117064943081378e+01
-4.922766228868252e-01 7.460464466775990e+00
1.051819270136707e-12
2.021058687057865e+04
2.816155715241748e-14
2.441406250000000e-05
2.312691935942918e-12
0.000000000000000e+00
1
0
0
0 0
0 0
1 0
3
52
-1.323039506808573e+00 9.178350771201345e-01
1.402541521440593e-01 1.379944809219912e+00
-3.178740816899039e-01 -8.567639210325209e-01
1.387778780781446e-16
2.302354579714357e+00
4.696247669502891e-16
3.906250000000000e-04
6.605549341632303e-13
0.000000000000000e+00
1
0
0
0 0
0 0
1 0
