0
52
-1.244711437854145e+00 5.795298760954882e-01
-3.181972905772225e-01 9.346159385672865e-01
-4.787576410390972e-01 -1.319886073037764e+00
0 0
0 0
1 0
1
52
-9.627632756750858e-01 4.573976992907288e-01
-2.423145222253445e-01 3.741980785163546e-01
-2.337544299782779e-01 -1.677886980140106e+00
0 0
0 0
1 0
2
52
-4.566124972145533e+00 5.837361954923027e+00
4.804715676411565e+00 1.117064943081378e+01
-4.922766228868252e-01 7.460464466775990e+00
0 0
0 0
1 0
3
52
-1.323039506808573e+00 9.178350771201345e-01
1.402541521440593e-01 1.379944809219912e+00
-3.178740816899039e-01 -8.567639210325209e-01
0 0
0 0
1 0
