0
2.217719601942986e-01 6.656210831222729e-02
1.782926239170112e-01 -6.291633167229199e-02
1.466451057705380e-02 -4.151069321399913e-02
-1.436264924830142e-01 -4.166850139495483e-01
-5.610177702039969e-02 5.436396418202987e-01
1.010665227767119e-02 -4.430021161971780e-01
3.870181193317522e-01 3.017222327333555e-01
8.604439109531807e-02 2.391910399433175e-02
2.832641855839749e-01 -1.455112774159227e-02
6.393260593138748e-02 3.493199465621753e-02
1.013310597814619e-01 3.321192149482362e-01
3.483089072200096e-01 4.448549051759640e-01
-1.796861203752926e-01 -5.388388863882646e-01

1
8.645420987129002e-02 2.526702083319987e-01
2.136720927772531e-02 -9.005203403661305e-02
1.212859976339525e-02 2.219264782390225e-02
2.451649223196287e-02 -2.342337319488857e-01
3.041811518848672e-01 2.185399898389218e-01
-2.463955719478941e-01 -2.180401471009826e-01
3.957869830647634e-02 2.969000711645176e-01
-9.821058399379078e-02 8.091758359608296e-02
-2.767521869646671e-02 6.500206524712558e-02
-2.774873263375348e-01 3.750199940922456e-01
3.026481732725115e-01 4.133304893901369e-01
8.100102223733580e-01 1.848375404596844e-01
-4.263682878612515e-01 1.360007420107504e-01

2
8.525591402709816e-02 3.256257921967035e-01
1.257270443127012e-02 -1.129091795414482e-01
2.301235592393419e-02 2.431892529278843e-02
-2.357647808434942e-02 -1.546566114587857e-01
3.832561405836354e-01 2.058289851517639e-01
-2.780178873158330e-01 -2.717880983027440e-01
2.514225499659169e-02 2.935790929167354e-01
-9.117922601356380e-02 1.448509150191269e-02
-1.086074906284537e-01 7.415414847786946e-02
-4.368411297995891e-01 4.901677548283231e-01
4.554192249213361e-01 4.518276876718049e-01
1.171191812158560e+00 9.427716319581268e-02
-5.900034959247570e-01 5.175071045721249e-01

3
2.436481150229670e-01 -3.590909721355878e-02
7.411283893623184e-02 -1.676153855886545e-01
1.811141549788313e-02 3.042415151924580e-02
1.789431563816040e-02 -2.378510357379676e-01
3.294318430612168e-01 1.707361894401797e-01
-2.655660160736719e-01 -1.705025005783912e-01
-9.053953297076811e-02 4.291075519507524e-01
-3.334082747164980e-01 4.648289562215096e-02
1.932756286262769e-01 8.414292589357425e-02
2.913386735251957e-01 3.589970831814464e-01
1.451313615022223e-02 -6.955169928971124e-02
-1.725991447330932e-01 -4.796669833677344e-01
8.063892894828373e-01 -4.271933794606372e-01

4
5.710166158264139e-02 6.335125239547794e-02
1.156307990545904e-01 -8.775516172042302e-02
-9.049897715592135e-03 -2.370153981199416e-03
3.444135968775853e-01 -1.076964742109741e-01
2.760604557326977e-01 6.835585860802069e-02
-5.483740127105219e-01 -1.166830527960518e-01
-1.762177390762432e-01 1.907309881761038e-01
-3.584367623984644e-01 1.033729911546106e-01
1.670844660805851e-03 1.776597967449613e-02
-5.249662305166326e-02 3.259417248526429e-01
5.651746729226025e-02 1.863739995847618e-01
1.722861134109150e-01 -1.214804212553915e-01
1.517596937450061e-01 -3.084788635131523e-01

5
3.074999721297545e-01 4.370149743257072e-01
2.678717477483229e-02 -3.512362062595634e-02
-8.741244969852080e-01 8.561548033906456e-01
-1.267749737932666e-01 -2.620183668468681e-01
2.459277874225406e-01 -4.970541129818825e-02
-3.258146308283654e-01 1.329618665527781e-01
2.291391501963230e-01 3.928885738964082e-02
2.770071385506283e-01 4.891642254878287e-01
2.509466609694899e-01 4.422694087378112e-01
2.722029463835152e-01 4.540546526565234e-01
2.298950726137246e-01 3.994075260123787e-01
2.359737322313025e-01 4.094818949237082e-01
6.789669398049247e-03 -2.128892761269331e-01

6
9.310417508284351e-02 2.714570256804877e-01
4.516860421730785e-02 -3.971063517880249e-02
4.870389652557673e-02 4.365595317713280e-02
-7.983578255316658e-02 -1.599118533718852e-01
2.649964200951285e-01 2.815532371110280e-01
-1.885934984764321e-01 -3.769549988992100e-01
1.693837825635485e-01 2.163488368752172e-01
-1.081157082600554e-01 2.942591071906337e-01
2.192544071622666e-02 1.860126833984803e-01
-5.043568144778383e-02 3.975115869689362e-01
1.595883672184202e-01 3.676834367254331e-01
3.450957414549564e-01 2.033469918879312e-01
-1.416626347649127e-01 -1.775659617480491e-01

7
3.133943873263773e-01 -7.840699093225646e-01
-3.342420535029065e-01 -4.769383783659382e-01
-6.373856366089425e-02 1.121003319286900e-02
-4.465939389059569e-01 3.328478878705813e-01
1.662918585265376e-01 -3.738841334276679e-02
1.218979109734114e-02 -6.701614091151542e-01
1.127230779127141e+00 1.150032226199424e+00
-2.006064200620324e-01 -1.183865954752795e+00
5.590181768525684e-01 -9.283257760118581e-01
-1.279532119244605e-01 -7.510196976761696e-01
-2.359081091169341e-02 -7.513474123108102e-02
6.588821932079335e-01 4.138826729678899e-02
-8.081520495089912e-03 -9.507196130010784e-01

8
8.727423318724259e-02 -1.525125440603817e-01
1.292012685149590e-01 -2.625739819865926e-01
-9.215185815847649e-02 3.800345508190434e-02
3.034691590782755e-01 -5.316673129191113e-01
1.109092794269955e-01 3.880330912228894e-01
-3.501536856410732e-01 6.448997520652018e-02
-9.627860516603423e-02 3.104968172186569e-01
-2.764814649434974e-01 -1.337808731967957e-01
1.705885184639994e-01 -2.235602016292682e-01
-3.209748172082456e-02 -4.565157187771770e-02
-5.376671860545464e-02 1.875137039716558e-01
1.384392102772828e-01 1.499008617811498e-01
1.450511837132811e-02 -7.244501304705089e-01

9
-4.546501883253095e-01 4.498533141944255e-01
-5.854205546534919e-03 -6.607427655773900e-02
-1.016915064076926e-01 4.576827323534702e-02
-4.274323327257459e-02 -2.057170860737055e-01
2.871954259676130e-01 2.730270490956742e-01
-2.191625701138279e-01 -2.845284796198862e-01
2.471280656858695e-01 2.188006918215425e-01
-8.164527851702288e-01 8.343276828216017e-01
-6.273707353171319e-01 2.974978983711194e-01
-4.405439657806678e-01 7.789890086972558e-01
-7.376112256074331e-02 5.150640397579579e-01
-7.880219368870320e-02 2.790506348380706e-02
-3.191696622598743e-01 -1.718474962655022e-01

10
1.549519367576480e-01 2.836769468324665e-02
2.362005949761165e-01 -2.452572025271954e-01
-9.965563910430711e-02 -1.765635788939624e-01
-3.869690392840553e-01 1.718698805379366e-02
5.041758348357115e-01 7.958898865441925e-01
-3.579736481057469e-01 -9.246566477728504e-01
3.610996643186496e-01 -1.126140720799342e-01
1.085343526446883e-02 1.563687575396819e-02
2.378975766379842e-01 -7.552489678165904e-02
8.663864042984153e-04 -1.745366425652867e-02
4.839365966594283e-02 3.539482366201633e-01
3.121415219653545e-01 4.912819545818390e-01
-2.584786835217641e-01 -6.316457659048386e-01

11
1.125868452486299e-01 -6.283070366847081e-02
-2.591337846861255e-02 -7.715216819456426e-02
-3.079300725512035e-01 1.018403029491004e-01
-1.120781948073524e-01 1.495496822701523e-01
1.226554784626878e+00 -7.082187841445342e-02
-7.483672673665177e-01 -1.354529956208722e-01
-5.766931265439865e-01 -8.898497641677208e-03
-2.922891885328532e-01 1.629490984377575e-02
1.478240699191759e-01 -7.199959412211240e-02
7.466761101050803e-02 1.252355297368915e-01
-4.178629435357550e-02 1.414570219063072e-01
-6.528712272730494e-03 -3.553817162901636e-03
2.380764847945178e-01 -6.364591397287828e-01

12
3.894053031324695e-01 1.506947434701474e-01
1.786796937884457e-01 1.155137936224456e-01
-8.356182290087748e-02 1.239900190909064e-01
-7.753962415586960e-02 -3.562323855198162e-01
-7.246513884642945e-02 3.072888810584122e-02
2.333837169908674e-02 -2.603035932937119e-01
1.534753540269924e-01 4.492375164720616e-01
1.690712379404509e-01 8.182905374086553e-02
3.687574969098578e-01 1.818701277820599e-01
2.894709732155748e-01 2.603364544963787e-01
2.047531284128407e-01 1.828274012509973e-01
2.785467368918195e-01 1.063667072959756e-01
2.715969162018975e-01 -2.902904825883768e-01

13
1.485934183240124e-01 -9.495768675366503e-02
9.343948997789978e-02 -1.476871925376228e-01
1.365794759334247e-02 8.107770808138071e-02
1.098549015594561e-01 -1.791490021229970e-01
2.746468802973621e-01 1.980000880204649e-01
-3.500992304883139e-01 -1.803417714028422e-01
-5.216944320077332e-02 2.882556872197916e-01
-3.180377392067345e-01 3.761917632233278e-02
1.915777154852431e-01 -4.216367390837805e-02
1.953225566692941e-01 1.409375300128299e-01
-8.902682476061850e-02 5.856183533184070e-02
-1.968302165513061e-01 -1.175304214820927e-01
4.726091064858398e-01 -7.302584110342567e-01

14
3.070568582749727e-03 -3.930872482547323e-01
8.085015303079723e-02 -2.869002579585156e-01
-9.953753669614349e-02 -5.674527344550461e-02
-8.392687471904346e-02 -5.658097005923484e-01
3.484583327991252e-01 8.289930513884700e-01
-1.878867616668919e-01 -2.220364175461792e-01
1.663963196531056e-01 1.010829163084714e-01
-6.717070191295574e-01 -2.778653051076596e-01
9.540075517842311e-02 -3.855275937334240e-01
-4.492796750230362e-03 -6.871920542589406e-02
-2.300873452403806e-01 -6.106609164311540e-02
-2.336819328563486e-01 -3.299592820695900e-01
4.895677538438414e-01 -9.293233950993230e-01

15
2.261423899760404e-01 4.141295203965650e-01
3.552815772577202e-02 1.063513173880044e-02
5.213080264573733e-01 5.692763508280052e-01
-1.045359905415046e-01 -1.232729991111206e-01
1.204183421779664e-01 2.610818536893759e-01
9.346573965092708e-02 -2.756538712815151e-01
3.169523527272068e-02 1.226916940429607e-01
1.650828574882472e-01 4.910102451664567e-01
1.694459233127781e-01 3.942016767896079e-01
1.842856005752825e-01 4.490396541729214e-01
1.915759681285604e-01 4.143136369664386e-01
2.205818857764570e-01 3.948875397215528e-01
-5.766928756440295e-02 -2.372825596807747e-01

16
8.818566176807374e-02 -4.234503478391379e-02
7.960355537942099e-02 -2.587903497293746e-01
8.925859280808462e-02 -8.369069599759663e-02
1.668866639990077e-01 -4.319499034728893e-01
1.551909520540952e-02 5.116620339283710e-01
-2.540963266479211e-01 -2.391443730166763e-01
1.552305166361177e-01 3.351752079145734e-01
-3.443571366546396e-01 4.681099762138193e-02
1.004082095333746e-01 -5.005926983176440e-02
5.269859443295660e-02 1.841668391188439e-01
-3.687091274747051e-02 1.339704676823107e-01
-1.422791474898538e-02 -7.202454171680232e-02
2.652178086541278e-01 -5.776400039802776e-01

17
1.015252598762060e-01 -1.079062031422970e-01
2.088289866723183e-02 -2.251262449124327e-01
-1.318817430341058e-01 3.621620054856765e-02
-4.675625097707895e-02 -2.420284395495560e-01
6.764208603243814e-01 3.776401936679493e-01
-4.580908094248250e-01 -1.823351832771419e-01
-2.107231820822715e-01 1.038328678709256e-01
-2.829740176795021e-01 -1.737857039344360e-02
1.739221566255204e-01 -1.274201789071535e-01
6.979473647137388e-02 3.462855579881496e-02
-8.129854596110600e-02 1.568095886985260e-01
-3.388292894782373e-02 8.832353515122339e-02
1.798392281706094e-01 -7.591802221100049e-01

18
1.491002987462132e-01 -3.335368877880304e-02
1.229458768508505e-01 -1.281752186165471e-01
-2.239426258944848e-01 2.383270752428200e-01
4.664670580568593e-01 5.600716703750374e-02
5.901701129771793e-01 -6.707987986577305e-01
-6.878741132514344e-01 2.956757037845915e-01
-7.323195332241860e-01 5.290258094212635e-01
-2.380295940974933e-01 3.299218062765075e-02
1.752251519532920e-01 -3.186087992748256e-02
1.112440451039755e-01 1.514803633058342e-01
-1.292134999790680e-02 1.406796238189565e-01
1.307641815903577e-02 -3.093243043184918e-03
2.634569194165405e-01 -5.931123575520068e-01

19
-3.402688757171491e-02 3.538387260106505e-02
6.258717929898067e-02 -9.288340997874799e-02
-1.185774050049444e-03 -6.678375977171302e-04
1.502871885306215e-01 -1.357849669259940e-01
2.556170532039078e-01 1.891800490622198e-01
-4.023743450835627e-01 -2.327239890926730e-01
2.569436198330931e-02 2.366213754305376e-01
-4.116963570443043e-01 2.464473524183463e-01
-9.562909387542600e-03 6.757372238716057e-03
-7.201065942037852e-04 2.194682435814621e-01
-1.149880429917721e-01 2.383435364321492e-01
-1.572864332864871e-01 8.974020069724729e-02
1.173893334114443e-01 -6.962573123484087e-01

20
2.719107775104502e-01 -2.110381967979004e-01
-1.813948063429337e-02 -1.982109835665758e-01
-1.025857475017323e-01 1.369957522617593e-01
-2.596257871089057e-01 -5.282774868126758e-02
3.227927064276450e-01 -2.797962449384871e-01
-4.460734920573267e-02 -2.412207655895174e-01
9.583920487012110e-02 9.386462593910747e-01
-2.252631793261786e-01 -2.558386245756694e-01
3.180434234735308e-01 -1.733596520895803e-01
1.869387511177731e-01 2.901358907691594e-02
8.338240941670847e-03 -2.276864859665629e-02
7.166031690535093e-02 -2.135630680858552e-01
4.974303317862562e-01 -6.056009649428482e-01

