13
0
0
52
2.171291302986290e-01 7.592977972660607e-02
1.725417429135118e-01 -6.574897708898060e-02
2.573428729897130e-02 -3.579915674010098e-02
-1.488738194161625e-01 -4.538921974014508e-01
-8.745652932059354e-02 5.524061860914092e-01
4.661315654198016e-02 -4.346621140026086e-01
3.988867890403604e-01 3.239207492018086e-01
7.617468076978152e-02 2.134661470777699e-02
2.946606442268932e-01 -2.985917071308662e-02
6.458127575512264e-02 3.241612841335049e-02
1.470123825302084e-01 3.490043737735126e-01
3.986250873131276e-01 4.552843056491833e-01
-1.694169243979340e-01 -4.791566793997039e-01
2.220446049250313e-16
1.147441086839347e+03
5.116263387412762e-16
3.906250000000000e-04
3.259060315190386e-13
0.000000000000000e+00
1
1
1
52
6.582192551851483e-02 2.729477332949274e-01
2.752093519818447e-03 -1.024010105603624e-01
1.118687569281312e-02 2.238467374070746e-02
1.283419642078353e-02 -2.113636224417572e-01
3.181087793744703e-01 2.234879927886121e-01
-2.588278250217748e-01 -2.450317064935235e-01
6.180986320559856e-02 2.868953891899133e-01
-1.237324986467659e-01 1.082869267572201e-01
-2.345187213771782e-02 9.630089089960631e-02
-2.624539840116178e-01 4.142089822713909e-01
3.110288338628304e-01 4.639600335021803e-01
7.924231374134547e-01 2.070908042048056e-01
-4.386503697109888e-01 2.004187743516931e-01
2.482534153247273e-16
1.798091399345994e+03
1.158613923306809e-15
9.765625000000001e-05
2.080367045752661e-13
0.000000000000000e+00
1
1
2
52
2.010455734003074e-02 3.440007883378415e-01
2.579094290412231e-03 -1.318108306995744e-01
1.665196540542307e-02 2.916987706429107e-02
-5.849269226104446e-02 -1.622039907948120e-01
3.979478600467513e-01 2.383587033142605e-01
-2.685068559066869e-01 -2.975164905920266e-01
4.244263993990315e-02 2.854371704091661e-01
-9.693958106410863e-02 2.287211290504931e-02
-1.217021512762540e-01 6.233986236775197e-02
-5.073992569198766e-01 4.653979137304624e-01
4.526821077349817e-01 5.918013290599102e-01
1.239514659141492e+00 2.834131338294206e-01
-8.296062190815604e-01 5.527743434792527e-01
4.002966042486721e-16
1.285676120334060e+03
1.898787859070474e-15
9.765625000000001e-05
6.226163981186673e-15
0.000000000000000e+00
1
1
3
52
2.374792219620805e-01 -4.311100502639584e-02
6.618217384573784e-02 -1.912581507301958e-01
9.325422040254043e-03 3.035717058532288e-02
2.268999795916341e-02 -2.407365640513833e-01
3.308193080924557e-01 1.795181427714266e-01
-2.725216472209793e-01 -1.768960353136650e-01
-8.030158639814351e-02 4.273647774796426e-01
-3.499922409773106e-01 8.676474016320897e-02
2.160554742654151e-01 6.722468799598900e-02
3.428301806464221e-01 3.220933335633408e-01
8.678260624338220e-03 -8.457128227979477e-02
-2.543093772681178e-01 -4.568298588318211e-01
8.954021656880919e-01 -5.132535358538304e-01
3.140184917367550e-16
2.348143403854471e+03
9.024065685253214e-16
3.906250000000000e-04
6.243180534770773e-14
0.000000000000000e+00
1
1
4
52
5.089957321310860e-02 6.424000241473674e-02
1.239588819784363e-01 -9.517333850230300e-02
-7.404524317439503e-03 -3.411589311306323e-03
3.459694986145530e-01 -1.066128054515551e-01
2.758010202413184e-01 7.339519880689961e-02
-5.499054364154458e-01 -1.230154885711622e-01
-1.807758748088954e-01 1.873602310947906e-01
-3.762144754223315e-01 1.038032788875901e-01
8.340991164935448e-04 1.832631023569545e-02
-5.015674422519307e-02 3.367980736363914e-01
6.468541591561966e-02 1.911779329215837e-01
1.729099413575853e-01 -1.342712671903296e-01
1.658233889969446e-01 -2.823269743674382e-01
2.167779754565683e-16
1.157245267281309e+04
7.650339987478542e-16
3.906250000000000e-04
5.219229170424792e-15
0.000000000000000e+00
1
1
5
96
0.347630152201665369717557067077e0 0.496684529292050449731182781151e0
0.464429462169046629257039021565e-28 -0.132495756971242017821024033601e-27
0.344499306851843475015265180279e0 0.120173372306891367552181898620e1
-0.212955566402406895077280474078e-14 0.180692124684984519777378918173e-14
-0.140005623805045992883014119224e-14 -0.175758127731902665421943227584e-14
0.224654252070899553917777278904e-14 0.206272189506022011755617287595e-14
-0.137822862656957247762730323528e-15 -0.205400726541789035179213546565e-14
0.347630152201665654552190812686e0 0.496684529292049898028807049096e0
0.347630152201665412525309259858e0 0.496684529292050199475657177225e0
0.347630152201665276284363707636e0 0.496684529292050290322753177408e0
0.347630152201665195534697548540e0 0.496684529292050497125515276291e0
0.347630152201664978390148030613e0 0.496684529292050627121351283622e0
0.726849683763642057917142379996e-15 0.386799540481594148735198695687e-15
1.08766283116934e-16
1.948573503660637e+17
4.76699820711516e-19
3.72529029846191e-10
1.37933935629805e-16
3.814697265625000e-07
1
1
6
52
5.648982390113570e-02 2.842194881254215e-01
5.545957333731676e-03 -5.887111946628875e-02
2.224723507036308e-02 4.075912275274324e-02
-6.352079269397069e-02 -1.815989093356295e-01
2.814133069179955e-01 2.575160978047736e-01
-2.003250432657656e-01 -3.357004434390861e-01
1.658741065217971e-01 2.479954841966471e-01
-1.654882531713927e-01 2.657936602176295e-01
-8.929691687297861e-03 1.846158504068572e-01
-1.094182102388973e-01 4.504195975258862e-01
2.016635870194041e-01 4.227927703521791e-01
4.430597980306385e-01 1.815789034878511e-01
-2.147539118212833e-01 -1.067191740847875e-02
2.220446049250313e-16
9.545140240958636e+02
1.173983326837304e-15
9.765625000000001e-05
2.022401365618726e-13
0.000000000000000e+00
1
1
7
52
2.102803077107084e-01 -5.506227909901823e-01
-9.428956545612431e-02 -4.530157035130379e-01
-7.261686966286561e-02 -1.657540369795144e-02
-3.831061793872524e-01 -2.110719877029381e-02
2.299442270363533e-01 1.415120373561556e-01
-1.729686464048610e-02 -5.077135954560050e-01
5.867856840241349e-01 9.785045901314842e-01
-2.710342977463356e-01 -7.650353410643700e-01
3.471108492282070e-01 -7.292983058295002e-01
-1.429594259711851e-01 -5.230273043307521e-01
-1.667808649533389e-02 -6.709688554718594e-02
4.860033412292706e-01 5.493420532837432e-03
7.997884409871892e-02 -9.417014135512787e-01
5.551115123125783e-16
9.025658296997982e+01
2.962233289386489e-15
9.765625000000001e-05
2.557622302318881e-13
0.000000000000000e+00
1
1
8
52
8.119970412271818e-02 -1.392912969133158e-01
1.250690690313021e-01 -2.953881735525153e-01
-8.980310556539683e-02 2.896329441282060e-02
3.051557962563049e-01 -5.476511082395958e-01
1.180499835306429e-01 4.043967407137308e-01
-3.458771609461402e-01 5.995537041149843e-02
-9.945811859235436e-02 3.198625066963020e-01
-2.829960086680192e-01 -1.016117881780125e-01
1.532608166742740e-01 -2.251905024971294e-01
-3.373486625957303e-02 -4.530695326811816e-02
-4.756940259771872e-02 1.703704079789348e-01
1.280477555671308e-01 1.408342706663548e-01
4.320659518002590e-02 -7.462715729734363e-01
1.185718710066887e-16
1.778290340653753e+03
3.630606300659761e-16
3.906250000000000e-04
2.786237136886197e-14
0.000000000000000e+00
1
1
9
52
-7.363829774053651e-01 4.511412937243104e-01
-5.220113651886403e-02 -1.072193641062748e-01
-1.167487465696795e-01 3.841303218630601e-02
-5.877109540304949e-02 -2.108616831404702e-01
3.264134685131984e-01 2.891545502938315e-01
-2.308149946216146e-01 -2.849848596832439e-01
2.662402740402756e-01 2.343833839234482e-01
-1.123089253568797e+00 9.020107020392646e-01
-9.327615648463092e-01 3.084079315197359e-01
-7.585966797090891e-01 9.074548760542742e-01
-2.749028598107083e-01 6.971251889407706e-01
-1.614579780182290e-01 6.975756901873023e-02
-7.776272961381626e-01 -1.468506289915868e-01
6.280369834735101e-16
1.522348833320943e+02
4.482260754624394e-15
9.765625000000001e-05
2.714236131467958e-13
0.000000000000000e+00
1
1
10
52
1.549174339578985e-01 3.866349418023952e-02
2.348038881356841e-01 -2.443743314721693e-01
-6.482016807721944e-02 -1.839990334658414e-01
-4.251872617932467e-01 -3.981908618365113e-02
4.519850295886216e-01 8.449726787665635e-01
-2.817736186160110e-01 -9.456620850504428e-01
4.034859001062474e-01 -8.300057546438354e-02
9.259388283171615e-03 1.672422744439606e-02
2.465599853605916e-01 -8.311604162673150e-02
3.080479004707968e-03 -1.694025716556105e-02
8.396982721360582e-02 3.641586233527678e-01
3.510205079749491e-01 4.977390820910683e-01
-2.487289131276578e-01 -5.865884699401459e-01
3.650675994272797e-16
5.080800032557770e+03
9.943460052143509e-16
3.906250000000000e-04
6.444100258712185e-13
0.000000000000000e+00
1
1
11
52
1.049475952704301e-01 -5.554860288084734e-02
-1.962503303821801e-02 -6.562934085943693e-02
-3.043565333269727e-01 7.318410615186619e-02
-1.227175042473527e-01 1.706065742629667e-01
1.271905023988822e+00 -1.014131000507678e-01
-7.585102717971004e-01 -1.427760994809817e-01
-6.175692449371862e-01 3.710815276051431e-03
-3.022691428138159e-01 3.370969785467182e-02
1.402867130471213e-01 -7.995003730938906e-02
7.302402059125047e-02 1.211809515526795e-01
-2.988818794041532e-02 1.371034785659262e-01
-4.303337505821411e-03 -2.871603832157487e-03
2.554358938563800e-01 -6.404409188908088e-01
1.755416734288351e-16
2.367954578071359e+04
3.382087718752969e-15
3.906250000000000e-04
2.283436982639163e-12
0.000000000000000e+00
1
1
12
52
3.764575708386381e-01 1.718821040977585e-01
1.824012156728740e-01 1.661217849243421e-01
-1.391385159576503e-01 1.120763619659517e-01
-9.440326263358506e-02 -3.816704876170375e-01
-1.161306452489038e-01 -2.818884835413208e-02
6.293929835718315e-02 -2.578034689005165e-01
1.894812245649901e-01 4.849379613554926e-01
1.515739750347388e-01 1.099413805499227e-01
3.959866870640600e-01 1.730998089565610e-01
3.183850058778812e-01 2.567537762503375e-01
2.623387418890508e-01 2.206972802959117e-01
3.033488751131331e-01 1.484271841864539e-01
3.063388501402966e-01 -2.296921239368433e-01
3.330669073875470e-16
1.640281135467312e+02
5.450693020602238e-16
9.765625000000001e-05
7.170023235075140e-15
0.000000000000000e+00
1
1
13
52
1.392411776143136e-01 -8.449320478443935e-02
8.782870193408451e-02 -1.731542239762067e-01
1.008362833794143e-03 7.515740918703166e-02
1.105571180635906e-01 -1.922505395846540e-01
2.881940304958301e-01 2.148873627122095e-01
-3.579515250940860e-01 -1.807289994078279e-01
-5.499512121502022e-02 2.857590729590785e-01
-3.219782425832851e-01 6.303824743760496e-02
1.852148497342102e-01 -5.429579927877812e-02
1.935582455874608e-01 1.265924918547853e-01
-7.504494415043238e-02 5.749569066260572e-02
-1.932912034711398e-01 -9.806941839453719e-02
4.833964475822161e-01 -7.486190369697210e-01
2.237726045655905e-16
2.732662978999534e+03
4.352185864536208e-16
3.906250000000000e-04
6.228583798759423e-14
0.000000000000000e+00
1
1
14
52
4.052943544322983e-02 -3.507495780931950e-01
6.353518932008839e-02 -3.104431781526361e-01
-8.675205954629645e-02 -5.563794472026153e-02
-9.153482062148326e-02 -5.481364785074878e-01
3.444629817896959e-01 7.856157430290007e-01
-1.828832739392488e-01 -2.384355453171333e-01
1.634252165248658e-01 1.534422810244570e-01
-5.972823733991123e-01 -2.404071868086655e-01
9.081547022887888e-02 -3.684989235506871e-01
-2.387133018919083e-03 -6.837412077364095e-02
-1.903935496393327e-01 -9.728258358705832e-02
-1.776708547271532e-01 -3.278577789567257e-01
5.066065423447906e-01 -9.361917859814021e-01
2.482534153247273e-16
4.273737947828943e+02
9.652489803711062e-16
3.906250000000000e-04
3.381360896088028e-13
0.000000000000000e+00
1
1
15
96
0.347630152201664472528701887264e0 0.496684529292051127534087435814e0
-0.865501036649121884373565838474e-28 -0.759265519223245981377981816835e-28
0.344499306851842875080225595532e0 0.120173372306889520834067067776e1
-0.194711900260655504515131618527e-14 -0.971334072589141043739194149477e-15
0.281919728626692622975558925800e-14 0.241970621648865374106743911789e-14
0.299801640169611661659406440366e-15 -0.329708019520409559256385619628e-14
0.724340486972055020657360882834e-15 0.100961232075704284765973812073e-14
0.347630152201664922946803845367e0 0.496684529292051100480292191836e0
0.347630152201664305478790703724e0 0.496684529292050775090727267671e0
0.347630152201664579758911790958e0 0.496684529292051183614368071762e0
0.347630152201664912139455854337e0 0.496684529292051227840735393573e0
0.347630152201664606422389374344e0 0.496684529292050944762399896533e0
-0.399829275804333848745570797171e-15 0.784582229804303432187034116374e-15
1.52944362398124e-16
1.884505619754452e+17
1.14584375706743e-18
3.72529029846191e-10
1.64224821472656e-16
3.814697265625000e-07
1
1
16
52
8.216588194354445e-02 -3.777469379723677e-02
6.371933050234872e-02 -2.925806844949109e-01
9.072689526955806e-02 -7.068637205114801e-02
1.778557488094417e-01 -4.387208908501138e-01
1.487809358577005e-02 5.121169439024259e-01
-2.594925902451572e-01 -2.349900513562822e-01
1.536978145956958e-01 3.435134411629054e-01
-3.514240499534451e-01 6.106798275862030e-02
9.667318025729031e-02 -5.643835170375892e-02
5.395097497336918e-02 1.785278090107679e-01
-2.985816948454712e-02 1.316406461728616e-01
-1.735908745284185e-02 -6.739318258472175e-02
2.789019823111786e-01 -5.864165676051801e-01
1.665334536937735e-16
1.099447665728888e+04
4.287824920561464e-16
3.906250000000000e-04
6.841501667662970e-14
0.000000000000000e+00
1
1
17
52
9.641142923527937e-02 -9.809940218636674e-02
1.089155363872206e-02 -2.402459792088412e-01
-1.276898566318283e-01 2.920570869441814e-02
-4.953272195881168e-02 -2.497471170009696e-01
6.865040391181670e-01 3.667912870863654e-01
-4.525610324657309e-01 -1.803624817961277e-01
-2.230236944069872e-01 1.267695145165258e-01
-2.906909185706021e-01 4.832891050281569e-03
1.625763882413759e-01 -1.328113404026100e-01
6.859142183415338e-02 3.331977469438362e-02
-6.986545619306853e-02 1.443357979115746e-01
-3.443846445997364e-02 8.042718752126585e-02
2.058672536601629e-01 -7.679346018805259e-01
1.144391699630559e-16
4.948004890453953e+03
5.519599191484241e-16
3.906250000000000e-04
1.151424925402027e-14
0.000000000000000e+00
1
1
18
52
1.367070074009386e-01 -3.574046015589271e-02
1.401046781379068e-01 -1.422233992474914e-01
-2.395533989632453e-01 1.978770778061417e-01
4.200856294949720e-01 8.472016623695716e-02
6.634044206322581e-01 -6.537709394845338e-01
-7.005209039018968e-01 2.482439164369779e-01
-7.498602619802541e-01 5.202834856430525e-01
-2.598576102632686e-01 4.118157635865632e-02
1.697549430314333e-01 -5.237643308711102e-02
1.082930688424424e-01 1.378918021264922e-01
-2.078221303155957e-03 1.355617768832826e-01
1.313466457096410e-02 -3.875423354041884e-03
2.859255106724711e-01 -6.022492007153342e-01
2.237726045655905e-16
8.200122757536321e+03
3.732831278291825e-15
3.906250000000000e-04
3.511458797652484e-12
0.000000000000000e+00
1
1
19
52
-3.563298959820428e-02 2.952880098143314e-02
5.669554664038925e-02 -1.062908911595925e-01
-9.188071148665416e-04 -7.613567686633591e-04
1.512794592173527e-01 -1.364619407845989e-01
2.590348834137581e-01 1.919305499139362e-01
-4.062808741758481e-01 -2.365956454689292e-01
2.557640478449935e-02 2.389027510860546e-01
-4.165099481907402e-01 2.392646573248096e-01
-9.640079834377306e-03 6.689575502913074e-03
-2.080920732602806e-03 2.204664196026324e-01
-1.227605480932770e-01 2.397942254236161e-01
-1.637526053304178e-01 8.630297031189410e-02
1.127842125100483e-01 -6.976218391574757e-01
1.947840340079970e-16
2.735264025116059e+04
1.918479479374564e-16
3.906250000000000e-04
1.482898611470945e-14
0.000000000000000e+00
1
1
20
52
2.125398817365163e-01 -1.920469618514317e-01
-4.594789280767379e-02 -2.230531162910639e-01
-1.200181623221203e-01 1.144739000160928e-01
-2.580191480434768e-01 -5.203682292878389e-02
3.876386558931895e-01 -3.107507232100931e-01
-7.149105712575221e-02 -2.372328951803426e-01
4.883622036327965e-02 9.487952623497797e-01
-2.893938422443650e-01 -1.822563046465604e-01
2.546315428018484e-01 -1.998219899923749e-01
1.467263469785148e-01 1.774625915985988e-02
3.411130612724901e-03 -2.314313291666593e-02
4.017425222638537e-02 -1.953369293698016e-01
4.991369464672114e-01 -6.642686860547368e-01
3.330669073875470e-16
7.137360367685924e+02
3.808235510175263e-16
3.906250000000000e-04
2.150044630843483e-12
0.000000000000000e+00
1
1
-1

2 0
2 13
0 0
4563410527867262160964405986662613542094896639911032941006953886981151008837918469786025615771706517095895604623492475165610200295809347180492215669110537191356301777435707505580988498481573676240360887800535811623511316342756324264231592732245280680045859261648375675504200481283596600819140929534334072556943/10000000000000000000000000000000000000000000000000000000000000000000000000000000000000000000000000000000000000000000000000000000000000000000000000000000000000000000000000000000000000000000000000000000000000000000000000000000000000000000000000000000000000000000000000000000000000000000000000000000000000000000000 -3119644355536977847973078116877065628298198194800014672778440372413300755939868023477483661407775576555194581585308387621221973704662171277778424768124928426528403481445341284602726162165523091362814587516284133115575012713390308106371927630052850390501027996560836324802279812838611211561542985762121389300933/5000000000000000000000000000000000000000000000000000000000000000000000000000000000000000000000000000000000000000000000000000000000000000000000000000000000000000000000000000000000000000000000000000000000000000000000000000000000000000000000000000000000000000000000000000000000000000000000000000000000000000000000
1102155333440733753882791462437826486916729150306070184576100696780665288662811559755321785290752780152610900368699693726259846193847358848926914711945267503213578675765730410328575027360827377540664213858910199327462110878824641824619587447613726495420181879589982288607067110657976526503287479955764730686247/5000000000000000000000000000000000000000000000000000000000000000000000000000000000000000000000000000000000000000000000000000000000000000000000000000000000000000000000000000000000000000000000000000000000000000000000000000000000000000000000000000000000000000000000000000000000000000000000000000000000000000000000 -7689404337905387613012736933271932270793251253347538839543508389339588584059043550314094776941790459491941330210556121286714956418135955953554796282580561489360352243214025827497631720316530386244899031762839893323513225715656934859299315727818849015185869454960293615808346851980955604578607564724550392713527/10000000000000000000000000000000000000000000000000000000000000000000000000000000000000000000000000000000000000000000000000000000000000000000000000000000000000000000000000000000000000000000000000000000000000000000000000000000000000000000000000000000000000000000000000000000000000000000000000000000000000000000000
945288072381793848290488922724374351846022599905536284731476966928849889330979339365462798971457581002958857586672580835150053671894923714665752549801902846935217990310520407219442580756478142511114920272703585718105137323657692349524589770997567253195270318481475459239176693215715639909555147257261379753879/1250000000000000000000000000000000000000000000000000000000000000000000000000000000000000000000000000000000000000000000000000000000000000000000000000000000000000000000000000000000000000000000000000000000000000000000000000000000000000000000000000000000000000000000000000000000000000000000000000000000000000000000 335222445266257640821690718286458383082513804254124599636743531797922676788100598910278780797140855516550980397068657388386002921461591275605299954015242462075924363833024058563541549030698734510492136076383918458027666154264389261572922076534194947272142431359789748734166722196688656089007787433381905796899/400000000000000000000000000000000000000000000000000000000000000000000000000000000000000000000000000000000000000000000000000000000000000000000000000000000000000000000000000000000000000000000000000000000000000000000000000000000000000000000000000000000000000000000000000000000000000000000000000000000000000000000
8993972749385276008961655840442943815371049981537786957731025267798553178237526528662086582263056859428875983192156166363721043747849928130171053715653370906000867650236131671190806700357191845929117316257226313233693815023672456943526344149611080648657996579889169127656329911332089979141350493550084295816799/10000000000000000000000000000000000000000000000000000000000000000000000000000000000000000000000000000000000000000000000000000000000000000000000000000000000000000000000000000000000000000000000000000000000000000000000000000000000000000000000000000000000000000000000000000000000000000000000000000000000000000000000 -7361649647248704472910398308675534857850790991427600945681361448986870475274738981903335268623523583380113900139588840514256858437564579022245835312537942565961552452912891392268776851336466827709934702639436812867337175956820714894943655573477855594391214494916451319438867155878730926871906465123288233401297/100000000000000000000000000000000000000000000000000000000000000000000000000000000000000000000000000000000000000000000000000000000000000000000000000000000000000000000000000000000000000000000000000000000000000000000000000000000000000000000000000000000000000000000000000000000000000000000000000000000000000000000000
-4858120750875255837608295694680417134422336007204130078735462372593508326801920581331196178432108898400311830220381551164871967967799061392652909976509156122048292000008432463916441269125900653364796613817273929167095750170850889637235798071233377243616287310758272384401162720745394795086375631192078421401639/10000000000000000000000000000000000000000000000000000000000000000000000000000000000000000000000000000000000000000000000000000000000000000000000000000000000000000000000000000000000000000000000000000000000000000000000000000000000000000000000000000000000000000000000000000000000000000000000000000000000000000000000 7750381954109083712410400856158008053090422111943493312081582378358301776387460596352763401638044359415867059936701867373665722974747195712794467223267910577685137297323638887125288735051945544154548150613602394766789117053961320269379788940086079570976930046924212634043845107264467427430886411155966494542029/10000000000000000000000000000000000000000000000000000000000000000000000000000000000000000000000000000000000000000000000000000000000000000000000000000000000000000000000000000000000000000000000000000000000000000000000000000000000000000000000000000000000000000000000000000000000000000000000000000000000000000000000
5210645805427716852748986021344349790743117762944804677109008438761479325748408681971174737074163069684193842779593560543698927820607351486521822222008680694531395464569353908497407134537821509208562692232391669406946210617476183526310800076234146625238044914539920413261381587842246665435896562429451672390469/10000000000000000000000000000000000000000000000000000000000000000000000000000000000000000000000000000000000000000000000000000000000000000000000000000000000000000000000000000000000000000000000000000000000000000000000000000000000000000000000000000000000000000000000000000000000000000000000000000000000000000000000 -3584936224994247020834830301346737469707048361648849670009540159287153062646780824733673898910694170794748793583670270512836833000964786621662200697843094967396574094667725240404703118417069737521131637316355043308839486516299077583510218187115289131784983246589552302506039034513073225689727374860492245528893/5000000000000000000000000000000000000000000000000000000000000000000000000000000000000000000000000000000000000000000000000000000000000000000000000000000000000000000000000000000000000000000000000000000000000000000000000000000000000000000000000000000000000000000000000000000000000000000000000000000000000000000000
0 0
0 0
0 0
0 0
0 0
0 0
3683388768149459991730404289379156849016630374193925533871764747911675836850771063083025571289007594926639366297950660849655639809231847965252024140233449654368354013277153914237707596896973486323534468134896196387157598308346465668052050540294996012063266794140519798892739894764205544919810000426952089238877/5000000000000000000000000000000000000000000000000000000000000000000000000000000000000000000000000000000000000000000000000000000000000000000000000000000000000000000000000000000000000000000000000000000000000000000000000000000000000000000000000000000000000000000000000000000000000000000000000000000000000000000000 91569138316604149011718950282400675890570236908882720033555310136892002640031025814722524064422165003262681686505467089998297036639333692920879393966156849726412647848818264778960389748834059343364193932708771117489907909787383787351656790998960629069113872127070765065219991252454117728560395703357304757759/156250000000000000000000000000000000000000000000000000000000000000000000000000000000000000000000000000000000000000000000000000000000000000000000000000000000000000000000000000000000000000000000000000000000000000000000000000000000000000000000000000000000000000000000000000000000000000000000000000000000000000000
0 0
0 0
0 0
0 0
0 0
0 0
-5931731734807633204069756239767047502193235638172764147422033081473384824062332497279121212097843443188610192214771567418681762715627359917882933998883167558453300417661106751342625921319984545488548107671497801181941230996233884585679099204792821176178904655375102004810799957830940236262663337017098860314489/10000000000000000000000000000000000000000000000000000000000000000000000000000000000000000000000000000000000000000000000000000000000000000000000000000000000000000000000000000000000000000000000000000000000000000000000000000000000000000000000000000000000000000000000000000000000000000000000000000000000000000000000 5289724769315320574989129750755850721174454084910519177517552389319361478124066002104306910280296133409762384485529417694986657842037613300559961835547745106957073681180704908079626188183657191481647439868716543380164294136707260866613445542131222769821713339470348157737111847104624074826267507251910714402841/10000000000000000000000000000000000000000000000000000000000000000000000000000000000000000000000000000000000000000000000000000000000000000000000000000000000000000000000000000000000000000000000000000000000000000000000000000000000000000000000000000000000000000000000000000000000000000000000000000000000000000000000
-4087271912561349483193428680395756287532168208079230911908817630142208478497971128074188818465175920895469713037674044651151277153395247933230455384336080498213671191675901414193115301398324671174252514563864227107746518399686779857950710914426241845023209261415954313558140525150267013342777802950633311088533/5000000000000000000000000000000000000000000000000000000000000000000000000000000000000000000000000000000000000000000000000000000000000000000000000000000000000000000000000000000000000000000000000000000000000000000000000000000000000000000000000000000000000000000000000000000000000000000000000000000000000000000000 -5513410996336119442983669649752302722590976047918838753630713311908483499715094417014772816345444608426635574668423034777763624909924312505410631968208757802319881556377709923554102707215036105592473110591435635311547563851627323141810021071447959548938020997696389791926944053719026100526649790875828652199809/10000000000000000000000000000000000000000000000000000000000000000000000000000000000000000000000000000000000000000000000000000000000000000000000000000000000000000000000000000000000000000000000000000000000000000000000000000000000000000000000000000000000000000000000000000000000000000000000000000000000000000000000
3403697102786426823638999281136297776980732610237887218727741615270943306119815964425547357057380602395029370948170220096583285416576020146402261687106923718780085711124436925706639057787182917216500740299728897598689228736466478725563474874826888638037788347030138737110303856759667953291899901002419726810439/10000000000000000000000000000000000000000000000000000000000000000000000000000000000000000000000000000000000000000000000000000000000000000000000000000000000000000000000000000000000000000000000000000000000000000000000000000000000000000000000000000000000000000000000000000000000000000000000000000000000000000000000 -8747303554479066166122392292464303772767750874471676763601826639096911445638742687329844528913765615518845545012747855672434829260429981701720365986004577663748688920650565725012455284982834436921098595846965973325031086811775612119420512498981417623641551006843260726792364491255226836739296235938166126779301/10000000000000000000000000000000000000000000000000000000000000000000000000000000000000000000000000000000000000000000000000000000000000000000000000000000000000000000000000000000000000000000000000000000000000000000000000000000000000000000000000000000000000000000000000000000000000000000000000000000000000000000000
715963423585001614966892284006751764597015784250615338718265014887379762407587500380651763170015442968068040828652535444805812003434662078497137176427989681078407519481240814062933231441752114520295550853532520912246763868248406420675900260437396026647068256274442653721973586472284013393551416374012267143589/1000000000000000000000000000000000000000000000000000000000000000000000000000000000000000000000000000000000000000000000000000000000000000000000000000000000000000000000000000000000000000000000000000000000000000000000000000000000000000000000000000000000000000000000000000000000000000000000000000000000000000000000 -3437059840813886846572818284179431630452788309258861082566903423889553059926350511050190383949165471146452714804404742008250896601378702046461432840726731897640596679118505570307905122504300974285060328935787869386538695191375675833124780991412669357150817009088762083637511234574989246625158630262370041575007/5000000000000000000000000000000000000000000000000000000000000000000000000000000000000000000000000000000000000000000000000000000000000000000000000000000000000000000000000000000000000000000000000000000000000000000000000000000000000000000000000000000000000000000000000000000000000000000000000000000000000000000000
2817201662067183291198935104825552989790913659524857229891323257541841532617278315361605050511549040100141629781117655287180751347378185194902153116907473619376466910301216110655264348703942377293659048696137738634199114780480729269371762796787940434489703719588028202807231058524877326930510296111290315669161/5000000000000000000000000000000000000000000000000000000000000000000000000000000000000000000000000000000000000000000000000000000000000000000000000000000000000000000000000000000000000000000000000000000000000000000000000000000000000000000000000000000000000000000000000000000000000000000000000000000000000000000000 -110280852214049346076188116544049670901705055747269673014420626470212832834359931718014167777607744080112614209583798510669393623669038823415248725344285832952465370172073313717481175842384224158216418711110769136287309350045389300072761182807351981748884067830013825796299962303531467079088136367873704243691/312500000000000000000000000000000000000000000000000000000000000000000000000000000000000000000000000000000000000000000000000000000000000000000000000000000000000000000000000000000000000000000000000000000000000000000000000000000000000000000000000000000000000000000000000000000000000000000000000000000000000000000
2677427317350732605757763595635284724619139837208686804260600963968195472269120964609006675338443494048355596690441726887222045189815365205499068169700819364492144089405370549527809545693877557128554442274679822478489799448887835251155290041402578254604203005388300214884035123128671175427235170189286711448141/10000000000000000000000000000000000000000000000000000000000000000000000000000000000000000000000000000000000000000000000000000000000000000000000000000000000000000000000000000000000000000000000000000000000000000000000000000000000000000000000000000000000000000000000000000000000000000000000000000000000000000000000 483079920645055424675878135900616870883426871114717941159486298518238925123862680577524228827463153193148352874097257632208546704762110150525781833541177105082067918924840861508989166701379621156152335485721367478518578933053029500674304686787289917509288585370798771939232038615877196288528648001838484249333/500000000000000000000000000000000000000000000000000000000000000000000000000000000000000000000000000000000000000000000000000000000000000000000000000000000000000000000000000000000000000000000000000000000000000000000000000000000000000000000000000000000000000000000000000000000000000000000000000000000000000000000

-1
-660212180133976319436085745320507847275598100626388947415889809439180908866105267715715066476020544953622943824290004684710978228589931049844423776564688395037937825323814473475443142350106470060130444524642423854946779740650686001802797555122886367435415302741408938906630473392775304616169420947826569058471/1000000000000000000000000000000000000000000000000000000000000000000000000000000000000000000000000000000000000000000000000000000000000000000000000000000000000000000000000000000000000000000000000000000000000000000000000000000000000000000000000000000000000000000000000000000000000000000000000000000000000000000000 -1877555736618846899333249985728421359208611426893650460219852164093305571081026897627938895339890465167568633276503038634930949855222134691017762046039395187205491101499218175785140221028378991385688534140700273872911206699985411237725032791883611554946356818262883447485143867935326236646569654107601525235279/5000000000000000000000000000000000000000000000000000000000000000000000000000000000000000000000000000000000000000000000000000000000000000000000000000000000000000000000000000000000000000000000000000000000000000000000000000000000000000000000000000000000000000000000000000000000000000000000000000000000000000000000
0 0

0 0

0 0

