21

0
-1.643537085830553e-01 -2.863254285745756e-01
-7.041630386609242e-02 -3.543754984673405e-02
-7.599486207475340e-01 3.898151281982225e-01
1.000000000000000e+00 0.000000000000000e+00
-7.806448156787789e-01 3.920906429859612e-02
4.605179058221245e-01 -7.949984953660189e-01
3.432328831406696e-01 -2.171510795229184e-02
1.166353307422885e+00 -5.453902950112469e-01
3.115423174626998e-01 4.034828887695606e-02
1.104140325604153e+00 1.221242132266766e+00
2.289205466497181e+00 1.296304362486949e+00
-1.382859012044539e+00 -1.723198074379118e+00

1
-1.456260406050834e-01 -2.195957596176473e-01
5.664512857077878e-02 3.057183041063762e-02
-2.855269205692656e-01 -4.638406533977610e-01
1.000000000000000e+00 0.000000000000000e+00
-9.070859904169511e-01 -1.330012937453819e-01
5.543197785462688e-01 5.124397221608469e-01
2.716167384347927e-01 5.188203384733312e-01
3.138465532458500e-01 1.616055061429906e-01
1.215001169321525e+00 1.254554109499071e+00
1.866088732311522e+00 -6.895066613736167e-01
1.378658616897572e+00 -2.570738229426448e+00
3.276678695166781e-01 1.686103395172174e+00

2
-1.412412166160893e-01 -2.466271773415356e-01
6.310843943992754e-02 3.550070923749582e-02
-2.878545007438293e-01 -2.351849944446083e-01
1.000000000000000e+00 0.000000000000000e+00
-8.261434415664155e-01 -2.527919388657018e-01
3.946808684143325e-01 4.808709120046485e-01
4.984892062705765e-02 2.847137996992200e-01
1.599972732540279e-01 3.631352888295012e-01
1.262382374489657e+00 1.548772310456477e+00
1.791138450068437e+00 -1.211253218560754e+00
1.030937145366254e+00 -3.542980613729126e+00
1.460964034354482e+00 2.497024086579605e+00

3
-4.603733246676254e-01 -6.835721397496666e-02
6.465071691182211e-02 -3.396858593650048e-02
-5.537306356908414e-01 5.095284326537857e-02
2.652423804105226e-01 -8.239300723284656e-01
-2.840737155084896e-01 6.910565231230225e-01
1.000000000000000e+00 0.000000000000000e+00
-1.490970564878221e+00 9.469249756143477e-02
8.310121405063466e-01 4.339346226206210e-01
1.159202596131973e+00 1.566738005277815e+00
9.796353054208184e-02 -3.383368673618998e-01
-6.986325791047857e-01 -2.050489333079274e+00
4.029980752770931e+00 -1.429670404676737e+00

4
-1.778039297817300e-01 2.128474607511401e-01
1.414506813322316e-02 3.039662337076232e-03
-5.578564277973681e-01 3.186689471773506e-01
-5.060744944372939e-01 -2.025838786557431e-02
1.000000000000000e+00 0.000000000000000e+00
2.404866144452955e-01 -3.945111197295118e-01
-1.857945774228664e+00 4.384274873507538e+00
1.815749057508640e-01 1.308839628951672e-01
2.840763063420642e+00 3.031605922047580e+00
2.318366632377916e+00 8.299883907180052e-01
2.611902188678661e-02 -2.670929138250519e+00
-1.443436041111073e+00 -3.724994683297568e+00

5
-0.916438766661394547969577848799e-28 -0.649180402513609051846788929537e-28
0.100000000000000000000000000000e1 0.000000000000000000000000000000e0
0.919994580785447322801197094948e-15 0.203580303394033421775046903547e-14
-0.166009119978066243509639818574e-14 0.689134335267119512534640724006e-15
0.208131803297698889146439675232e-14 -0.127276939279373900812670626083e-14
-0.160978967830882466613306458598e-14 -0.346789440703567908461738675751e-15
0.999999999999999523850848698314e0 -0.906729340503562815571870869149e-15
0.999999999999999702301479063148e0 -0.294546589854112645933115132923e-15
0.999999999999999696209353441150e0 -0.245097131545539148057676827629e-16
0.999999999999999899300875458388e0 0.280211682304533643146819751638e-15
0.999999999999999869592529413618e0 0.696606839519348500239726241445e-15
0.121017983841863955823847278456e-14 -0.616396654792452099648806571379e-15

6
1.220486024444610e-01 8.935153195407472e-02
-1.186948765684608e-01 -4.558591576350475e-03
4.821703451787563e-01 9.851045243386303e-02
-9.345492202145241e-01 2.806064030762183e-01
1.000000000000000e+00 0.000000000000000e+00
-7.621855040486497e-01 3.928878470220193e-02
7.883041910880030e-01 7.389339115754197e-01
6.188622237244626e-01 1.544197761174999e-01
1.450927411772576e+00 6.733558120363914e-01
1.566690932700788e+00 -3.981482510928110e-01
9.126470657756180e-01 -1.377472489952276e+00
-1.805912744439630e-01 7.196985114532206e-01

7
-3.830158636501562e-01 -1.333245254070779e-01
-4.519139658313419e-02 4.711189459073543e-02
-1.885518884197461e-01 2.784520719828379e-01
2.100173127679008e-01 -1.090532181280736e-01
-3.894254475587821e-01 -2.158522454690964e-01
1.000000000000000e+00 0.000000000000000e+00
1.048501137048098e+00 -8.926500092666907e-01
1.366017224264106e+00 1.087211207951805e-01
7.424489848146985e-01 -5.431700827706125e-01
9.625125760543636e-02 -6.704740734715785e-02
2.854668892556415e-01 7.736244900966528e-01
1.540976407840722e+00 -4.432401874940222e-01

8
5.086868974584893e-01 -5.507098543950670e-02
-1.100791795450294e-01 -1.026416363162003e-01
1.000000000000000e+00 0.000000000000000e+00
-4.718192523608825e-01 4.784585646437619e-01
-3.520771754888348e-01 -4.353844382468732e-01
-5.229043820810120e-01 1.097581719147920e-01
-3.395037178030268e-01 -1.833771476711927e+00
1.685364082301043e+00 1.178088812152062e-01
1.373933558295692e-01 -3.222826342789974e-01
-1.061483017306386e+00 2.772800971397790e-01
-3.546599785810680e-01 1.126029008041270e+00
4.133702922243452e+00 -2.099548683356403e+00

9
-2.526456917758447e-01 -1.046700458555832e-01
-1.419941793024451e-01 2.434681865574820e-01
-4.215236301710082e-01 -2.725874266936115e-01
1.000000000000000e+00 0.000000000000000e+00
-8.295594336807406e-01 -1.382111311177700e-01
8.134234352223875e-01 -2.517370654120610e-03
1.654568716521886e+00 -2.112575052453620e-01
1.107559919052799e+00 2.597263775879660e-01
1.297966159214047e+00 -4.371213806574468e-01
6.931400063484277e-01 -5.220396472215674e-01
2.016194343069740e-01 2.879111014921075e-02
6.789877002049873e-01 6.153999106303314e-01

10
1.693935982479868e-01 2.987690209334504e-01
1.974641312705163e-01 -9.707468880672490e-03
1.617195187194141e-01 -4.014319425554512e-01
-9.514651619706769e-01 1.944534425352013e-01
1.000000000000000e+00 0.000000000000000e+00
-3.615297888644876e-02 4.158979731123358e-01
8.162842715651260e-02 8.758334604080467e-02
1.372185745204638e+00 -8.789813626635792e-01
-6.972138518818703e-03 -1.076101604745495e-01
1.062514337719061e+00 2.085485785465230e+00
2.887845303515575e+00 2.492197825262760e+00
-2.401009629074481e+00 -3.187227128057858e+00

11
-1.124398006219624e-02 -5.249576538746346e-02
-2.423389963601106e-01 3.821649914972175e-02
-1.065011520280148e-01 1.256429994872259e-01
1.000000000000000e+00 0.000000000000000e+00
-5.836964955440197e-01 -1.587937517138425e-01
-4.827105123207189e-01 -3.557054446062524e-02
-2.382680287240546e+00 -9.399440069025630e-01
1.359173653509977e+00 -4.240058834112881e-02
6.611959387551636e-02 1.189677593791347e+00
-7.626149530035197e-01 9.027484922013435e-01
-2.071763801450389e-02 -3.832807858521431e-02
4.424436283535457e+00 -3.760635618072967e+00

12
4.246918930399416e-01 -2.101919912228121e-01
1.032432826616289e-01 3.272607884540233e-01
-7.487943368983894e-01 -9.790779244532272e-02
-1.316069203322809e-01 1.880521058162015e-01
-4.172122480586807e-01 -2.928069100343409e-01
1.000000000000000e+00 0.000000000000000e+00
4.435154647117499e-01 8.954265204516429e-02
1.044149359518097e+00 -1.692296939478266e-02
9.575278790170443e-01 2.448399947630003e-01
7.981450257447379e-01 2.218322604316591e-01
8.157590203486581e-01 2.181602381884518e-02
4.428468326575268e-01 -8.123347569974275e-01

13
-8.982282909686945e-04 4.841900305660599e-01
-8.672101439378095e-02 -1.661800631031718e-01
-3.003155251142450e-02 5.522482743124185e-01
-8.831013749749133e-01 -1.544492227621740e-01
1.000000000000000e+00 0.000000000000000e+00
-1.987618229508647e-01 -6.979633555438107e-01
-1.890848623406886e+00 -6.946624136159643e-01
1.145132227796159e+00 3.049391945482889e-01
6.127698476763703e-01 1.280995917560373e+00
-5.770430881975092e-01 6.276498800014374e-02
-7.022184884806402e-01 -1.130427878031469e+00
4.921811453305287e+00 -2.389806087800507e+00

14
-3.016980094020403e-01 -2.131563512119553e-01
-1.000111901518345e-01 6.657441279448567e-02
-6.280586910438329e-01 -1.588666596130082e-01
1.000000000000000e+00 0.000000000000000e+00
-3.401730113332849e-01 8.363664388606830e-02
2.403225766899481e-01 -1.026494006547505e-01
4.822027253561021e-01 -1.758593070817864e+00
1.066285225952285e+00 1.357080235373190e-01
1.915925794877620e-01 -2.894450267299460e-02
2.118049771943586e-01 -5.672933004532862e-01
8.646578370450030e-01 -6.064581741496280e-01
2.798646214678436e+00 1.120967823813242e+00

15
-0.774613274441989235295067457543e-28 0.498153034265228737113281674245e-28
0.100000000000000000000000000000e1 0.000000000000000000000000000000e0
-0.117610356184555660498977878326e-14 0.128310632477472498994306867070e-14
0.248204861276861223771645735346e-14 -0.163441636187067182196648862327e-14
-0.246917268020500054601158381413e-14 -0.957308507628347110457214602561e-15
0.935998882071860603544038992007e-15 -0.334424767458372271877571873371e-15
0.100000000000000038945648827896e1 -0.634268363685079556596952670436e-15
0.999999999999999365719848327766e0 -0.107603501475982196718233686209e-15
0.100000000000000017720592116825e1 -0.918653307401721188369049219394e-16
0.100000000000000055134536681869e1 -0.499203147192082080417964123158e-15
0.999999999999999879648156606671e0 -0.353809323141460517539668109588e-15
0.682090691198619350570610649486e-15 0.128239260342760587467276352853e-14

16
-5.672226400789990e-01 -1.409024303619996e-01
-1.327688416755289e-01 -1.810177218798359e-01
-8.458774568439934e-01 -3.718697360865776e-01
1.000000000000000e+00 0.000000000000000e+00
-4.731816458439809e-01 4.929587908407923e-01
6.789176577202249e-01 -2.803984829185072e-01
-3.812824974800051e+00 -1.009668626497675e+00
1.231961590993143e+00 -1.205047593944095e-01
-2.825701599148942e-01 2.042865040493056e+00
-9.080292204933593e-01 1.184678093964390e+00
1.368806863860932e-01 -7.572797260605579e-01
5.510767162346832e+00 -4.603480380330526e+00

17
-1.331130555297562e-01 -2.788348783627972e-01
-1.270125450053494e-01 1.104040169237796e-01
-2.073367083415963e-01 -2.530179124819494e-01
1.000000000000000e+00 0.000000000000000e+00
-6.220298057074675e-01 6.961740721407397e-02
-1.759731807945237e-01 2.786799976276615e-01
-1.506451095185978e+00 -1.482698285299889e+00
1.517176190832400e+00 1.661912602740917e-01
1.767750818934391e-01 5.254699048796776e-01
-1.104469764502877e+00 3.732749795991642e-01
-5.925431679539529e-01 2.312905964805196e-01
5.031112121597213e+00 -2.845985300660304e+00

18
2.143203477892220e-01 -3.176017610301229e-03
-3.323110090927449e-01 -2.921024070205491e-02
2.573987925454168e-01 3.813661905062933e-01
1.000000000000000e+00 0.000000000000000e+00
-7.227752371253600e-01 -3.380826572739293e-01
-9.655166838804328e-01 -1.672332297088329e-01
-1.852942973822435e+00 -1.831907423365470e-01
1.256055994627578e+00 -5.474784358056622e-02
4.946415266092620e-01 1.137984956714460e+00
-2.568917071466862e-01 9.244613825023246e-01
9.686928015987419e-02 -3.023039667204765e-03
3.035766738756933e+00 -3.611735125604232e+00

19
9.562205891416917e-03 2.560507311490619e-01
2.503724789006646e-03 4.159348787327649e-04
-1.319916414601498e-01 4.127454651478032e-01
-6.815496195429912e-01 -7.551149884003777e-02
1.000000000000000e+00 0.000000000000000e+00
-3.027237411764382e-01 -4.117339574081046e-01
1.022883778954753e+01 1.761868951834057e+00
2.526264669794009e-01 2.161427294899390e-02
3.074371443844204e+00 -3.639434090618405e+00
5.348730005944716e+00 -2.297102839184165e+00
3.914448595687567e+00 8.218789260301185e-01
-1.149518351019084e+01 1.005200116742517e+01

20
-2.369557625373954e-01 3.623107148207459e-02
1.138393015356398e-01 1.323548383103346e-01
-6.866069992023113e-02 2.684098762689553e-01
-3.056822444875648e-01 -4.242928240905540e-01
-2.532433545521111e-01 6.231440143459827e-02
1.000000000000000e+00 0.000000000000000e+00
-3.230258594880498e-01 -1.149395763113931e+00
1.127223168124362e+00 7.837491316149725e-02
3.385169104747809e-01 3.893735268680925e-01
6.300109362471250e-02 -5.196184453708030e-02
5.612377270263003e-01 -4.119364718878314e-01
2.847560977856524e+00 -5.523822193344541e-01

