2                                                

-0.774613274441989235295067457543e-28 0.498153034265228737113281674245e-28
0.100000000000000000000000000000e1 0.000000000000000000000000000000e0
-0.117610356184555660498977878326e-14 0.128310632477472498994306867070e-14
0.248204861276861223771645735346e-14 -0.163441636187067182196648862327e-14
-0.246917268020500054601158381413e-14 -0.957308507628347110457214602561e-15
0.935998882071860603544038992007e-15 -0.334424767458372271877571873371e-15
0.100000000000000038945648827896e1 -0.634268363685079556596952670436e-15
0.999999999999999365719848327766e0 -0.107603501475982196718233686209e-15
0.100000000000000017720592116825e1 -0.918653307401721188369049219394e-16
0.100000000000000055134536681869e1 -0.499203147192082080417964123158e-15
0.999999999999999879648156606671e0 -0.353809323141460517539668109588e-15
0.682090691198619350570610649486e-15 0.128239260342760587467276352853e-14

-0.916438766661394547969577848799e-28 -0.649180402513609051846788929537e-28
0.100000000000000000000000000000e1 0.000000000000000000000000000000e0
0.919994580785447322801197094948e-15 0.203580303394033421775046903547e-14
-0.166009119978066243509639818574e-14 0.689134335267119512534640724006e-15
0.208131803297698889146439675232e-14 -0.127276939279373900812670626083e-14
-0.160978967830882466613306458598e-14 -0.346789440703567908461738675751e-15
0.999999999999999523850848698314e0 -0.906729340503562815571870869149e-15
0.999999999999999702301479063148e0 -0.294546589854112645933115132923e-15
0.999999999999999696209353441150e0 -0.245097131545539148057676827629e-16
0.999999999999999899300875458388e0 0.280211682304533643146819751638e-15
0.999999999999999869592529413618e0 0.696606839519348500239726241445e-15
0.121017983841863955823847278456e-14 -0.616396654792452099648806571379e-15

