21                                               

6.354813174537569e-02 -4.607968737121604e-01
-2.506156671505174e-02 1.633393362168704e-02
-7.076770320884446e-01 1.782649033290559e-01
1.000000000000000e+00 0.000000000000000e+00
-7.459734343667606e-01 9.847181798725263e-02
4.593729005541343e-01 -6.365186299020387e-01
5.876764506131315e-01 1.099204209826099e-02
1.049488965296392e+00 6.960017273451516e-01
9.081682685327400e-02 3.358915221539877e-01
-1.615281201355640e+00 1.663220374501787e+00
-4.018410959936892e-01 2.529935162699221e+00
-1.765979834090567e+00 -4.731836408329987e+00

-1.475649431793549e-01 2.380270586574654e-01
1.487424843931697e-02 6.787572342978282e-02
1.000000000000000e+00 0.000000000000000e+00
-4.226122354964136e-01 2.093388363376964e-01
-1.875788548760091e-02 -2.154053265708857e-02
-8.708871418732641e-01 2.158362215199344e-02
-3.818529746295584e-01 5.157267173485776e-01
-1.898629682773592e-01 3.333079039923795e-02
-7.753569769185000e-01 2.179581724174138e+00
9.766767138429400e-01 1.805209530145520e+00
3.533098721542120e+00 -4.072967506531748e-01
-4.963520695913786e+00 -1.705498378148094e+00

9.328588906995075e-02 -3.332072476660946e-01
-3.432057950529088e-02 -1.633650874511212e-02
-6.040794210004321e-01 -2.637576711819465e-01
3.277093778806577e-01 -7.602199632709387e-01
-4.137857425974580e-01 7.927471998976849e-01
1.000000000000000e+00 0.000000000000000e+00
-2.390098920798844e-01 -4.984882962210214e-01
-4.026489262339669e-01 3.942886343544347e-01
-9.081963311602952e-01 2.275159497362480e+00
7.703753596493861e-01 6.442136330508863e-01
3.108178655509820e+00 -1.925001855643205e+00
-2.859061989951421e+00 6.068782773689666e-01

2.148413719721091e-01 -2.335472132813668e-01
-2.916068319742106e-02 -8.672662322759574e-03
-1.617688659246226e-02 -2.664200818282789e-01
3.426780637386660e-01 -2.730222761518161e-01
-6.859178107812299e-01 2.818632612398490e-01
1.000000000000000e+00 0.000000000000000e+00
-2.003885809572322e-01 -1.158169837585788e+00
-1.904407096478232e-01 7.191031015444286e-01
-8.325461514537201e-01 1.985518806138865e+00
-6.021088954403088e-02 1.245503549221644e-01
1.907028022177544e+00 -1.973965303728345e+00
-7.841998108766430e-01 7.180201442322189e-01

-0.201849274336842734854e0 -0.182187054578749267649e-1
-0.224699207662117300623e-1 -0.139891807933690537658e-1
-0.640968450653253103710e0 0.541311711139364015917e0
-0.538258350294142371155e0 -0.897739484645839172419e-1
0.100000000000000000000e1 0.000000000000000000000e0
0.238301413741216660603e0 -0.617588108929496793387e0
-0.199067628187513673082e1 -0.270511809773301300423e0
-0.224242084118145150048e-1 0.140302492349971871514e0
-0.125026815983606243805e1 0.272636568525834310978e1
-0.646340817295577315014e-1 0.191814056797456040655e1
0.275287037980739866458e1 -0.743534186316992985993e0
-0.202574362679660993918e1 -0.303452833592805027601e1

-3.790278240486400e-01 1.971002268992538e-01
1.195250441491473e-02 -2.159803757030315e-01
-8.224352466366644e-02 5.402760645881439e-01
-5.233652255327730e-01 -2.458962284507354e-01
1.000000000000000e+00 0.000000000000000e+00
-7.102178693350525e-01 -1.788194933980762e-01
2.554128965726375e+00 9.427274878152347e-01
3.727328401194694e-01 1.041637502106667e+00
1.104620119385706e+00 2.900563404422878e-01
-7.004041233763345e-02 2.192871811422784e-01
-1.125838466124095e-01 5.822404021678458e-01
-3.793891895273816e+00 -7.810974418981700e-01

-2.079237794096133e-01 2.772595371954996e-01
4.949728913725245e-02 1.027877622094169e-02
1.231264245573545e-01 1.359197354198174e-01
-7.775657413037680e-01 2.773551774692229e-02
1.000000000000000e+00 0.000000000000000e+00
-4.414723458758342e-01 -2.132939270889062e-03
9.073978401462957e-01 1.015106229140302e+00
3.819835122498591e-01 4.616679144007965e-01
2.565908379942414e-01 1.022841131606091e+00
5.839610613183688e-02 1.571968369443979e+00
1.303390356428894e+00 1.160219069522396e+00
-4.538454034324519e+00 -2.936341010724031e+00

-2.668489343472235e-01 2.417116893349456e-01
1.575359640340482e-01 -1.405476547811317e-01
-1.631524298915956e-01 4.773826993116863e-01
-5.905057773869853e-01 -4.024471511454641e-01
1.000000000000000e+00 0.000000000000000e+00
-3.808961282108839e-01 1.418340195963431e-01
2.006478406260408e+00 4.474197183344950e-01
4.598174215750146e-01 9.432584582287959e-01
6.792813319040211e-01 3.842679589633774e-01
-3.799859123475316e-01 4.466630595205702e-01
6.654338526106196e-02 7.499767452682455e-01
-3.096326078914769e+00 -1.236484097578279e+00

2.986663105033268e-01 1.090142048963274e-01
7.115499042905780e-02 -3.030386682189111e-01
-4.992715262997860e-01 4.344890567451958e-01
-1.314961419964233e-01 -1.957363532483131e-01
3.743725061087853e-01 -8.974316118404857e-01
1.000000000000000e+00 0.000000000000000e+00
1.740203588642749e+00 -1.435809752411387e+00
6.942317468096154e-01 1.045451908058300e+00
-1.634300849345999e-01 1.195393313346943e-02
-1.364609455577958e+00 2.318417967329597e-02
-1.643770379020830e-01 7.854900362395982e-01
-4.293170472869592e-01 -4.565922270083534e-01

4.188810392014893e-01 -2.940116775554175e-01
1.427363412404164e-01 1.594120715516940e-01
-6.168113060803840e-01 -5.213317069333624e-01
1.000000000000000e+00 0.000000000000000e+00
-7.659989992399119e-01 2.646891464560315e-01
7.135143382007715e-01 5.752861936032634e-02
3.247259736587100e+00 2.189898612615402e+00
1.475412198231942e-01 1.100792882616083e+00
1.865070596837037e+00 3.751045599488589e-01
7.171709273540313e-01 1.024480560765745e-01
-1.158251368747662e-01 2.678548112592464e-01
-5.625877676795293e+00 -4.187768380036414e-01

-0.102393531924345805836e0 0.401265187333390570257e0
0.102228851137375753572e0 -0.157137987408221666886e0
0.894913866806547819509e-1 -0.111986139089273548242e0
-0.915495701465737203410e0 0.747302025443303730070e-1
0.100000000000000000000e1 0.000000000000000000000e0
-0.875572495527082740247e-1 0.184815567486144352463e0
0.857927994316482439130e-1 0.413105355637382393584e-1
0.161538262396883893857e1 0.527263691693942594901e0
-0.456216162114924016261e-1 -0.757222019865603234814e-1
-0.252119913955752207764e1 0.266492433176312096743e1
-0.100281443843381390391e1 0.448506018165369919589e1
-0.150587483315006306233e1 -0.766312568804271171050e1

-1.626555774988541e-01 -9.300943784124524e-02
-6.556083551484901e-02 2.556236890774543e-01
-6.119640782771274e-02 1.534040517827543e-01
1.000000000000000e+00 0.000000000000000e+00
-5.243359535833568e-01 1.038449029542909e-01
-5.566018529807204e-01 -2.468734817403019e-01
3.874442270631179e-01 -1.492732655507178e+00
6.019826748892155e-01 1.007437945966314e+00
-4.425839887617352e-01 7.953619620989679e-01
-1.585238790412145e+00 2.627216206973758e-01
-1.822524240803745e-01 1.329335461264454e-01
7.574517688798470e-01 -1.346795899227751e+00

3.356350841633801e-01 1.755424876812307e-02
-1.037872722041574e-01 -2.279183987240800e-01
-2.279924419243751e-01 -2.209746439016684e-01
-1.883422721409423e-01 6.006708108762633e-01
9.519795639018569e-02 -7.103803733654130e-01
1.000000000000000e+00 0.000000000000000e+00
1.343652127786263e+00 -4.918105034155040e-01
3.643944890255155e-01 1.079811224856069e+00
2.408392236126128e-01 7.275692492903796e-01
-7.662260712525929e-01 -1.933778231585959e-02
-6.779516446214923e-02 -2.224653575044535e-01
-1.061619118293416e+00 -4.250930703762852e-01

-3.699599612201560e-01 -5.089131644905459e-03
-2.038079363667161e-01 1.354019104272542e-01
-3.807836959399248e-01 4.159335764869543e-01
-3.533826834609026e-01 -1.729454442691620e-01
1.000000000000000e+00 0.000000000000000e+00
-2.340493317185581e-01 -8.383117492604630e-01
5.415307639994484e-01 -1.737908016595720e+00
1.560018279274457e-01 1.151165927121232e+00
-4.701984527111429e-01 1.214810127316196e+00
-1.002283885473823e+00 -5.584594571943000e-01
2.675594413859769e-01 -1.553326446815909e+00
1.049676954548534e+00 9.649325841446442e-01

-1.579641602237662e-02 -2.999728179106863e-01
-2.475520821295793e-02 1.263627564388070e-01
-5.785272735630662e-01 -1.338103278488772e-01
1.000000000000000e+00 0.000000000000000e+00
-2.490012971647881e-01 1.470673281482234e-01
-1.475696075259566e-01 -3.497732257236332e-01
2.656341434805865e+00 -1.112082685764348e+00
2.155929319593673e-01 1.113421148610867e+00
1.153359812696657e-01 1.421959106672579e-01
-2.970689132651615e-01 -7.014607296048485e-01
5.915534430464240e-01 -5.017378156124342e-01
-1.778743015490613e+00 2.077956623636521e+00

3.886315730850691e-01 -2.035567873425150e-01
1.701789184113830e-01 -9.797083119937815e-03
-4.667291809805398e-01 -1.440988478250097e-01
1.000000000000000e+00 0.000000000000000e+00
-7.469852769577963e-01 -1.704263959594052e-01
4.136678469165168e-01 1.657987170564874e-01
2.572093567435289e+00 2.547337733223892e+00
3.928317546707599e-02 8.628945904345691e-01
1.663830126767529e+00 8.482336570786130e-01
1.027289749061230e+00 6.353153664378798e-01
5.648018306852132e-01 2.262716928192079e-01
-6.335851649777477e+00 -1.180203373480138e+00

-1.606110104244219e-01 -3.421649348702355e-01
-1.945452126331147e-01 1.104383998558180e-01
-7.243814365769337e-01 -1.705367579485531e-01
1.000000000000000e+00 0.000000000000000e+00
-3.740177742945082e-01 5.785862580999490e-01
4.143037971322395e-01 -3.243366485682539e-01
-1.914774474390334e-01 -2.396908917156491e+00
4.670684568880096e-01 8.318531546822275e-01
-1.212411231695016e+00 1.084969588440337e+00
-1.540345318172976e+00 2.671041277268691e-01
7.560540524651267e-01 -3.743608013175494e-01
1.382005826605857e+00 -5.877630629607598e-01

-1.602149974767845e-01 -1.473693888994466e-01
-6.027998731767715e-02 2.623944713219669e-01
7.213177297268379e-02 1.891277248228081e-02
1.000000000000000e+00 0.000000000000000e+00
-6.597391041012338e-01 2.767892745274949e-01
-6.730256812281284e-01 -1.783413964638559e-01
7.510034773091312e-01 -1.198870973727482e+00
6.317609252673018e-01 1.059742845613183e+00
-1.759761616397591e-01 6.262332501162584e-01
-1.519102730478182e+00 2.164336091469268e-01
-4.053682017112664e-01 3.151438414654151e-01
3.471222247477025e-01 -1.373518100586916e+00

1.706768026346093e-01 -1.230639159158351e-01
6.339718597403297e-02 -1.878246339296910e-01
-6.249414605653262e-01 -1.579178669417400e-01
-2.461135882899990e-01 2.985696139396651e-02
1.775082943833385e-01 -4.030660377847650e-02
1.000000000000000e+00 0.000000000000000e+00
6.565417290535498e-01 -3.905357968446935e-02
4.430113996342655e-01 1.008333029994677e+00
3.113828023399292e-01 1.040651248138947e+00
-9.279626460072975e-01 4.664014546891280e-01
-2.819368557505120e-01 5.253348298443789e-02
-1.025156137489436e+00 -1.911420439139075e+00

-0.252500598051933011339e0 0.968465354189723428267e-1
-0.235895237886651948615e-2 -0.237330864051591915567e-2
-0.116991851156458854326e0 0.438328609596986399152e0
-0.691361543319197733779e0 -0.979381368808396535945e-1
0.100000000000000000000e1 0.000000000000000000000e0
-0.315278000529561785759e0 -0.418970246373340025176e0
0.226288454491178807489e1 0.991598118884373105029e1
0.661450701531758792785e-1 0.256129644662534162959e0
0.472025109259212665314e1 0.188933503553442399799e1
0.312521346327317415680e1 0.393476860317926027070e1
0.122051039807212687591e0 0.304693557103676237454e1
-0.154708284381315318758e2 -0.949920692466410675290e1

3.316324221384197e-01 -2.492100147515774e-01
1.148286913656667e-01 7.927745670491322e-03
6.255917089266473e-02 -2.628123378858524e-01
2.522036453234879e-01 6.082740587015725e-02
-9.257247824121002e-01 -1.098626181085133e-02
1.000000000000000e+00 0.000000000000000e+00
2.192452602996505e+00 2.435969232330583e-01
2.702212016068712e-01 9.738700185524329e-01
5.987405469605395e-01 4.809533574378264e-01
-8.525590611838868e-02 9.276929065499107e-02
4.137693843235846e-01 1.007019875548228e-01
-3.121559254405286e+00 -6.375071999018411e-02

