0
52
-2.347538584520664e-01 -8.131672642210429e-01
-5.687781812731785e-01 -1.859523610276406e+00
2.228252637210597e-01 1.186053288438952e-02
-9.788606437493111e-01 -1.985191626598827e+00
2.393918396847994e-16
2.590880628817646e+01
6.583722925320526e-16
3.906250000000000e-04
2.052922157838250e-14
0.000000000000000e+00
1
0
0
0 0
0 0
0 0
1 0
1
52
1.231913639251146e-01 -1.141151894611849e+00
-1.542354392751750e-01 -1.057924381178039e+00
5.156787936915874e-01 3.490470047361588e-01
-2.453473241812179e-01 -1.990526199824976e+00
2.382136021558111e-16
5.741865716987729e+01
8.259594086135293e-16
3.906250000000000e-04
2.323035562097990e-14
0.000000000000000e+00
1
0
0
0 0
0 0
0 0
1 0
2
52
5.562948064595666e-01 -1.918115657385046e+00
1.029348594976325e+00 9.668823319935918e-02
1.219569461689360e+00 7.663325344453047e-01
1.027088927906411e+00 -2.423229717919568e+00
6.407872222066844e-16
5.336960125577658e+01
2.000844952687963e-15
3.906250000000000e-04
4.076034045413500e-13
0.000000000000000e+00
1
0
0
0 0
0 0
0 0
1 0
3
52
1.333115656915865e-01 -8.868341937045545e-01
-6.154515629242306e-01 -1.163342457686104e+00
2.815636421191674e-01 3.521314434892583e-01
-4.915242121681015e-01 -1.695092172962957e+00
1.649356252132016e-16
5.936588857540385e+01
3.596261738283831e-16
3.906250000000000e-04
1.765394254325419e-14
0.000000000000000e+00
1
0
0
0 0
0 0
0 0
1 0
