0
3.533846544810897e-01 3.237109570093638e-01
-4.736460392361040e-01 -1.210858631130534e-01
6.306666842997004e-01 -2.003133472482636e-01
-7.757239206283313e-01 2.363304558884172e+00
-1.970230748128065e+00 -2.309433041552773e+00
1.812732985393186e+00 6.807266609374651e-01
-3.721805308844247e-01 -3.645722835391358e+00
7.800525731720450e-01 2.588771136754489e+00
4.030966176447995e-01 2.677691608263159e-01
2.844921763270830e-01 4.401299848511824e-01
4.108210611695688e-01 2.099740025169622e-01
2.775915863011452e-01 1.590039701925703e-01
5.619578557277652e-02 2.809998765409553e-01
2.478862938958827e-01 2.841850894195672e-02

1
1.575657024955242e-01 4.573579438101339e-01
5.062417998575060e-02 -1.568005703215870e-02
-4.123868096616038e-01 -8.348627032862437e-02
-6.230997125048645e-01 -3.701952614991268e-01
6.013489542340764e-01 -1.367264554248729e-01
3.636194269324634e-01 1.499899864957049e-01
1.118631030790890e+00 -2.107691231728425e-02
-1.050875107354770e+00 3.646896832928781e-01
1.967437677309209e-01 3.418430996017300e-01
6.124543931086582e-02 4.331738702401634e-01
1.100059152920573e-01 3.460981830325345e-01
2.065690402601373e-01 4.342171272529334e-01
1.971057723501737e-01 4.798480263574237e-01
-3.952195126006659e-02 4.302813631727396e-02

2
-2.256079981961774e-01 1.350709947873037e-01
1.523848297316469e-01 1.120166893916768e-01
-7.234116077835476e-02 2.528550474878163e-02
7.729434677937301e-01 5.558514798790358e-02
-7.536624539840000e-01 6.810653176949297e-01
5.895060679730191e-01 -3.666926143248183e-01
-9.043647327454184e-01 1.811596288020340e-01
1.081365814405714e-01 -1.945241873883321e-01
-7.125263723093460e-02 -3.574321889498729e-02
-5.154814970903571e-02 -2.484836062012802e-02
-3.379087857691001e-01 -1.883344582536351e-01
-3.935781683791509e-01 4.462534398725412e-01
-1.272124722432142e-01 8.795165682335780e-01
-2.326619152924164e-01 -5.332310793905084e-01

