2                                                

0.246362294791944829568409549434e-28 0.205985809425805396779882209055e-28
0.100000000000000000000000000000e1 0.000000000000000000000000000000e0
-0.160493970646305023693990386745e-14 -0.280381529324973071035370347723e-14
0.720526103638485495662710696551e-14 0.928087121957823353796033973440e-15
-0.486961396209472931840319480365e-14 -0.601631034913952606929216172787e-15
0.435859837594036587129408287711e-14 0.500055422113549693446495933568e-14
-0.346027412052856101433815368893e-14 -0.369391707773698002181313385072e-14
0.100000000000000012411535984717e1 -0.124136567515437128726241043761e-15
0.999999999999999275829796859037e0 -0.528685518533812408975354726264e-16
0.100000000000000022596055739623e1 0.397548130206619890509900524316e-15
0.100000000000000083721089904706e1 -0.382200584926517282641234955387e-15
0.100000000000000019291256224043e1 -0.784205435225622314909167057442e-15
0.294393509921711470792436580460e-15 0.116461672390187875959831756193e-14

-1.437780374528712e-01 1.563062934402970e-01
2.816465459932779e-02 -2.923240936137181e-02
-7.126731059707638e-01 -2.560429718548417e-01
2.846194293807552e-01 -7.644215103363773e-01
8.038568173183069e-02 7.455035205583359e-01
1.000000000000000e+00 0.000000000000000e+00
-4.522254026057272e-01 -2.005956703358168e-02
3.795350014484795e-01 4.024182468384133e-01
2.509562073234559e-01 1.252535149464945e-02
9.893823133810729e-01 1.225341577899209e+00
2.136873517211464e+00 -5.660363528997230e-01
2.026285152107178e+00 -2.499487789387517e+00
-3.234660843448551e-01 2.037464570854958e+00

