14
0
0
96
0.153250109929541119142167484936e0 0.399390465791574046252172794956e0
-0.396808108197450105648140472622e-28 0.323576970465486483344570474314e-29
-0.883333249563970580666539808051e0 0.869905078744693216477125584871e0
0.385674976972423333864222839202e-14 0.108055807243221720302664183528e-14
-0.717199434613515241509106786901e-14 0.544808295591495992864971658170e-14
0.482485381806129232476669996698e-14 -0.370466122004319663973042392239e-14
-0.820010238046763058876040565348e-14 -0.625588946337552503571151511732e-15
0.626993240965375886248948169727e-14 0.252849744600630754267097147171e-15
0.153250109929541187741821547214e0 0.399390465791574076798721558185e0
0.153250109929541029278199796332e0 0.399390465791573748923386666762e0
0.153250109929540994993714847856e0 0.399390465791574197422959720409e0
0.153250109929541400092099437720e0 0.399390465791574322053942076023e0
0.153250109929541461910212906116e0 0.399390465791574003120041729538e0
-0.420020978069782607595245305162e-15 0.296055602017393677875397512279e-15
1.80763257105210e-16
8.304805991500570e+17
4.30670960500398e-19
9.31322574615479e-11
4.64363892001367e-17
9.536743164062501e-08
1
1
1
64
0.153250109929643191882e0 0.399390465791390568022e0
-0.942768519893338376658e-19 -0.479500333309862148459e-20
-0.883333249561034420619e0 0.869905078750356835430e0
-0.344978059222745655636e-11 -0.374683401241980144043e-11
0.623305099260415002561e-11 -0.208472880581714468669e-11
-0.280293448522492920684e-11 0.474464607144504484343e-11
0.760067478638591908412e-11 0.332828590077237889120e-11
-0.663644532493655083145e-11 -0.278805097079058870922e-11
0.153250109929733548708e0 0.399390465791418797909e0
0.153250109929705537843e0 0.399390465791462927322e0
0.153250109929764562013e0 0.399390465791291723505e0
0.153250109929494915512e0 0.399390465791325146070e0
0.153250109929313719037e0 0.399390465791493598697e0
0.226524412045862748785e-12 -0.134231610601706974974e-12
1.54802354294711e-16
5.942546281382640e+14
4.03912689912550e-12
2.38418579101563e-8
6.10590816759555e-12
9.536743164062501e-08
1
1
2
52
-2.190738758734751e-01 1.581544693753781e-01
2.935072768732515e-01 1.721519803117361e-01
-5.532409905174806e-02 -3.419285131280217e-02
-1.593252327351609e-01 1.202791667091522e+00
-1.293513523592211e+00 -1.865293711309188e-01
1.140142456685695e+00 -3.786240380192394e-01
-3.390283877239076e-01 -1.565915455214776e+00
1.219056630904123e-01 7.149475098508675e-01
-1.467904480926626e-01 -2.813416829363238e-02
-5.695888933223325e-02 3.694586850708807e-02
-4.105410651692947e-01 -1.119650939571318e-01
-3.786119846268705e-01 4.619598749519055e-01
-4.860097685617398e-02 8.680385307542657e-01
-2.513711592636545e-01 -4.975128674225741e-01
9.829745943304315e-16
5.548881062656159e+03
3.694868331082321e-14
2.441406250000000e-05
5.546761341517317e-14
0.000000000000000e+00
1
1
-1

2 0
2 14
0 0
-134741679961663884908652598821734343418238645214577730280754237011015544949543578936129182411984951291709218192564016019377479248564972613236879659463048734722146831652245311235907281735793449282814588049436198192122612139166663053967819171966825166923554438852231196341859537074630734171336761129507018683481/200000000000000000000000000000000000000000000000000000000000000000000000000000000000000000000000000000000000000000000000000000000000000000000000000000000000000000000000000000000000000000000000000000000000000000000000000000000000000000000000000000000000000000000000000000000000000000000000000000000000000000000 3688829749003903356981989761983805300717987279706847892886168300759152721675717345632435045790068555784110173323644475981495872447763190589074219245064513226553928754125485390631355625576803018750962300641818192877897101840328095996202058161567275156823955964346404461835920790705307276546114131008460074831187/5000000000000000000000000000000000000000000000000000000000000000000000000000000000000000000000000000000000000000000000000000000000000000000000000000000000000000000000000000000000000000000000000000000000000000000000000000000000000000000000000000000000000000000000000000000000000000000000000000000000000000000000
-5747079242787802086190577409639342407242268099993626632132612662359355666779341449430219281505440555221959954523548384900929471639282612375071559737951575042628697194071293379528526861957401692808249872945204330124251895150507909630424900025510426313482970601637351074998747504773161819988124850247357639296177/10000000000000000000000000000000000000000000000000000000000000000000000000000000000000000000000000000000000000000000000000000000000000000000000000000000000000000000000000000000000000000000000000000000000000000000000000000000000000000000000000000000000000000000000000000000000000000000000000000000000000000000000 -2829856921901873538315641380027730953591945123887263063584986587666913925126891547251986103549968327905219848786806127344216765385319617955683880798233592723378051867048889485253738692735850304525593291622482173801541121139488223047083097818112694033956198008113551849514796065346108258107741812958478829410819/5000000000000000000000000000000000000000000000000000000000000000000000000000000000000000000000000000000000000000000000000000000000000000000000000000000000000000000000000000000000000000000000000000000000000000000000000000000000000000000000000000000000000000000000000000000000000000000000000000000000000000000000
-23150400018164080701723279205346051362819319650262565493205712088826982790711505679456078199432277170335994126298751005730074972625941374054895610880866486493553843971454652276640563761344261493747739644839967650097774415659648990620601002606845715592857123714387789612891553915574078101272713660181384138173/80000000000000000000000000000000000000000000000000000000000000000000000000000000000000000000000000000000000000000000000000000000000000000000000000000000000000000000000000000000000000000000000000000000000000000000000000000000000000000000000000000000000000000000000000000000000000000000000000000000000000000000 2186913484424673919987456466993761426660850739062313302953153786466533966167894831245359822123618192195354977503384835462763509619258371753175146421568467826603465664090637655777365959436147793212380166496501340783201984550544739358933942036803559975212998199616610508032496568218195422651190271391113063432781/2500000000000000000000000000000000000000000000000000000000000000000000000000000000000000000000000000000000000000000000000000000000000000000000000000000000000000000000000000000000000000000000000000000000000000000000000000000000000000000000000000000000000000000000000000000000000000000000000000000000000000000000
-3267242629946611411769074185204940612364039086823596505603544992270336690292707638312629561508452942579941540126605501826036774711465517223489505584071169961137359762075430249532560630465210978320436013890760381894329062297152155732086717094413970964302696387262985500170000941882652488242895389008909784928421/10000000000000000000000000000000000000000000000000000000000000000000000000000000000000000000000000000000000000000000000000000000000000000000000000000000000000000000000000000000000000000000000000000000000000000000000000000000000000000000000000000000000000000000000000000000000000000000000000000000000000000000000 -1855092175044656615984572884870984360574320170714734624944147017125842044949592839197363304285296713826249497017049649051585129941963402765497262090133507057225630993899092998176779188147196563815476719854994429527395089855731149103361610293236000494499208522685158332560367342827264049965111866848900084618389/2000000000000000000000000000000000000000000000000000000000000000000000000000000000000000000000000000000000000000000000000000000000000000000000000000000000000000000000000000000000000000000000000000000000000000000000000000000000000000000000000000000000000000000000000000000000000000000000000000000000000000000000
560823837586388311691766790344414706981385597751429429817382381856471583706409702486966513989390398643428335868413136219782071048380065440500772989513908068780730373744387793463087508070643673098393494583299115793231452863619676454207227504425150592116713966718042741694690097814143439719446213667691464704757/625000000000000000000000000000000000000000000000000000000000000000000000000000000000000000000000000000000000000000000000000000000000000000000000000000000000000000000000000000000000000000000000000000000000000000000000000000000000000000000000000000000000000000000000000000000000000000000000000000000000000000000 -4776577506108759394464745678798865132554913767456030774099242558863184505717437539110338833287893581697137586838130527135509092029299050157846664253707146720072988575486444747927779427099393574955874521599914763447722730278262104943061703997873610327259478157597066785226448007768010154619643630391449007106453/10000000000000000000000000000000000000000000000000000000000000000000000000000000000000000000000000000000000000000000000000000000000000000000000000000000000000000000000000000000000000000000000000000000000000000000000000000000000000000000000000000000000000000000000000000000000000000000000000000000000000000000000
-2133698641249023576394508064881299182858508531969898534867136867537292038613004380890065447854682542104608837339056211382775847035942140461859450894746043920883940407044543398751882687808055966084290322014176016154520295303404652962876973659549016416575841641974978571837415767400822485732120623303504704086239/5000000000000000000000000000000000000000000000000000000000000000000000000000000000000000000000000000000000000000000000000000000000000000000000000000000000000000000000000000000000000000000000000000000000000000000000000000000000000000000000000000000000000000000000000000000000000000000000000000000000000000000000 432519716015356300761236005048572106553144610029782922701431927135241549464229179086814001501715789670728956148800489124482542487696529376148004827901525882973481316641442830391896003909753419313458195090260611058093528230269770361226304213417802135808247131782400676921858321503080386577001906233048855429329/625000000000000000000000000000000000000000000000000000000000000000000000000000000000000000000000000000000000000000000000000000000000000000000000000000000000000000000000000000000000000000000000000000000000000000000000000000000000000000000000000000000000000000000000000000000000000000000000000000000000000000000
-6448084267593141526076029468305572561636122116308896043832675407407656078307668372544705171920466840433232006802068921297305407555848264050466943921093246173872493141202709183624040685500169062520493273963111360649148454061198763414413084252763889286004078856238781960988686941632587023505871706204374749798709/10000000000000000000000000000000000000000000000000000000000000000000000000000000000000000000000000000000000000000000000000000000000000000000000000000000000000000000000000000000000000000000000000000000000000000000000000000000000000000000000000000000000000000000000000000000000000000000000000000000000000000000000 -1074186720485042297315647317360769050972956784360808376000298185311367917119422993287694429536205765386463260920682912180676678001206080322871909086000292345864558266164837528883958770499415342394189482767127054489195384940903284982496876005136114251380607093628422402108249530409794852575223948986553844444759/10000000000000000000000000000000000000000000000000000000000000000000000000000000000000000000000000000000000000000000000000000000000000000000000000000000000000000000000000000000000000000000000000000000000000000000000000000000000000000000000000000000000000000000000000000000000000000000000000000000000000000000000
0 0
0 0
0 0
0 0
0 0
0 0
3777534011820086089194590570522917902889193049187274798510327131594427107492129163659972448642921809063824664747148695010068617789694326956440319188782203666960412176314082617485379117119424413404560601971822572981998520707971364248104296122268439448207765907529893044637067921436583512583603754738854967863759/5000000000000000000000000000000000000000000000000000000000000000000000000000000000000000000000000000000000000000000000000000000000000000000000000000000000000000000000000000000000000000000000000000000000000000000000000000000000000000000000000000000000000000000000000000000000000000000000000000000000000000000000 -2120354228424908931588118486015526719105153087031418092536488197461056258771052033008543381123246059624983236049766369867866085338051254341847170657532868963662478656414922820746531378436873422022932537609372020241826325691647754007288167370195547699169487900929620327224135805986441045425730698980400858858093/2500000000000000000000000000000000000000000000000000000000000000000000000000000000000000000000000000000000000000000000000000000000000000000000000000000000000000000000000000000000000000000000000000000000000000000000000000000000000000000000000000000000000000000000000000000000000000000000000000000000000000000000
0 0
0 0
0 0
0 0
0 0
0 0
0 0
3352880069538105036649189143215213703994569612253160186166215519016046074159400272165559521112480184685676252570376120485389488972930402664763680615543697233931845556133217825622097145133079175043919697460749788732811590647732254280116817063266958835127473535885448590815925556980389928875768047986485205408183/5000000000000000000000000000000000000000000000000000000000000000000000000000000000000000000000000000000000000000000000000000000000000000000000000000000000000000000000000000000000000000000000000000000000000000000000000000000000000000000000000000000000000000000000000000000000000000000000000000000000000000000000 211792087079445764099999250929641467180182664489402023235566169115657639625897422286101912542970264801645932856091697305976554722939839840204601155901453861642095577341785548550402634976660824429141033146129974761629501521437682838628273323369900095520317950610860445905358510544943243614686922910693272341511/1000000000000000000000000000000000000000000000000000000000000000000000000000000000000000000000000000000000000000000000000000000000000000000000000000000000000000000000000000000000000000000000000000000000000000000000000000000000000000000000000000000000000000000000000000000000000000000000000000000000000000000000
66337542367085907596364447403587732691349950927515505741288387079792795614338587785514383618134697011045913502742618199734694123683971438821551732956781798811348519337959508385216825551473813764274613469781493845735711383498372839529253639729704838356241239244451846410317836677281715114561963244073997648213/200000000000000000000000000000000000000000000000000000000000000000000000000000000000000000000000000000000000000000000000000000000000000000000000000000000000000000000000000000000000000000000000000000000000000000000000000000000000000000000000000000000000000000000000000000000000000000000000000000000000000000000 499250354899850944630258077099968104689049565297289208277066504513575900996136860556399984725429236392727061011981893631143513947752072340672473631861749786357229262857400491515288324213137677602173431430135550098998232698085335617209582924089885919255206101055943859796553743296261306649546064554302362434071/1250000000000000000000000000000000000000000000000000000000000000000000000000000000000000000000000000000000000000000000000000000000000000000000000000000000000000000000000000000000000000000000000000000000000000000000000000000000000000000000000000000000000000000000000000000000000000000000000000000000000000000000
-2209363213925932878838294300864419527534524199143708384321414846264302836798843107096041019883289292940714636192156780893844343887834420792806593252511200385633570717897905586520325525531948345883189953854987204282763132176784926995802784208064643556697866107728989542834389363566502256282395432858793527756919/5000000000000000000000000000000000000000000000000000000000000000000000000000000000000000000000000000000000000000000000000000000000000000000000000000000000000000000000000000000000000000000000000000000000000000000000000000000000000000000000000000000000000000000000000000000000000000000000000000000000000000000000 -9285901449231382488534290379686941884416987393927612001322989624721906096167869477670595037860746251892370512590812979745031397787787643987610150915929210992822341512947125024805241248768512268443732708832681735210928617489547379436631515920602376915142951777104733699308279356614943485170212806605267907248757/10000000000000000000000000000000000000000000000000000000000000000000000000000000000000000000000000000000000000000000000000000000000000000000000000000000000000000000000000000000000000000000000000000000000000000000000000000000000000000000000000000000000000000000000000000000000000000000000000000000000000000000000
-2650386054882732037566904071953145590207087493550761168616720493251796932441896419818079472512684416232216993382368217306035029146488380397918991014951684221425801011534426589223871501358373115925018050392107955560260374096619971305524472761495382006593839573681431528539250623947691839838700732835757643557289/5000000000000000000000000000000000000000000000000000000000000000000000000000000000000000000000000000000000000000000000000000000000000000000000000000000000000000000000000000000000000000000000000000000000000000000000000000000000000000000000000000000000000000000000000000000000000000000000000000000000000000000000 -2554305128932573508336615070890245827660433065994570818516301530241778507180462440213061071769214567745606802671172980835952812146754768958173171877541195728734604025195890236234283826796165104378613567647142342325027864246248296471440849169740665374915931614073266963214338101283666582537592531263297896111567/10000000000000000000000000000000000000000000000000000000000000000000000000000000000000000000000000000000000000000000000000000000000000000000000000000000000000000000000000000000000000000000000000000000000000000000000000000000000000000000000000000000000000000000000000000000000000000000000000000000000000000000000
2580960757987217592712360378501801696185668938414460740237034483512328799075411242517434685319794494980505658853403495532849991959917527384765118540582080682809079621594448380559989045167115116307072400132276327472184397839499941301569505322118760088624071935061638590812879908487692396701152693979699325970867/50000000000000000000000000000000000000000000000000000000000000000000000000000000000000000000000000000000000000000000000000000000000000000000000000000000000000000000000000000000000000000000000000000000000000000000000000000000000000000000000000000000000000000000000000000000000000000000000000000000000000000000000 -7615113766103798919169188463448946706009351315308266546093694559966180214529480286478945408071590718733682349847178923941080845202197990121873548832710192678473279979795741835814824840486450010429163744365584039395672621388873360660013660687085181203831309307183903812310374847283747250715941973125138923734373/10000000000000000000000000000000000000000000000000000000000000000000000000000000000000000000000000000000000000000000000000000000000000000000000000000000000000000000000000000000000000000000000000000000000000000000000000000000000000000000000000000000000000000000000000000000000000000000000000000000000000000000000
4461224871635285048950654163942316260440328240814568638393439550854534947878751286288016871941692110730651789049081402720563133563750657275556144504103558973876810898047760322929221862173615688258006433227428272173061285761132088539133813004644265457868974841025888258762587647463502885330792486918891452230371/5000000000000000000000000000000000000000000000000000000000000000000000000000000000000000000000000000000000000000000000000000000000000000000000000000000000000000000000000000000000000000000000000000000000000000000000000000000000000000000000000000000000000000000000000000000000000000000000000000000000000000000000 1315107628970025281959828813974875319666663036600661073178364644556895351538862082806876212430852767189917633232291470208129305450634373422638999219903392105022416420998792581916963835928079198454685886132514716886952863764438136884195149607321717858177923137317413430564274993143993706285403119186146263285341/2000000000000000000000000000000000000000000000000000000000000000000000000000000000000000000000000000000000000000000000000000000000000000000000000000000000000000000000000000000000000000000000000000000000000000000000000000000000000000000000000000000000000000000000000000000000000000000000000000000000000000000000

-1
-1722105685186861054507518723347278135505523556164997697614622730205940641391623419076575537716588960213384283137843291221117242996860228825639137961107184931707951823795584396304943477311035550074123812724131609469702656022912439981077545118295803255400253453800657031595453730321091361853294998236606446965083/5000000000000000000000000000000000000000000000000000000000000000000000000000000000000000000000000000000000000000000000000000000000000000000000000000000000000000000000000000000000000000000000000000000000000000000000000000000000000000000000000000000000000000000000000000000000000000000000000000000000000000000000 2206106976464238984020891361960230230998124908450679382599646363733522794687427827522220871291094853477063456660625473057999102167928431705440847634802707044859873765594806642550563017294889328390674417562585837755900106305681402830283090852042332298118168660267995764606098557991104213898329877027496926819053/2500000000000000000000000000000000000000000000000000000000000000000000000000000000000000000000000000000000000000000000000000000000000000000000000000000000000000000000000000000000000000000000000000000000000000000000000000000000000000000000000000000000000000000000000000000000000000000000000000000000000000000000
0 0

0 0

0 0

