2                                                

0.246362294791944829568409549434e-28 0.205985809425805396779882209055e-28
0.100000000000000000000000000000e1 0.000000000000000000000000000000e0
-0.160493970646305023693990386745e-14 -0.280381529324973071035370347723e-14
0.720526103638485495662710696551e-14 0.928087121957823353796033973440e-15
-0.486961396209472931840319480365e-14 -0.601631034913952606929216172787e-15
0.435859837594036587129408287711e-14 0.500055422113549693446495933568e-14
-0.346027412052856101433815368893e-14 -0.369391707773698002181313385072e-14
0.100000000000000012411535984717e1 -0.124136567515437128726241043761e-15
0.999999999999999275829796859037e0 -0.528685518533812408975354726264e-16
0.100000000000000022596055739623e1 0.397548130206619890509900524316e-15
0.100000000000000083721089904706e1 -0.382200584926517282641234955387e-15
0.100000000000000019291256224043e1 -0.784205435225622314909167057442e-15
0.294393509921711470792436580460e-15 0.116461672390187875959831756193e-14

0.514678192394321053470e-19 0.561137268480700034257e-19
0.100000000000000000000e1 0.000000000000000000000e0
-0.137984589696408865880e-12 0.410581229547956162932e-11
-0.476208064615066005116e-11 -0.232961833454216477280e-11
0.429620256534280319025e-11 -0.114040498420457637094e-11
-0.248445345069380454591e-11 -0.621455671251789197980e-11
0.223606064959280200493e-11 0.535835313412839580811e-11
0.100000000000013727962e1 -0.173561252175824520805e-12
0.100000000000021013378e1 -0.754723161137255127429e-13
0.999999999999885913851e0 -0.347664388597457296726e-12
0.999999999999733045247e0 0.268823456333819321706e-12
0.999999999999948948769e0 0.805350333947171814764e-12
-0.103257408768566256822e-12 -0.606796210847153881139e-12

