3                                                

-6.634231095345862e-02 -1.430670740441027e-01
-2.423051264151854e-02 -1.861172782501536e-02
-6.857680934944073e-01 -2.889078155012795e-01
2.976356907199814e-01 -3.329434903681693e-01
2.370011676115875e-01 -3.198465401877112e-02
1.000000000000000e+00 0.000000000000000e+00
-5.746812815053828e-01 3.315164499726346e-01
-2.071529840731251e-01 -8.652719565847181e-01
1.903927312966675e-01 2.724807884795144e+00
1.616123876487280e-01 -2.874711221459174e-01
-3.329254545927015e-01 -2.423801756762699e+00
-2.068329772946737e+00 -1.021652587281145e+00
3.449451025907117e+00 6.965950092969916e-01

-1.579157171675146e-02 -1.092555264436639e-01
2.435677868612368e-02 5.225081761407289e-02
3.676507359712153e-01 7.407359051606760e-01
-2.611217669409819e-01 -5.983690008216902e-01
-7.417458509093409e-01 8.983687772801380e-02
-6.392080761816665e-01 -2.946194706357826e-01
1.000000000000000e+00 0.000000000000000e+00
-9.680728043288203e-01 -1.958368285261393e+00
1.236893467224452e-01 1.377288052709153e+00
-2.044594706450210e+00 -2.343455662291590e-01
7.529460951000690e-01 -4.108300078940818e-01
2.491181734577533e+00 6.782811112699336e-01
-2.369983625634284e-01 2.344788305395952e-01

7.158423757697180e-03 -4.395259593212636e-01
1.672549052498539e-01 -9.902553051322990e-02
-3.708392469508112e-01 -5.948384396309294e-01
1.047830492605681e-01 -3.147011803648661e-01
1.544028302169009e-01 9.409642976446594e-01
1.000000000000000e+00 0.000000000000000e+00
-3.094719682888558e-01 4.015628866833781e-02
-6.314258366508546e-01 -1.344915351118655e+00
8.348289720859181e-02 2.084993858708187e+00
-8.890375096631606e-01 -1.392181604431224e-01
2.977687183937165e-01 -1.522956649411221e+00
2.038201101561083e-01 -4.637796161220282e-01
1.663190040594991e+00 6.812331769027531e-01

