0
2.046042067450730e-02 -2.403056593224177e-02
3.737607423351081e-01 -4.643331735756966e-01
-7.002056070578689e-04 2.370510601503649e-04
-2.410668803949889e-01 -1.866527778724326e-01
3.992576166831593e-01 -1.999323635458731e-01
-2.399682534073446e-02 4.390794793402542e-01
7.670064522316276e-02 -1.009821598881194e+00
-1.297014350951530e+00 1.148370413763715e+00
-5.689855336395599e-02 -4.273563738370992e-01
-1.573671595528147e-02 7.449041785058818e-03
7.473218109026433e-01 8.758548226831950e-02

1
2.464532498092921e-01 5.149709023902383e-01
1.309490242766803e-01 -1.743585662565702e-01
-1.960963927012374e-01 1.820254105114169e-01
-8.345439827769708e-01 -3.494109770709828e-01
3.556223578977385e-01 -8.307241441385390e-01
-2.713806200666196e-01 1.363695909117101e+00
2.896881479252734e-01 4.408427550717620e-01
9.012309608194290e-02 2.281164443861267e-01
4.476191942984826e-01 4.383700436919277e-01
8.147301432060881e-02 6.999827363677286e-01
1.085121108524016e-01 -7.158851233599797e-03

2
-1.402993370998951e-01 6.269207093935520e-01
-1.389045092513716e-03 -3.295642104407026e-01
-1.215782301004311e-01 -2.715329873245861e-01
-5.931972605916385e-01 -3.295989784200068e-01
7.007496501119057e-01 -8.150351428524870e-01
-7.557439718634741e-01 1.500709416902379e+00
-2.167565985897165e-02 4.630631600815979e-01
-5.458296562554505e-01 6.168105034557420e-01
-1.863062748521901e-01 3.189388790062407e-01
-1.719477772540554e-02 7.365735766181203e-01
1.545276897434909e-01 -2.791082605979613e-02

3
-4.030391917444785e-01 4.075249245242258e-01
2.568717871183397e-01 -2.329468686505300e+00
1.560843961158763e-01 4.267134411089097e-02
-2.140198728705737e+00 3.234122056710684e+00
1.088784742382834e+00 -3.372954172186436e+00
-2.004368609748608e+00 2.885946466827153e+00
-6.328798794987554e-02 1.577080365263525e-01
-1.412175625539347e+00 3.986590351701992e-01
-4.575614215985915e-01 -2.543520657215275e-01
-1.891592465545573e-02 6.367537775742648e-01
2.343670841244415e-01 7.625694738357161e-02

4
7.301033697136668e-02 9.747965045334933e-02
-4.123036141218220e-01 3.520395710869839e-01
-2.170156672736618e-02 -6.737422192240492e-04
6.132078070957928e-01 -1.209847807107535e+00
3.941189800192484e-01 5.527887580015814e-03
-2.667948169508763e-01 4.702469286717993e-01
3.125385903714934e-02 1.605225979576861e-02
-1.778687666184202e-01 -1.204686466260392e-01
4.549319789293469e-01 -1.739689697452673e-01
-7.494419438194880e-02 5.422969700506085e-01
2.050263053508227e-01 -6.355876686740483e-02

5
-9.374359394923486e-01 -2.145836687869358e+00
-1.157026042194323e-01 -7.397803017533051e-02
5.658445356565807e-02 2.102451843170443e-02
-2.265341549894108e-01 -4.289572276788042e-01
7.385580219868109e-01 -2.744320129527268e-01
-4.759304020158561e-01 6.610948074872960e-01
3.080147131663167e-02 -2.658318285820352e+00
-4.489545225220795e+00 -2.674715983985607e+00
1.739199427498362e-01 -4.343988096928995e+00
-1.265393034322518e-01 -4.497561370520698e-01
8.005108602678613e-01 5.183147496703119e-01

6
1.261085603129757e-01 8.746305533304033e-01
1.921564894191772e-02 -6.978232897743140e-02
4.956402125279604e-01 3.635594445735857e-01
-1.117599834495925e-01 -1.367230136030533e-01
2.716312329396937e-01 -3.276861602430836e-01
-4.230578998501237e-01 4.135030605464649e-01
1.286047916742095e-01 7.527772610751543e-01
1.243084692609813e-01 8.432453925193094e-01
4.887640322750860e-02 8.725214448531351e-01
4.815841362381400e-02 8.277361085864078e-01
8.397997005685688e-02 -6.695712058798806e-02

7
-4.820941419768001e-02 -2.315917298210195e-02
-3.410176089612628e-01 -1.858496085423298e-01
-2.780438345873491e-03 -9.362598005088572e-04
1.583499913501904e-01 -3.767457657784816e-01
6.342070134154045e-01 -1.731179464699520e-01
-3.590872804266649e-01 5.436880475562741e-01
-3.450846521600164e-01 -9.689455306553502e-02
4.479075911565947e-02 8.252942810947078e-03
3.662790124036507e-01 -2.616608709022816e-01
-2.753341271069033e-01 4.992561116267634e-01
2.557016946023974e-01 -2.281528485682300e-01

8
4.373386486470592e-02 -3.976949292234892e-02
1.972386490011561e-01 -4.620403444805675e-01
-1.804934295190854e-03 -1.161831220752155e-03
-2.033332572827594e-01 -2.564749523301330e-01
4.402409526885233e-01 -1.173445081939205e-01
-1.070843337834036e-01 4.427571516629644e-01
-2.473975108759769e-01 -1.064315067417138e+00
-7.401216886908750e-01 1.504400112832793e+00
-4.018122340317230e-02 -2.379707486602972e-01
-1.966543630078589e-01 -3.710508980766970e-02
8.084976877805996e-01 -1.062786388948294e-01

9
-1.097315174013732e-01 1.244572901357033e-01
-2.843470033836403e-01 2.556871175648595e-02
1.833457398332830e-02 1.090260956105384e-02
-6.661195922515872e-02 -4.273236677303814e-01
6.729752306580261e-01 -1.779907702160483e-01
-3.064749161747394e-01 7.053002446123569e-01
-5.987691091637262e-01 -3.378492547715177e-01
-1.000985138349665e-02 1.035431894698853e+00
-2.376286904503043e-02 7.178801745510810e-03
-3.743223728083908e-01 3.432469916386753e-01
4.806082012577277e-01 -3.179982520392244e-01

10
-2.099564594082383e-02 -2.427308067621803e-01
-2.149017987046344e-02 -3.745139291047248e-01
-5.921852390014048e-03 -6.937227812140775e-03
-1.397045740557625e-01 -1.952737760424679e-01
5.945349858676691e-01 -1.066586153831918e-01
-1.776184715785722e-01 4.755318576098772e-01
-1.464286280295759e+00 -1.146815123227288e+00
1.094991135006266e+00 2.152635777582819e+00
5.460694852441578e-02 1.064976815668628e-01
-8.787923630586865e-01 -9.489547947729479e-02
9.003322068130092e-01 -7.925322793668232e-01

11
1.745967907262823e-01 4.750125556438529e-01
8.926129963482139e-01 5.793506410517546e-01
-2.020676697123839e-01 -9.412412888710479e-02
-1.734520469297483e+00 -2.280050175772205e+00
1.634816015664956e+00 -4.057561941419957e-03
-1.161400224624302e+00 4.955928209324325e-01
9.391567558804796e-02 1.136377008173419e-01
-7.936166483329057e-02 7.978509437699164e-01
2.112262142327763e-01 4.117480424987706e-01
-6.876002740626896e-03 5.283611985573480e-01
3.005783312040526e-01 -5.939362401654474e-02

12
-1.745604843318579e-01 2.804356378075337e-01
1.323683619043536e-01 -3.118186039923534e-01
-2.962365670885570e-02 -9.875723976172161e-02
-8.313430256096185e-01 -4.141977604537567e-01
1.110539858132139e+00 -1.087332006170338e+00
-1.316876704830947e+00 1.234673715887635e+00
1.452744293511799e-02 3.764283004886869e-01
-6.176366709862769e-01 -2.893257320677625e-01
1.181559176631603e-01 -2.038176836465391e-01
-3.716260629771513e-02 7.466821756867965e-01
5.816250614117872e-02 -1.349491352107920e-03

13
5.978561749218352e-02 -9.977603200817323e-02
-1.803388266986431e-01 -3.267772395847280e-01
1.153012075655743e-02 9.316976430864671e-03
-1.352630692435694e-01 -3.018628059077784e-01
6.517274475897797e-01 -1.186162405901779e-02
-2.741188926614865e-01 4.625300369227221e-01
-1.158348122921080e-01 -5.237629918969432e-01
-3.798970499524070e-01 3.285571293665896e-01
3.576146971953844e-01 -3.715766083393741e-01
-1.583016185660235e-01 2.712930293738499e-01
4.549662583277876e-01 -9.668210647887822e-02

14
6.448557603501593e-01 -1.192641059759597e-01
5.705746245003107e-03 -3.186762876986908e-01
7.232115082327771e-02 6.735889816992516e-02
-3.993034048466277e-01 -2.405658999844084e-01
5.263672781488292e-01 1.346769035333673e-01
-5.517595361089898e-02 4.520118935559150e-01
5.439316152763038e-01 -1.050611644479110e+00
-2.577358003916302e-01 8.082077488918307e-01
8.650873588022582e-01 -1.003599098946692e-01
1.363224061483604e-01 -6.846944376246106e-02
7.145701711253853e-01 1.052928535947953e-01

15
5.384207012605059e-01 1.340125066689119e+00
-3.597645039368740e-01 4.913914202951801e-02
8.213981428939075e-02 1.744700616199003e-01
1.304949324141801e-01 -3.791021990238804e-01
1.482492055927330e+00 -3.190626681371558e-01
-9.410210460212929e-01 -6.838192789011188e-02
1.127801396448127e+00 1.310644425994359e+00
-3.676799899725836e-02 5.393330017205054e-01
3.840494502967515e-01 1.404545675591731e+00
5.762141904011023e-01 1.049223247435561e+00
-1.374201186811790e-01 3.130893870064014e-01

16
8.057245125998036e-02 6.780693426632043e-01
-7.636706597450904e-02 -3.031452451856602e-01
-1.388169191930113e+00 4.524404463641122e-01
-1.584264541302509e+00 -1.014085977227719e-02
4.080882570265332e-01 -1.792090187908932e+00
4.799294712942461e-01 2.429869870667013e+00
1.221256892766957e-01 5.439146005170959e-01
-9.536131284338895e-02 6.042453378654780e-01
9.604661389354180e-02 5.604516121102819e-01
3.266863648405487e-02 7.484676299331576e-01
1.241727583349617e-01 -3.999508233933185e-02

17
-1.341808145129166e-01 -1.463252597948378e-01
-3.026218100890554e-01 -3.015644149502620e-01
-1.763482930699799e-02 -9.004346772788321e-03
7.620268439435256e-02 -2.261427770283092e-01
7.239715108035889e-01 -1.426104979755250e-01
-3.407893136340628e-01 4.711812584210860e-01
-9.137677868104191e-01 -3.002006547804211e-01
6.026347023083376e-01 4.736013231748485e-01
2.753919346181720e-01 -2.034501613536736e-01
-5.828462653314831e-01 3.939717321957297e-01
3.804655076287891e-01 -5.100094811580131e-01

