11
0
0
52
2.124873501888341e-02 -2.453510482463318e-02
3.565167524772176e-01 -4.527687457200133e-01
-7.428386286458663e-04 2.285672673321909e-04
-2.411212446430646e-01 -1.938058647454149e-01
4.091870063471843e-01 -1.965108595845832e-01
-3.241447174875865e-02 4.453155422543648e-01
7.703410410120125e-02 -1.013268627837919e+00
-1.293183570110721e+00 1.149753335941847e+00
-5.671706893972830e-02 -4.324986736982796e-01
-1.553763343553698e-02 7.641764825866869e-03
7.524618319051081e-01 8.485707913196663e-02
2.040789921755151e-16
4.820446252437604e+04
1.942306308422645e-15
1.562500000000000e-03
4.833712822915666e-13
0.000000000000000e+00
1
1
1
52
1.321784903786836e-01 5.298077422124479e-01
2.491718391709458e-01 -7.522444768830522e-02
-2.445419579832664e-01 5.948565873964136e-02
-9.598562865301611e-01 -5.731640899622524e-01
3.113816854990630e-01 -1.060519750579461e+00
-4.224985496093267e-01 1.726388118265063e+00
2.160570765200015e-01 5.437148764801755e-01
-3.891705623811804e-02 2.127615152739426e-01
4.023689890858978e-01 4.257185405515899e-01
2.623551572019863e-02 7.474863226402403e-01
6.476815869588622e-02 6.049713551083054e-02
3.947248820392849e-16
7.129142795519591e+01
7.308791537640237e-16
9.765625000000001e-05
8.385839054841654e-14
0.000000000000000e+00
1
1
2
52
-2.332361846874955e-01 4.941192892626792e-01
4.814532321636435e-02 -2.258283651636606e-01
-1.095942159045875e-01 -1.813941039973447e-01
-6.555574143716614e-01 -3.672514230060144e-01
6.783653736865858e-01 -1.013965681513443e+00
-8.296109999625269e-01 1.583283467479367e+00
-1.166332334091433e-01 4.398848832206717e-01
-6.840252563555160e-01 3.855116920752742e-01
-1.556251284151068e-01 1.745404250690739e-01
-8.357051904086613e-02 7.186664855941739e-01
7.864844637846927e-02 1.297100159271713e-02
3.140184917367550e-16
6.514106662741817e+01
1.272137249258690e-15
9.765625000000001e-05
4.330780652456935e-14
0.000000000000000e+00
1
1
3
52
-3.804877166082976e-01 2.886993926725094e-01
1.293225908808525e+00 -1.919911503867527e+00
9.132112823923470e-02 6.876245372845034e-02
-3.685692070981072e+00 2.110359287760466e+00
2.491754699016553e+00 -3.358081099957824e+00
-3.054580866869534e+00 2.301135534037293e+00
-7.286260263478433e-02 1.153665484045576e-01
-1.395204748143509e+00 1.719505853306356e-01
-3.375881808084636e-01 -3.087675268167229e-01
-3.678412682263636e-02 5.971042115420103e-01
1.559645961332153e-01 9.213875281437907e-02
9.930136612989092e-16
9.991865288654267e+02
3.175369848604038e-14
9.765625000000001e-05
1.047643437129609e-12
0.000000000000000e+00
1
1
4
52
6.457861529525941e-02 9.279585792897817e-02
-5.008476050807866e-01 3.984049390790969e-01
-1.826631768425318e-02 -2.753165915156273e-03
6.796607974747113e-01 -1.234255013685975e+00
4.233974081086789e-01 2.497607660928176e-02
-2.925745441879568e-01 4.675114809336618e-01
3.247148763498243e-02 1.905332729069554e-02
-1.936869310274447e-01 -1.245120400754711e-01
4.678111484717029e-01 -1.844733070804266e-01
-8.096260703429718e-02 5.442547510443462e-01
2.078776858172725e-01 -4.621048268970623e-02
1.241267076623637e-16
2.751860176397324e+03
8.324778948585174e-16
3.906250000000000e-04
1.132209773400735e-14
0.000000000000000e+00
1
1
5
52
-8.210539955724068e-01 -1.177762757667006e+00
-1.378371873205793e-01 -5.524811617673896e-02
4.787372464090869e-02 2.545191889366764e-02
-2.333448513987419e-01 -4.453889558907215e-01
7.623089775314019e-01 -2.296116242344303e-01
-4.567712758320463e-01 6.368092317643584e-01
-3.976508308909838e-01 -1.976595620266995e+00
-3.352875830940122e+00 -8.007872297370731e-01
-6.176442180777297e-01 -2.749581967245533e+00
-1.810123304627615e-01 -2.334808322007747e-01
7.587795645781622e-01 2.291297075095775e-02
1.986027322597818e-15
9.927284353086900e+02
3.662160943290245e-15
9.765625000000001e-05
3.332912449168807e-13
0.000000000000000e+00
1
1
6
96
-0.734563968011488762829693215982e-1 0.865695972580004143334818954598e0
0.447161188937329917868034696620e-29 -0.463038271115363646525930769067e-29
0.639216661553035375295899547312e0 0.656677422651426349322266567669e0
0.314049715719685359119654947953e-15 -0.818885208395309960120113708586e-16
0.580218430295507433106234665675e-15 0.669887288052321755487305445018e-15
-0.512551391625696948773173514404e-15 -0.955131640830183794203831130771e-15
-0.734563968011489448562651142256e-1 0.865695972580004370416177121485e0
-0.734563968011489741671863147476e-1 0.865695972580004208742175823123e0
-0.734563968011489353471768515042e-1 0.865695972580004124941926634261e0
-0.734563968011488640489801269544e-1 0.865695972580004108668176416075e0
0.551771219530026829311189570204e-16 0.625311577749376603898585812511e-16
1.42540086427581e-16
2.539627698839830e+17
1.30217966703484e-18
9.31322574615479e-11
7.83866645820886e-17
9.536743164062501e-08
1
1
7
52
-4.248411589188208e-02 -2.456849845527139e-02
-3.784295636120308e-01 -1.833593122783332e-01
-2.245777308554643e-03 -1.198507616108147e-03
1.649500367103302e-01 -3.870515073580926e-01
6.472833804729466e-01 -1.570425462681976e-01
-3.771161373851352e-01 5.443552450750198e-01
-3.416686523376369e-01 -1.041093205401473e-01
4.391337563690993e-02 8.949332227703076e-03
3.636436583008375e-01 -2.581913901144461e-01
-2.710933701820317e-01 4.941702642972197e-01
2.539544006609007e-01 -2.318981290719921e-01
2.081668171172169e-16
1.650810262827254e+04
6.636652409310101e-16
3.906250000000000e-04
4.777689221147809e-15
0.000000000000000e+00
1
1
8
52
4.608889558333407e-02 -4.013046673026022e-02
1.750125682783510e-01 -4.584449921729153e-01
-1.818412026552421e-03 -1.351349852559595e-03
-1.993071334378800e-01 -2.634590181654334e-01
4.483735658189381e-01 -1.095990300610375e-01
-1.181224366386240e-01 4.448547959387311e-01
-2.537499141194188e-01 -1.071382458624031e+00
-7.190722396556851e-01 1.517933390963801e+00
-3.836137603641088e-02 -2.416784850289481e-01
-2.006821830567248e-01 -3.758800137647358e-02
8.202571890685850e-01 -1.148249009961894e-01
4.847302891456678e-16
8.313077529012935e+03
3.550106894295324e-16
1.562500000000000e-03
4.196103195004066e-12
0.000000000000000e+00
1
1
9
52
-1.037159792900970e-01 1.056225923893273e-01
-3.210888908918389e-01 5.147639662642881e-02
1.546746325881007e-02 9.645834512624142e-03
-7.732768853777382e-02 -4.438319058572680e-01
6.978694739577987e-01 -1.676583359987334e-01
-3.225662487790842e-01 7.237146612334459e-01
-5.903588355034597e-01 -3.828153263069130e-01
-6.300508038250589e-02 1.061927842826594e+00
-2.326376768823207e-02 7.386234932028049e-03
-3.709946868675169e-01 3.113185958682879e-01
4.826274982533337e-01 -2.992626569658978e-01
1.665334536937735e-16
6.457907485598354e+02
4.041778928508419e-16
3.906250000000000e-04
1.200277921533670e-13
0.000000000000000e+00
1
1
10
52
-1.495515417786191e-02 -2.574395854505137e-01
-5.274229056022283e-02 -4.003445579392996e-01
-4.780428890325041e-03 -8.068325385072029e-03
-1.326721869095667e-01 -1.918937408622610e-01
5.990036702381194e-01 -8.232103524556839e-02
-1.915742331773352e-01 4.632792738941293e-01
-1.574486402340696e+00 -1.120800589027360e+00
1.337518793528517e+00 2.128043601193441e+00
6.804189599218460e-02 1.242353684975846e-01
-9.312542453253826e-01 -7.233370410507095e-02
8.938272569522890e-01 -8.981092044350797e-01
3.330669073875470e-16
3.007116693563149e+03
6.346012016311557e-16
3.906250000000000e-04
2.376192679612077e-13
0.000000000000000e+00
1
1
11
52
1.504504473249784e-01 4.960857437803461e-01
9.359475688366388e-01 6.958355662191610e-01
-1.745537664037888e-01 -9.398332327946617e-02
-1.802137832623750e+00 -2.276112545176118e+00
1.756660261165936e+00 -2.034955190943740e-01
-1.325096178489878e+00 5.992735280224136e-01
8.195990868980489e-02 1.400823155399329e-01
-1.188487755103478e-01 9.076561128704159e-01
2.352626733868747e-01 4.697980309068980e-01
-3.692765590023666e-02 5.254674474047477e-01
3.051805246843034e-01 1.175432783812460e-02
2.775557561562891e-16
8.943965264068699e+01
3.401792695018246e-15
3.906250000000000e-04
1.949904479407898e-12
0.000000000000000e+00
1
1
12
52
-1.697605517055813e-01 2.720489262783486e-01
1.270324469966055e-01 -1.790217056642701e-01
-3.096753778038435e-02 -9.907500599951811e-02
-8.033508719280315e-01 -5.199050943620936e-01
1.102540268717158e+00 -1.139609426161471e+00
-1.333532554183545e+00 1.302798464303695e+00
-2.561505616930244e-02 3.699416379330288e-01
-5.847449689808314e-01 -2.272224783959282e-01
1.333808445055384e-01 -1.354969386458311e-01
-6.455203993659321e-02 7.215522206975330e-01
3.510239766615791e-02 7.325627609602011e-03
4.002966042486721e-16
1.983407316741963e+02
1.044914170211968e-15
9.765625000000001e-05
1.370394830876040e-14
0.000000000000000e+00
1
1
13
52
6.349665333217917e-02 -9.560194772530198e-02
-2.060976800089984e-01 -3.334468867730138e-01
9.801815541822856e-03 1.114775578847579e-02
-1.293254541598159e-01 -3.061076213722423e-01
6.556116514977050e-01 -2.262573811026223e-03
-2.848823433181351e-01 4.612822372204438e-01
-1.118739700034646e-01 -5.412131641522033e-01
-3.774599937400001e-01 3.549393103760551e-01
3.473150638206219e-01 -3.824257577318850e-01
-1.542080738291977e-01 2.681129365685283e-01
4.769788189838481e-01 -1.056246347311457e-01
3.387999773988765e-16
1.383479453307556e+03
4.539895735107321e-16
1.562500000000000e-03
4.712973342011502e-12
0.000000000000000e+00
1
1
14
52
7.126176976460927e-01 -1.336139627795429e-01
-1.376777442745683e-02 -3.181546153279908e-01
5.699122699995110e-02 7.434220196488375e-02
-3.878834537124931e-01 -2.475747353473373e-01
5.427862872514057e-01 1.180367274369707e-01
-6.955160877044511e-02 4.489250232550754e-01
6.372953825230657e-01 -1.146470975467109e+00
-1.691307315568042e-01 8.901204958351312e-01
9.987812448990724e-01 -1.783125517854785e-01
1.512825207881188e-01 -8.683176130242877e-02
8.573394027406130e-01 1.364672335073378e-01
4.965068306494546e-16
4.261875802368210e+01
4.948392780292590e-16
3.906250000000000e-04
8.497405303502705e-13
0.000000000000000e+00
1
1
15
52
3.612946634645913e-01 1.437469273719415e+00
-5.713283229734560e-01 1.208425203381879e-01
8.054411860445260e-04 1.734568521687023e-01
2.431027424577288e-01 -4.389568313802551e-01
1.677974353850992e+00 -2.982834677261088e-01
-1.023753710881167e+00 -1.246604393775530e-01
9.467728440677844e-01 1.535355753442056e+00
-1.121292936953320e-01 7.983771014463006e-01
3.424596663347456e-01 1.588380556947939e+00
4.271402651092984e-01 1.122146343518022e+00
-1.958324574609380e-01 4.621582044162383e-01
1.350644602892852e-15
4.533675991852003e+01
3.613295144693985e-15
9.765625000000001e-05
2.773749529591788e-13
0.000000000000000e+00
1
1
16
96
-0.734563968011486097175482294377e-1 0.865695972580004205658712970984e0
-0.438976192169686049711287010169e-28 0.383400159121019638712246949841e-28
0.639216661553033434387108733802e0 0.656677422651427235866954198573e0
-0.127989644331361530547951750642e-14 0.420558471951731008251294803295e-15
-0.411717866022538782061952649492e-15 -0.157086200127434276129433980986e-14
0.128752208011946504497699409631e-14 0.153715403210930831333093178192e-14
-0.734563968011485900772309844402e-1 0.865695972580004568788112953941e0
-0.734563968011486074778997381020e-1 0.865695972580004048606553845777e0
-0.734563968011485504763504082846e-1 0.865695972580004348922241477295e0
-0.734563968011487166049934062926e-1 0.865695972580004149471097164350e0
-0.445236647598335019344509168984e-18 0.162015968148034778971338713289e-15
2.33988532835566e-16
2.139220050219655e+17
1.82890323530859e-18
9.31322574615479e-11
1.06175124415613e-16
9.536743164062501e-08
1
1
17
52
-1.126168522045627e-01 -1.451983491477739e-01
-3.290707689282977e-01 -3.008990334192380e-01
-1.480729282668856e-02 -1.030392569627067e-02
7.578796901586711e-02 -2.441408003030635e-01
7.263929974288790e-01 -1.206770844941820e-01
-3.534950527219988e-01 4.728132295747844e-01
-8.900952441685998e-01 -3.371254321691181e-01
5.805910057461705e-01 4.946567877060584e-01
2.538849616012885e-01 -1.992382887394082e-01
-5.595993755159741e-01 3.735730996787841e-01
3.884382562216350e-01 -5.227161971201245e-01
3.103167691559091e-16
8.472347229213607e+02
1.517750715599456e-15
3.906250000000000e-04
2.533121697951464e-13
0.000000000000000e+00
1
1
-1

2 0
2 11
0 0
605825985858796619983424866487639656277107480703284221783170123033928337332255069442384492497387374793027783908706696019805076412707395152513075028194465172819575026217341741616698969024132930225095818713028413388361618211052864522260645098458723240113733209118303811210883601263427786635952275970759631025167/2500000000000000000000000000000000000000000000000000000000000000000000000000000000000000000000000000000000000000000000000000000000000000000000000000000000000000000000000000000000000000000000000000000000000000000000000000000000000000000000000000000000000000000000000000000000000000000000000000000000000000000000 3275411168797048086606335254852266880682708311752776959586613616230552700053539623041697982251236641484926261395626923147018048641656574526287046757699332810866116688827013549138714062973354833635518208275469967454221634150977206598878871420989911464791814829704058412805627768527459421141546590626602552087477/5000000000000000000000000000000000000000000000000000000000000000000000000000000000000000000000000000000000000000000000000000000000000000000000000000000000000000000000000000000000000000000000000000000000000000000000000000000000000000000000000000000000000000000000000000000000000000000000000000000000000000000000
7611324364813064223910363159401341251577341228279389092141534795536771136912372040916335662862749198078656032257625050214468789840911299387974151079165262099248210519379682391252037140406285550498034898357201261405537459403578809790643515370664755477351517617474288479673552227835522241027607148226973952630893/10000000000000000000000000000000000000000000000000000000000000000000000000000000000000000000000000000000000000000000000000000000000000000000000000000000000000000000000000000000000000000000000000000000000000000000000000000000000000000000000000000000000000000000000000000000000000000000000000000000000000000000000 -1563846866790331887012608050387499422543681612429011478540510566738271119695939208955504332325911152573685618879210462408265947504475680643223423418345086247907024103800352853756593866855537567529800635905691478584349228126383112860674118515747643612985119987565072402126238463557491357915093086888880641059219/2000000000000000000000000000000000000000000000000000000000000000000000000000000000000000000000000000000000000000000000000000000000000000000000000000000000000000000000000000000000000000000000000000000000000000000000000000000000000000000000000000000000000000000000000000000000000000000000000000000000000000000000
2210660595079016940798118859141545902666173559732754056951104611426822668332512294471436758914104491908319315223128967674713269586958609371826990482395055177910501909182729528084356692950435169878963275817340623039538957274243193297932965780520919754578126117133289917410983661689581244177187606712527453577467/5000000000000000000000000000000000000000000000000000000000000000000000000000000000000000000000000000000000000000000000000000000000000000000000000000000000000000000000000000000000000000000000000000000000000000000000000000000000000000000000000000000000000000000000000000000000000000000000000000000000000000000000 2274899939714777266961118157968387999149873126163511450536498466565350493698631411876248169352555089887753301424243810243538291970858930839982864629959344123169044830131818357451758584124341341162610095783216929565415583605695407884851419741397338512941195818294011229016050090542023867456085485517058232722359/5000000000000000000000000000000000000000000000000000000000000000000000000000000000000000000000000000000000000000000000000000000000000000000000000000000000000000000000000000000000000000000000000000000000000000000000000000000000000000000000000000000000000000000000000000000000000000000000000000000000000000000000
4281021503359444142778600111439815419760051407644561002662195880160117391795057681973161729588265520603815806863870985102647584267709835230259982196920565023259356526443615024803265083219929242132784824653196621125972808821610146059659929733433239457541848632805270149024185870994282410606028803006037864636517/5000000000000000000000000000000000000000000000000000000000000000000000000000000000000000000000000000000000000000000000000000000000000000000000000000000000000000000000000000000000000000000000000000000000000000000000000000000000000000000000000000000000000000000000000000000000000000000000000000000000000000000000 -249947761875196091236243173896302037105446959592706522614648342936515998305967429109886582545988619083925595638487994885472941133362730774005247912831879982417485000527032396543662316510267079896497042666828640118701352074448919247971130859295042001057159981161987954748312065037277465823338531355955721660209/4000000000000000000000000000000000000000000000000000000000000000000000000000000000000000000000000000000000000000000000000000000000000000000000000000000000000000000000000000000000000000000000000000000000000000000000000000000000000000000000000000000000000000000000000000000000000000000000000000000000000000000000
5427131073305091217910567653183479392053512127203634425555907399339150578359739028354034814010175405539673968883799984073280938417679995512122703962219115355845302945687624965410799830273844522983766160397278395258002631910101948864723541116550190384923557319291780036365152224177510969067306092445812320442789/10000000000000000000000000000000000000000000000000000000000000000000000000000000000000000000000000000000000000000000000000000000000000000000000000000000000000000000000000000000000000000000000000000000000000000000000000000000000000000000000000000000000000000000000000000000000000000000000000000000000000000000000 -7081364634627460844519217430060144510512981555208343316723260586744495499098486896898031087228622013365741036498758957344372789433867391144106867417273373148849105213142665948399500418789953094868061994930689002489277803531978746538249945521969765958326940684357024816031760770421011206630132854146412737112157/10000000000000000000000000000000000000000000000000000000000000000000000000000000000000000000000000000000000000000000000000000000000000000000000000000000000000000000000000000000000000000000000000000000000000000000000000000000000000000000000000000000000000000000000000000000000000000000000000000000000000000000000
0 0
0 0
0 0
0 0
0 0
1939551807328053879169842518528623988073693869853160613993670733773199264310237115539404387513548228376617764230155740165873537218141068923850810775493671263962853589097128519719365239866549918226766594916364130442699426377641523825014236908167907596168032515944975820639214605499575835256111486380844832486929/10000000000000000000000000000000000000000000000000000000000000000000000000000000000000000000000000000000000000000000000000000000000000000000000000000000000000000000000000000000000000000000000000000000000000000000000000000000000000000000000000000000000000000000000000000000000000000000000000000000000000000000000 -804200013651425325333556950718016541850711166461376694561875171526244180942919664184075096654668424887068423228602986519157399195226035084865705547598798375897867170979708115329929394283542063053507208986729230514275951160517892652613436879891932845668592924134348041185417977214444702504234024277499082479183/1250000000000000000000000000000000000000000000000000000000000000000000000000000000000000000000000000000000000000000000000000000000000000000000000000000000000000000000000000000000000000000000000000000000000000000000000000000000000000000000000000000000000000000000000000000000000000000000000000000000000000000000
0 0
0 0
0 0
0 0
0 0
-2938909062830739422044798712624623308355143095166284166561490996688830587084805414870252649675209523490772823728129836856109959392691563570229905783970702627311554486810168041045170732736967895334016928597001264978115802625729853046205995674027660872002184137213681055198069992324672495466783432268490964730139/10000000000000000000000000000000000000000000000000000000000000000000000000000000000000000000000000000000000000000000000000000000000000000000000000000000000000000000000000000000000000000000000000000000000000000000000000000000000000000000000000000000000000000000000000000000000000000000000000000000000000000000000 5857040422548050698871495053143181166697162572724470334356123645099831049877978953884141347813593159901320655428534128695089196146389500617223273732989532798212571687779070258792369145394130635359458978735267211074287103010134130460918551629961766603259720525153379324796889002263975803130732230036504921399147/10000000000000000000000000000000000000000000000000000000000000000000000000000000000000000000000000000000000000000000000000000000000000000000000000000000000000000000000000000000000000000000000000000000000000000000000000000000000000000000000000000000000000000000000000000000000000000000000000000000000000000000000
-5657229901531819184109122496281763930394260799368087502041040107289222079972348403407528733573760683640190843567333928452412137692242316987334871464695882901896720492391263283167200543124468452228338617477881535406139393899066796021326438718226531279055375289114517886336382845430427221043913730923015087988011/10000000000000000000000000000000000000000000000000000000000000000000000000000000000000000000000000000000000000000000000000000000000000000000000000000000000000000000000000000000000000000000000000000000000000000000000000000000000000000000000000000000000000000000000000000000000000000000000000000000000000000000000 -912822570159057874074253872530250672839456521671996481858708555155569513726287302942062609006653237179669420104865153630758437548261745542858983975358493452463306326956230865202148104604969800854849598349812419274505106383732560498884033015214520321759019880224450570592794044560778705840857026724708529509717/12500000000000000000000000000000000000000000000000000000000000000000000000000000000000000000000000000000000000000000000000000000000000000000000000000000000000000000000000000000000000000000000000000000000000000000000000000000000000000000000000000000000000000000000000000000000000000000000000000000000000000000000
1610975608988592219808377847594363419884024921841853144437263143868207612559317065292039061292424367831531951626075103087894496442029450768784757939346338695123017566149176337223003453156792789686843028026192361294313210465204720330125101360775034097111635748410909314833895708688375313440349754184052629070911/2000000000000000000000000000000000000000000000000000000000000000000000000000000000000000000000000000000000000000000000000000000000000000000000000000000000000000000000000000000000000000000000000000000000000000000000000000000000000000000000000000000000000000000000000000000000000000000000000000000000000000000000 -1011758859054536145999518320041896999934489925013905146361748039423646222862829811599255184284025689853643872193871068290290623413648578908535657068470002648419278734052722947795371207885130254678129813267132590217442046367952894740378036941635851645585629586024662126738644061040192676482034770345161160804411/10000000000000000000000000000000000000000000000000000000000000000000000000000000000000000000000000000000000000000000000000000000000000000000000000000000000000000000000000000000000000000000000000000000000000000000000000000000000000000000000000000000000000000000000000000000000000000000000000000000000000000000000
-2371448399226070171121410459214442477222429747217938273689567556035251806221445972632501729233039636042755165854383645603847947406629117537216152908134201845676971028071337096840983472664433916690157723972012067955983300614643396269187515305179945057157005092453647419694271157503698888504449638181308196945771/10000000000000000000000000000000000000000000000000000000000000000000000000000000000000000000000000000000000000000000000000000000000000000000000000000000000000000000000000000000000000000000000000000000000000000000000000000000000000000000000000000000000000000000000000000000000000000000000000000000000000000000000 -446789458069023444436978352890206188683429675735600052653693594298440698445218829121678871363493386756577312416022378160424027266331038315077667227374445734582248780598834187557404294087062588108494752692547191283143877472296544436346406729418866745838309239847771625331444147816344170708280833997715145901/488281250000000000000000000000000000000000000000000000000000000000000000000000000000000000000000000000000000000000000000000000000000000000000000000000000000000000000000000000000000000000000000000000000000000000000000000000000000000000000000000000000000000000000000000000000000000000000000000000000000000000
-95386834314150268957608717105756452244514660565301702550095612070417715044418253778219647384029051700512210455028183288013458872379946976054082962661481733082754637243012869517224591000365063204462423014484129528308248144008670163573918498122782314739991170108110869105477663319815077412436772607616844611971/312500000000000000000000000000000000000000000000000000000000000000000000000000000000000000000000000000000000000000000000000000000000000000000000000000000000000000000000000000000000000000000000000000000000000000000000000000000000000000000000000000000000000000000000000000000000000000000000000000000000000000000 3904890987872113267314122441172029651042441471618446690268051498036096052204573212569716296847157293522923594872111988570162616164103816342119339971874038918983761289768728928843666871730875908507589420269686358526191067990440618466478579408669677725055531744775792738453239038354344979407220415626813531241633/5000000000000000000000000000000000000000000000000000000000000000000000000000000000000000000000000000000000000000000000000000000000000000000000000000000000000000000000000000000000000000000000000000000000000000000000000000000000000000000000000000000000000000000000000000000000000000000000000000000000000000000000

-1
472928186893633548865564264638301341080003757558958740140818387214818076398042279736985881567005841861551513838078331151172629473104408995014693620263615583400975961827796577831970722777831600189778913465373852310691504568869305245643228785096207762801082676037508015187195753920686449455615763818295265717669/5000000000000000000000000000000000000000000000000000000000000000000000000000000000000000000000000000000000000000000000000000000000000000000000000000000000000000000000000000000000000000000000000000000000000000000000000000000000000000000000000000000000000000000000000000000000000000000000000000000000000000000000 -4917526681928687585977490196047974544072385102437470639541175484784463641220342048481860422825656651408416554156589166085803050907600572733982511779328597668165247881286993608747792358134259233789876703975276873549939149748079600761660360684772341186603990174547984528512096491869821224095739158697765758818641/10000000000000000000000000000000000000000000000000000000000000000000000000000000000000000000000000000000000000000000000000000000000000000000000000000000000000000000000000000000000000000000000000000000000000000000000000000000000000000000000000000000000000000000000000000000000000000000000000000000000000000000000
0 0

0 0

0 0

