2                                                

-0.343294499192375915419502993888e-29 0.635064068619159731628023793867e-28
0.100000000000000000000000000000e1 0.000000000000000000000000000000e0
-0.645326174011126192885950820272e-15 0.132088171578552150720767421287e-14
-0.154166563193505703982918782832e-14 -0.873702175015364840800962889236e-15
0.218191157630894321493133082800e-14 0.163234108247320325793662519133e-15
0.100000000000000041455543106943e1 -0.578633458769789429373522694605e-16
0.999999999999999819661678699786e0 0.127150352377650869393154413922e-16
0.100000000000000015854132781472e1 -0.818844891876180645051930431549e-16
0.999999999999999945961240396807e0 0.128055277206067681997519468471e-15
0.185856602318056288175761575215e-15 -0.152560715293954244484377686227e-16

-0.217115895081388195395045015434e-30 -0.702079259613069801029097209355e-29
0.100000000000000000000000000000e1 0.000000000000000000000000000000e0
0.175002871931488165198311117813e-15 -0.307890841358754508340609183972e-15
0.965423635803826318173928716092e-15 0.561865565873018492913459789925e-16
-0.113695930147224635618424386964e-14 -0.326205729014030968164738191731e-15
0.100000000000000026710889080339e1 0.565469179379068102539835015327e-16
0.100000000000000008454022712245e1 0.105896526526247294901556331802e-15
0.999999999999999984653391940283e0 0.695296223704333795922190257830e-16
0.999999999999999959050875520256e0 -0.106573373914434168733895860567e-16
0.663462856321116807878796668426e-16 -0.693669405180556022502574861422e-16

