18                                               

0.100000000000000000000e1 0.000000000000000000000e0
-0.625266086866120822232e-3 -0.230738744381557352326e-3
-0.643094778902819114879e-1 -0.353388114383624296969e0
0.499118628893407825336e0 0.143622962282705489794e0
-0.365158379609798887659e0 0.363848145965877782634e0
0.323392554788514838132e2 -0.212600056711027955401e2
-0.670375789252017677683e2 -0.136831519034873062028e2
0.107785819349000100108e2 -0.110879585459625606492e2
-0.599343274196208632696e0 -0.368707550413781517951e0
0.136976026426001091935e2 0.246592484029037964152e2

4.543576199244721e-02 2.227948692182372e-02
5.189772850503408e-01 5.739750371244406e-02
1.000000000000000e+00 0.000000000000000e+00
6.972718468564240e-02 1.417352574188932e-01
-4.156129198773551e-01 -1.511388310137003e-01
-2.421575079385553e-02 -8.839436864964775e-02
-4.501474598255253e-02 -2.150442616958340e-02
2.692679248669092e-01 3.538433764271908e-01
1.201517465203123e+00 6.939727449829859e-01
-8.850753436967745e-01 -1.032130228961201e+00

2.197695309035662e-01 1.412335628412653e-01
5.196976413849985e-03 4.652823410301338e-02
1.000000000000000e+00 0.000000000000000e+00
1.333420513293527e-01 6.552277452107496e-01
-6.811257306664653e-01 -5.814951204490429e-01
-2.560965161406942e-01 3.814713016852746e-02
1.230724008874001e+00 -1.340982726750946e+00
1.949087453824150e+00 1.422640635396032e+00
-6.749153617355350e-01 1.104308553264213e+00
-5.750494711577895e-01 -7.311282797168533e-01

-2.893873838629509e-01 1.001283357710789e-01
3.308209181622707e-02 2.431606729230688e-01
-2.682330658265452e-01 8.629072819428695e-01
-5.067779201620985e-01 -7.175879167651296e-01
1.000000000000000e+00 0.000000000000000e+00
-4.089599524525575e-01 -5.716025022153843e-01
2.315670611571972e-01 1.102107665852032e+00
2.705622184089870e-02 6.814047463073144e-01
9.163236557057841e-01 3.544591863242682e-01
-5.644672819559842e-01 -1.169447054336439e+00

3.029166802982396e-02 2.902802589393258e-03
1.000000000000000e+00 0.000000000000000e+00
2.996758509322828e-01 6.638056680829427e-01
3.676763745698480e-02 1.288349227284063e-01
-1.312718249514777e-01 -2.917100945748828e-01
9.660292146519395e-03 1.988193667149554e-03
-1.625250550817755e-02 1.168589446587846e-02
6.251413919164593e-02 3.365470816247466e-01
1.399831471265619e+00 5.801695132158855e-01
-1.016106065872046e+00 -1.050413896471571e+00

-2.985283588959920e-01 1.123692034192155e-01
-9.785737722068635e-02 2.517487479552843e-02
-3.650362203167791e-01 7.620283512516171e-01
-5.386900979956750e-01 -6.659477079183044e-01
1.000000000000000e+00 0.000000000000000e+00
-6.479645405095666e-01 -3.379231517806500e-01
1.306510135961506e+00 7.648268300513599e-01
3.717532054526081e-01 1.381007568178217e+00
2.660766608871516e-01 2.052682584718891e-01
-6.769589620503371e-01 -1.147865397249972e+00

3.448288395042551e-01 -1.757032445642928e-01
-1.182990170733639e-02 8.249819041887619e-03
-7.739698268327246e-01 -3.064796721198702e-01
1.000000000000000e+00 0.000000000000000e+00
-8.332023529889799e-01 -2.918479603765033e-01
1.611298608579994e-01 -1.544702351456458e-01
8.040189923818375e-01 -2.426300275761971e+00
3.072543996485011e+00 1.711808803165500e+00
-1.651740135014388e+00 1.420337485780903e+00
-2.110433605432203e-01 -1.773189457444881e-01

-3.457711905072652e-01 2.197925897894795e-01
3.331600449366394e-03 -8.220416836226575e-03
-7.800185609442688e-01 -1.788205698306144e-02
-7.449455773557031e-01 -5.772607966845515e-01
1.000000000000000e+00 0.000000000000000e+00
1.881587455528309e+00 3.224143961959410e+00
-3.125585388120679e-01 -3.700275256068186e-01
-6.156750732483022e+00 -9.383166083130607e-01
8.191433652164653e+00 -2.519434315588527e+00
-5.395635091829075e+00 -1.266873690353861e+00

1.000000000000000e+00 0.000000000000000e+00
-8.737507643549597e-04 -1.900121151907725e-03
6.717064896015122e-02 -4.624563719943776e-01
5.351783626863181e-01 3.444670851648341e-01
-5.626407822541259e-01 3.187446740781000e-01
1.415551889105886e+01 -1.826847922694114e+01
-3.694927421170503e+01 6.178765903705921e+00
2.794384395825579e+00 -3.855201004759887e+00
-1.869975598444085e+00 -3.371807910818735e+00
1.146874091633280e+01 1.175015885335900e+01

-2.097370478266319e-01 1.347849961296198e-01
-9.483246473213210e-02 5.539677819054378e-02
-7.510756154677445e-01 4.875445288515824e-01
-5.010902500276447e-01 -6.182801094384865e-01
1.000000000000000e+00 0.000000000000000e+00
-1.350233757181081e+00 -1.310176478449077e-02
1.376073450715130e+00 1.383771287313301e+00
-5.956013263714520e-02 1.039000886505589e-01
1.368360876913298e+00 1.163877265381121e+00
-7.808684787539203e-01 -2.144818250315867e+00

7.911303380906960e-01 -3.095875656970158e-01
-6.769022423592510e-03 -2.564021811654614e-03
-2.016000527093806e-01 -4.503657046957974e-01
1.000000000000000e+00 0.000000000000000e+00
-4.502188045027171e-01 8.012866843035464e-01
1.095085264596896e+01 -4.926891219756881e+00
-1.791611800321520e+01 -3.923352642595892e+00
-3.760508783280099e-01 -2.586668154843921e-01
2.384275409341252e+00 -4.221920589578925e+00
7.315955858364198e-01 7.750434753929131e+00

4.291671324025524e-02 -5.714248019698587e-02
-8.503766233428275e-01 -4.035230352128387e-01
1.000000000000000e+00 0.000000000000000e+00
2.042510424085996e-01 3.883533146886739e-02
-4.707759180922395e-01 -2.682885882204403e-03
8.756949924749683e-04 1.116589212297165e-02
-2.586302835256157e-01 8.615961500207343e-02
-3.182808151886893e-02 2.052267549261582e-02
1.669313531844983e+00 7.511966889708144e-01
-1.013325556223770e+00 -1.160219185012825e+00

3.253225609033285e-01 -4.007569698187979e-01
-3.059173692399407e-02 -3.301680605623414e-02
-2.583474566307365e-01 -2.618172777534681e-01
1.000000000000000e+00 0.000000000000000e+00
-9.414537744822626e-01 1.134837719691117e-01
8.218726940982487e-01 -1.342218206741286e+00
-2.013642945704717e+00 1.791503028488492e+00
-1.085678098450082e+00 5.784172335632540e-01
1.730844458501336e+00 -8.756967913842917e-01
-5.089141700236651e-01 -2.716231147696491e-01

1.381509746936678e-01 -4.740397910155238e-01
1.358501240357151e-02 -8.554014049304315e-03
-2.294788471914369e-01 -4.305101626994151e-01
1.000000000000000e+00 0.000000000000000e+00
-4.058402136554157e-01 6.638954638219184e-01
3.035123661630119e+00 -9.352001653543318e-01
-1.490485867085344e+00 -4.147761943703576e+00
3.065239996362417e+00 3.896609695844265e+00
-2.766579927220293e+00 -1.347392887959091e+00
-3.667123374993342e-01 2.733422162162956e+00

-6.107054604630174e-02 -2.199172024954102e-01
4.374496457954426e-02 -1.351647407435119e-01
-8.312969431199324e-01 1.067884494057332e-01
1.000000000000000e+00 0.000000000000000e+00
8.074816558165429e-01 4.521033941223025e-01
8.513240970465500e-01 -1.537862611995801e+00
-1.919019466726187e+00 4.358581357277712e-01
8.027825992634872e-01 9.480985592241379e-01
8.075127414752295e-02 9.191372721997403e-03
1.354057399226971e-01 1.016656002358816e-01

2.765459021585756e-01 -3.025514793329156e-01
1.001481558184544e-01 -3.310737766315264e-02
-3.139333357654357e-01 -4.864651801732450e-01
1.000000000000000e+00 0.000000000000000e+00
-8.387551137121066e-01 3.213823091233192e-01
5.723165314054106e-01 -7.630064806248762e-01
-9.363470502402402e-01 1.322600634504508e-01
3.787240752232308e-01 8.767728012422358e-01
6.591715335722734e-01 4.195887039291918e-02
-5.101115223251903e-01 -3.076633920712496e-01

5.498063775393006e-02 -4.824842110615861e-02
1.466166446276456e-01 7.021195937943272e-01
1.000000000000000e+00 0.000000000000000e+00
2.457382610851964e-01 9.998359082271482e-02
-5.275124177638286e-01 -1.905599294400881e-02
-2.364926947509133e-02 -4.893200926456932e-03
-1.301555229702399e-01 7.265256767361480e-02
3.517506544574055e-02 1.589441489364848e-01
1.523077752504457e+00 7.006445888185905e-01
-9.932777159777204e-01 -1.128391365647300e+00

1.807091348274456e-01 -4.076350362780823e-01
-3.704408807874703e-02 5.288569726414198e-02
5.262546455577165e-01 5.881767684026695e-02
1.000000000000000e+00 0.000000000000000e+00
-7.436802828701433e-01 3.975443032909735e-01
2.129998350951167e+00 6.826091330979076e-01
-1.420297944021773e+00 -1.470305017557114e+00
-1.478167241931908e+00 8.990387700765357e-01
2.799949504998700e+00 -1.444305901101238e+00
-2.395374556550875e+00 4.073687415299161e-01

