4
52
-6.007483744614278e+00 1.244608155427716e+00
3.258839170977281e+00 -2.180254460247741e+00
3.059186233216335e+00 -4.589650079266058e+00
2.738533261431765e-01 5.284752055550606e+00
5.333074995453042e-01 -2.756500365583712e+00
-2.401088818978133e+00 1.262483108890057e-01
-3.083695032801152e+00 1.173150826463488e+00
-2.256989025672165e+00 -3.069657250467693e+00
0 0
0 0
0 0
0 0
0 0
0 0
0 0
1 3
13
52
-6.292269399204368e+00 1.215634177392080e+00
3.539393498807490e+00 -2.467933487183279e+00
2.970673517322933e+00 -4.839795114083107e+00
2.273492053490733e-01 5.206416831399157e+00
5.313881840791163e-01 -3.376202358916875e+00
-2.343816130525526e+00 1.250975783027075e+00
-3.462018663420229e+00 1.311315488423282e+00
-2.892534309895072e+00 -2.680484344736853e+00
0 0
0 0
0 0
0 0
0 0
0 0
0 0
1 2
15
52
-5.715186163331933e+00 5.528500049674738e-01
3.347578266049851e+00 -2.345268380279505e+00
3.057072126012208e+00 -4.680471417799748e+00
8.549243066341704e-01 5.371202457415382e+00
8.894824818959035e-02 -2.860100392671006e+00
-2.439353051730082e+00 7.030338392781352e-01
-3.442514759264749e+00 1.367325729617063e+00
-2.831406048640471e+00 -3.250655980089556e+00
0 0
0 0
0 0
0 0
0 0
0 0
0 0
0 0
16
52
-6.437967766667278e+00 4.778428509250198e-01
2.550678425349425e+00 -2.171182934737039e+00
3.345105452050519e+00 -4.722645870428745e+00
4.340176042086044e-01 6.501287825274840e+00
-5.319936196186148e-01 -2.788634725633917e+00
-2.044957843983074e+00 4.804656036234784e-02
-3.688290323203493e+00 1.322545188332948e+00
-3.159566970371480e+00 -3.325199810486660e+00
0 0
0 0
0 0
0 0
0 0
0 0
0 0
1 0
17
52
-6.332317798966863e+00 9.377108552790374e-01
3.575954944309769e+00 -2.348737973261123e+00
3.189959531879138e+00 -4.632861038968668e+00
1.601025991012044e-01 5.700632858627048e+00
7.191418294426104e-01 -2.747416113561901e+00
-2.627772470163117e+00 2.367807098875304e-01
-3.182995537872990e+00 1.018638951681872e+00
-2.473248241902870e+00 -3.414499222800883e+00
0 0
0 0
0 0
0 0
0 0
0 0
0 0
1 1
23
52
-6.913376305127874e+00 -1.073192454674262e-01
3.321462747133758e+00 -3.673264774898740e+00
2.678068769585699e+00 -4.320645832031969e+00
-5.885569829181382e-01 5.482400116920584e+00
1.083676492798338e+00 -2.507124297151732e+00
-1.612956452647850e+00 -8.640938292086489e-01
-3.730527052873265e+00 1.376689581564761e+00
-8.690208684737052e-01 -4.957537189084447e+00
0 0
0 0
0 0
0 0
0 0
0 0
0 0
1 2
27
52
-6.782645603432353e+00 7.833028650884633e-01
3.852215885388968e+00 -3.431862407540642e+00
2.934422786967229e+00 -4.288606266319671e+00
9.783391060342854e-02 6.268875747009717e+00
6.350647844816004e-01 -3.095313166987005e+00
-2.140449832721751e+00 2.050588876113369e-02
-3.166931672870068e+00 1.208865615677658e+00
-2.442888880972090e+00 -4.047909232345631e+00
0 0
0 0
0 0
0 0
0 0
0 0
0 0
1 1
32
52
-6.368355877627317e+00 1.093471900758662e+00
3.651657782585016e+00 -3.027028899885877e+00
3.044156634137299e+00 -4.440541489906158e+00
-1.151487871456560e-01 5.314445627709556e+00
9.229018393386579e-01 -2.711577117058946e+00
-2.874774684634044e+00 5.364140282749426e-01
-3.398582312132079e+00 1.001966754159400e+00
-1.779008247415981e+00 -3.583217147983261e+00
0 0
0 0
0 0
0 0
0 0
0 0
0 0
1 1
38
52
-6.017928617025606e+00 1.097725990484255e+00
3.538171115665829e+00 -2.338353883636163e+00
3.030506736110290e+00 -4.508131258862074e+00
-2.718138067815308e-01 5.627771895885695e+00
7.323866594678687e-01 -3.162295258739385e+00
-2.520589078442555e+00 7.298377642571542e-01
-3.379279608796573e+00 1.350207233525276e+00
-2.296268454215983e+00 -3.728453982144108e+00
0 0
0 0
0 0
0 0
0 0
0 0
0 0
1 2
39
52
-6.265375113281046e+00 1.174731746877915e+00
3.389653609249328e+00 -2.417746712807589e+00
3.087241591458075e+00 -4.568577056170414e+00
-4.497432215542926e-02 5.601051860221296e+00
7.057215621263985e-01 -2.751351776405774e+00
-2.417194404742845e+00 4.207303650974752e-01
-3.355227016441614e+00 1.193512317453842e+00
-2.069320555989477e+00 -3.398569057279701e+00
0 0
0 0
0 0
0 0
0 0
0 0
0 0
1 3
42
52
-6.309586441848886e+00 9.207949953788926e-01
3.018213335905791e+00 -2.357973655019269e+00
3.082835686709320e+00 -4.693551331252233e+00
-1.534912620564662e-01 5.264977238449328e+00
6.411048549025424e-01 -2.883952194217482e+00
-2.318686648074956e+00 3.757196044348633e-01
-3.372596150527683e+00 1.141025324735851e+00
-2.303015735804066e+00 -3.310586567626985e+00
0 0
0 0
0 0
0 0
0 0
0 0
0 0
1 1
43
52
-6.103694599033403e+00 1.182057636199957e+00
3.278771770116945e+00 -2.416553363478520e+00
3.124869899999115e+00 -4.572937226797005e+00
8.513766776064312e-02 5.574503251764278e+00
7.082257109914144e-01 -2.684823590552085e+00
-2.358756187077563e+00 5.392912432591805e-01
-3.287158568317851e+00 1.157473735219648e+00
-2.105886378009611e+00 -3.405505455912730e+00
0 0
0 0
0 0
0 0
0 0
0 0
0 0
1 2
45
52
-6.408314130439368e+00 1.016329577861556e+00
3.611584251281514e+00 -2.343433944254604e+00
3.034422581359760e+00 -4.513185042697964e+00
5.273832461791236e-02 5.877836915393998e+00
5.390499643765366e-01 -2.920814176113889e+00
-2.612112551174793e+00 1.299759241467149e-01
-3.315293162284471e+00 1.175349262726229e+00
-2.437922409647195e+00 -3.499171328613039e+00
0 0
0 0
0 0
0 0
0 0
0 0
0 0
0 0
47
52
-6.131923012440428e+00 8.281749216617075e-01
3.449435422582119e+00 -2.205022524896249e+00
3.050735787860357e+00 -4.720641635971724e+00
-9.612040839261710e-02 5.602203105734161e+00
4.926290111772030e-01 -2.968866845250063e+00
-2.599190434742577e+00 5.172101465067869e-01
-3.357640052404702e+00 1.485610524876555e+00
-2.455750158299244e+00 -3.606796521520015e+00
0 0
0 0
0 0
0 0
0 0
0 0
0 0
1 1
65
52
-6.106187675853490e+00 2.599733918211837e-01
3.731379007518168e+00 -2.404422380355699e+00
2.411326457345274e+00 -4.996871485311141e+00
5.744330540641047e-01 5.584639033342926e+00
8.855807044606470e-01 -2.989154400403302e+00
-2.560106607175141e+00 1.764752879884926e-01
-3.119088767644230e+00 8.853581490941950e-01
-2.595376657990808e+00 -3.889743505991099e+00
0 0
0 0
0 0
0 0
0 0
0 0
0 0
1 0
73
52
-6.451611520847971e+00 7.750777176399902e-01
4.226492153653751e+00 -3.775346251891221e+00
4.153912527333841e+00 -4.960458058272567e+00
1.596904704747503e-01 5.370769580278289e+00
1.724866554734368e+00 -2.695929490953758e+00
-1.684041868166404e+00 1.321080873505153e+00
-2.883704290621314e+00 9.980682612734887e-01
-2.436519540837902e+00 -3.353912246274413e+00
0 0
0 0
0 0
0 0
0 0
0 0
0 0
1 3
75
52
-5.747377418800633e+00 1.392140024498165e+00
3.677405224885356e+00 -3.025686202563995e+00
3.065439037845565e+00 -4.458968436031044e+00
6.008162382967763e-01 4.974826045798836e+00
1.024684576990585e+00 -2.461072727913222e+00
-3.463164607217114e+00 5.583811979666067e-01
-3.265409841763187e+00 1.064809783519161e+00
-1.608679476935873e+00 -3.676544182005764e+00
0 0
0 0
0 0
0 0
0 0
0 0
0 0
1 0
78
52
-5.954203248703688e+00 1.389955717689480e+00
3.722098201943253e+00 -3.779236076195465e+00
3.165294721187816e+00 -4.135198283317211e+00
-6.509631449089377e-01 5.065321214669462e+00
1.207106899143821e+00 -3.015302928201510e+00
-3.138172967240875e+00 1.012257588079050e+00
-3.476865129812116e+00 9.277879905299748e-01
-1.165042189043973e+00 -4.070068651779388e+00
0 0
0 0
0 0
0 0
0 0
0 0
0 0
1 3
82
64
-6.13480115906034010817 1.24770669929600478635
3.33618315031512984998 -2.45915789689613817673
3.08008966902232005211 -4.60316079935358286705
5.17039622805869890184e-2 5.62359726064126906001
7.57490010925122081930e-1 -2.73503760019669848449
-2.32216290620668986810 5.88410746817606545472e-1
-3.29855481244729786035 1.15008062646302666049
-2.05973684217819682130 -3.39052956212654450514
0 0
0 0
0 0
0 0
0 0
0 0
0 0
1 2
83
52
-5.977241871216555e+00 1.708398439284267e+00
4.457991576063304e+00 -2.933824628121465e+00
2.994984481782625e+00 -4.203761498192465e+00
3.525609759332173e-01 4.726428328153975e+00
1.252382477982282e+00 -2.536931380796169e+00
-3.732486866887027e+00 5.260138614445693e-01
-3.172952543336120e+00 8.551826484349906e-01
-1.395909355403661e+00 -3.165104039297916e+00
0 0
0 0
0 0
0 0
0 0
0 0
0 0
1 3
85
52
-6.420386797808334e+00 1.033174005357054e+00
3.446518123455703e+00 -2.392306203079661e+00
2.973117643480967e+00 -4.610974069967992e+00
-2.499215595832094e-01 5.633826553307368e+00
7.125467827573797e-01 -2.876101251894167e+00
-2.143550309618026e+00 2.820560619581715e-01
-3.495542727553445e+00 1.242300828091760e+00
-1.961660759910838e+00 -3.412809155644633e+00
0 0
0 0
0 0
0 0
0 0
0 0
0 0
1 0
87
52
-6.095222260478812e+00 1.062325017720870e+00
3.562263603496696e+00 -2.504551613545638e+00
3.098071278493178e+00 -4.615575307775730e+00
1.773565244376142e-01 5.500359054894338e+00
8.018561458448591e-01 -2.741040021893642e+00
-2.589788394820265e+00 4.688458626969594e-01
-3.251675513476758e+00 1.107264228406295e+00
-2.150634686125036e+00 -3.473499636748784e+00
0 0
0 0
0 0
0 0
0 0
0 0
0 0
1 2
94
52
-6.208741705711671e+00 9.606432061649338e-01
3.753122759875154e+00 -2.368091961101083e+00
3.048342755825607e+00 -4.534806415123280e+00
-5.287433407917896e-02 5.521260554974075e+00
8.064144255672427e-01 -2.707896999218430e+00
-2.627160862749816e+00 4.810621056945011e-01
-3.202818896259819e+00 1.045402165271501e+00
-2.134100520423476e+00 -3.424062128598830e+00
0 0
0 0
0 0
0 0
0 0
0 0
0 0
0 0
95
52
-5.882496173785507e+00 1.063916686157887e+00
3.809196584818904e+00 -2.332545949462321e+00
3.015996621079480e+00 -4.551549791358426e+00
-1.803833122182811e-01 5.556223009861295e+00
6.616414537920874e-01 -3.465622547148749e+00
-2.625807798704209e+00 6.306984025028383e-01
-3.352514995662239e+00 1.021053401694373e+00
-2.481727523571025e+00 -3.413924919554037e+00
0 0
0 0
0 0
0 0
0 0
0 0
0 0
1 0
104
52
-6.458489455489849e+00 1.082174938782539e+00
3.276714401331621e+00 -2.370947330612951e+00
3.175254633823787e+00 -4.536544741301453e+00
4.813043428323237e-02 5.835689229726572e+00
5.218764227383214e-01 -2.702305807006729e+00
-2.258165182285334e+00 -1.456288101341969e-01
-3.327513671536823e+00 1.444617867668345e+00
-2.192957647044775e+00 -3.572184256748233e+00
0 0
0 0
0 0
0 0
0 0
0 0
0 0
0 0
106
52
-5.944613434524745e+00 8.709351377431707e-01
3.724687278002611e+00 -2.147968020691365e+00
3.005015596851207e+00 -4.685950873037352e+00
-1.208505396809436e-01 5.620953918009678e+00
3.546466149440253e-01 -2.733281139310233e+00
-1.999273525883108e+00 3.084770461844411e-01
-3.466554115270282e+00 1.150846059227472e+00
-1.735303036203867e+00 -2.995997168206961e+00
0 0
0 0
0 0
0 0
0 0
0 0
0 0
1 1
108
52
-6.265712959130485e+00 1.154623864755309e+00
3.269836610878697e+00 -2.542803875877115e+00
3.123144608862630e+00 -4.640662504521025e+00
5.004960001711975e-02 5.732322888753815e+00
6.806479272288088e-01 -3.009494212637907e+00
-2.263280031070524e+00 7.334403279505755e-01
-3.472471891774545e+00 1.379899632589180e+00
-2.414825738569129e+00 -3.549523247287894e+00
0 0
0 0
0 0
0 0
0 0
0 0
0 0
1 3
109
52
-6.704468779517469e+00 3.905959412007802e-01
3.820409860234294e+00 -2.550360996159967e+00
2.951041766634202e+00 -4.657543140263845e+00
2.074942707151980e-01 5.875704828835502e+00
4.046401271728942e-01 -2.836195781300961e+00
-2.371486246076941e+00 -1.851451334081302e-01
-3.329217023621319e+00 8.347141925071031e-01
-2.568483825034768e+00 -3.264718475074846e+00
0 0
0 0
0 0
0 0
0 0
0 0
0 0
0 0
112
52
-6.370857840190044e+00 1.178988536194552e+00
3.278736084969738e+00 -2.578856645952660e+00
3.130188314287231e+00 -4.637273940169510e+00
-9.662648780024323e-02 5.662864529053988e+00
6.127502610605398e-01 -2.663579641718648e+00
-2.321122016883670e+00 7.575641531576657e-01
-3.413707809350791e+00 1.354087332292574e+00
-2.072696584410542e+00 -3.352036631626299e+00
0 0
0 0
0 0
0 0
0 0
0 0
0 0
1 2
120
52
-6.022856496400212e+00 1.497985385302744e+00
4.028381940484929e+00 -2.755999613013478e+00
3.071663960598286e+00 -4.290893249670917e+00
4.046933635876082e-01 5.143739329874100e+00
9.918839966313245e-01 -2.597319702272152e+00
-3.400895553163074e+00 3.995210702205343e-01
-3.207064718454455e+00 9.624255241123381e-01
-1.799386016232607e+00 -3.368758940254408e+00
0 0
0 0
0 0
0 0
0 0
0 0
0 0
1 0
132
52
-6.359515673788867e+00 9.708889254929330e-01
2.401523188797819e+00 -2.429164169836850e+00
3.160051644402775e+00 -4.580036269244040e+00
4.694772521038333e-01 5.907863798747347e+00
1.575709683993260e-01 -1.913479541393499e+00
-2.428958002166293e+00 2.380597525330554e-01
-3.314391317898383e+00 1.472681438504233e+00
-2.132397095472119e+00 -3.671405260180751e+00
0 0
0 0
0 0
0 0
0 0
0 0
0 0
1 2
133
52
-5.923641686027748e+00 8.415655847934020e-01
3.555437223496096e+00 -2.302086080282661e+00
3.415328189020901e+00 -4.489400946584860e+00
-1.213453121266541e-01 5.559530780734758e+00
6.951952060249589e-01 -3.001923782923717e+00
-2.406780206716682e+00 4.235787590306841e-01
-3.520053406596876e+00 9.042380622300271e-01
-2.270057111858139e+00 -3.448900614881846e+00
0 0
0 0
0 0
0 0
0 0
0 0
0 0
1 3
135
52
-6.428127074943698e+00 1.225152234297658e+00
3.176926880304197e+00 -2.628591140429766e+00
2.943900828556948e+00 -4.227130913834073e+00
-2.727050342680980e-02 5.693881562095602e+00
3.118906973263192e-01 -2.788592589128249e+00
-2.872790377046755e+00 7.781799783274551e-01
-3.657917291566290e+00 1.168311519209765e+00
-2.250354167553661e+00 -3.428125376088422e+00
0 0
0 0
0 0
0 0
0 0
0 0
0 0
1 0
136
52
-6.127164319643757e+00 1.062052107451452e+00
3.799969211343062e+00 -2.493866271069125e+00
3.129777618805108e+00 -4.607727273879279e+00
1.537201424598789e-01 5.451538431146355e+00
7.921044817446296e-01 -2.816544670931413e+00
-2.659328150694614e+00 4.411169273369778e-01
-3.204215790145456e+00 9.828511168797830e-01
-2.211525276645105e+00 -3.256174313585661e+00
0 0
0 0
0 0
0 0
0 0
0 0
0 0
1 1
141
64
-6.16718696979461452517 1.24556397628042757255
3.76250118984363387609 -2.50003638024356255676
3.04914356967752286530 -4.84868458819869633993
1.18007444730270959875e-1 5.42903895094561024124
1.26418458176983533386 -2.67777238964279053852
-1.61603500897614054137 9.73563927362631860701e-1
-3.06133877812337051351 1.29517903137425251551
-1.95556637978631476279 -3.17246909361157773525
0 0
0 0
0 0
0 0
0 0
0 0
0 0
1 2
146
52
-6.094952767227414e+00 1.165507498999750e+00
3.223136664468263e+00 -2.438763178523926e+00
3.161325405462409e+00 -4.508389785703082e+00
1.424112810682354e-01 5.565846294025274e+00
5.514163053777588e-01 -2.658769513584049e+00
-2.299733780702950e+00 4.805803610141978e-01
-3.294443764096584e+00 1.285782587847460e+00
-2.141878513678358e+00 -3.379827355739110e+00
0 0
0 0
0 0
0 0
0 0
0 0
0 0
1 2
147
52
-5.579027093521607e+00 1.318706854796547e+00
3.287701143036133e+00 -2.547420228955067e+00
2.904456614002777e+00 -4.742818266315306e+00
1.018015454155848e+00 5.808496659439224e+00
7.702776409875198e-01 -2.847301538541234e+00
-2.217214239120822e+00 3.404670101052281e-01
-3.696680929172334e+00 1.507660621705253e+00
-1.922960782763076e+00 -3.924112211785621e+00
0 0
0 0
0 0
0 0
0 0
0 0
0 0
1 3
153
52
-6.516946949864044e+00 8.318094471011920e-01
3.646918236659216e+00 -2.683227049578460e+00
2.979611385828646e+00 -4.567404767422823e+00
6.104223821292457e-02 5.629019437164849e+00
6.511391912001592e-01 -2.746858199924552e+00
-2.656610760632769e+00 1.430071909368126e-01
-3.317460749837928e+00 9.657893444615356e-01
-2.191756673568772e+00 -3.434230505391102e+00
0 0
0 0
0 0
0 0
0 0
0 0
0 0
0 0
154
52
-7.347213414024422e+00 1.902600923441196e+00
3.891869956814588e+00 -2.054749237029863e+00
2.744295993786484e+00 -4.600907564646240e+00
9.420635494706130e-01 5.480367966974770e+00
4.634706711901275e-01 -1.443349872586560e+00
-3.393328990049608e+00 -5.138071913987359e-01
-3.365405859713491e+00 1.523869325192785e+00
-1.502042356709966e+00 -2.282405484312315e+00
0 0
0 0
0 0
0 0
0 0
0 0
0 0
1 0
157
52
-6.000758812038318e+00 1.721962376912649e+00
4.456093214575731e+00 -2.908596384269318e+00
2.991035288623328e+00 -4.207619835571449e+00
3.636116387447392e-01 4.742605288226263e+00
1.240305729428512e+00 -2.524302848028424e+00
-3.730590815052599e+00 5.005442193143591e-01
-3.170420596871969e+00 8.624661713676847e-01
-1.404564835889034e+00 -3.142078926390832e+00
0 0
0 0
0 0
0 0
0 0
0 0
0 0
1 3
158
52
-6.058150732325668e+00 1.072733788604588e+00
3.787653394011713e+00 -2.045497866317508e+00
3.513602848175482e+00 -4.884503870492321e+00
-8.172341707961900e-02 5.218567176387276e+00
1.287850264477819e+00 -2.186964679675421e+00
-2.281045345711471e+00 1.406759983728000e+00
-2.808745315181716e+00 5.364629781806968e-01
-2.188796987726964e+00 -2.588791354336924e+00
0 0
0 0
0 0
0 0
0 0
0 0
0 0
0 0
163
52
-6.134811147729865e+00 1.185813504739975e+00
3.521421658863477e+00 -2.286736777878194e+00
3.093307961913832e+00 -4.579917840693359e+00
4.579784986415594e-02 5.507882268791997e+00
7.889684259979636e-01 -2.655431802133586e+00
-2.534155367212692e+00 3.386852016247144e-01
-3.214388404856971e+00 1.152895673676946e+00
-2.028345026832130e+00 -3.376421112378664e+00
0 0
0 0
0 0
0 0
0 0
0 0
0 0
0 0
164
52
-6.171276912107006e+00 1.209930199638524e+00
3.240580338197204e+00 -2.378828577818116e+00
3.099022608114707e+00 -4.538720976960752e+00
1.170206018728960e-01 5.640579901791924e+00
5.460966445091908e-01 -2.670598191018609e+00
-2.288824206559835e+00 4.403690015857115e-01
-3.328718984958856e+00 1.305647603446528e+00
-2.119607682238448e+00 -3.353609931264746e+00
0 0
0 0
0 0
0 0
0 0
0 0
0 0
1 0
165
52
-6.233733978428212e+00 6.716112852988386e-01
3.762940735605570e+00 -2.490414411822645e+00
3.069687565661809e+00 -4.679144196672143e+00
8.516118135707219e-02 5.680396971695574e+00
8.893491135388770e-01 -2.900418131245014e+00
-2.395500676767603e+00 2.012082447396294e-01
-3.205002376208432e+00 9.589387469673695e-01
-2.352050618480330e+00 -3.661160471223386e+00
0 0
0 0
0 0
0 0
0 0
0 0
0 0
1 1
169
52
-7.596812405124740e+00 8.543904984977462e-01
3.339878089821762e+00 -2.855319194438093e+00
2.677132419386669e+00 -4.365854886940526e+00
3.483712188943706e-01 5.888713912437939e+00
9.621824452232895e-02 -3.077609637281903e+00
-2.781177490189764e+00 -5.620792817085595e-01
-3.614490463162940e+00 1.033649796017733e+00
-2.989300459879306e+00 -3.113512882272343e+00
0 0
0 0
0 0
0 0
0 0
0 0
0 0
1 0
170
52
-6.115466767574359e+00 9.546389648215572e-01
3.855459502591486e+00 -2.372731448993413e+00
3.003950393535251e+00 -4.580759830084816e+00
1.190008581180329e-02 5.584387673147417e+00
8.652158710617760e-01 -2.718192827201622e+00
-2.581436652619569e+00 4.801212559014288e-01
-3.192616699364675e+00 1.040774354080154e+00
-2.062095274296293e+00 -3.489443734338447e+00
0 0
0 0
0 0
0 0
0 0
0 0
0 0
1 1
172
52
-5.507411828843145e+00 1.201618158604887e+00
4.765380542027950e+00 -2.100591414281454e+00
4.364141519602121e+00 -2.980603650877317e+00
6.948734949568798e-01 5.302006185022394e+00
1.454233054122493e+00 -1.837670248870301e+00
-2.623928568941627e+00 8.958661223005883e-01
-2.988813845287181e+00 5.504974323695778e-01
-2.264774892207329e+00 -3.430946349042316e+00
0 0
0 0
0 0
0 0
0 0
0 0
0 0
1 3
177
52
-6.045697950933780e+00 1.032594656284601e+00
3.261290801209019e+00 -3.044845457808394e+00
3.264991919937505e+00 -4.442040935721358e+00
-5.006148706442654e-02 5.472847411976087e+00
7.150155804095791e-01 -2.927764047359530e+00
-2.737566179663134e+00 1.081307064116877e+00
-3.510329802393293e+00 1.042459977585642e+00
-2.218253383465634e+00 -3.711929160048844e+00
0 0
0 0
0 0
0 0
0 0
0 0
0 0
1 3
178
52
-6.597872541110243e+00 7.670797251957719e-01
3.787808649577890e+00 -2.543764167090587e+00
3.051162916474824e+00 -4.715415901215076e+00
3.154095894728238e-01 5.628894385532542e+00
1.423328373848191e+00 -2.925840949669547e+00
-2.112308948505886e+00 1.158893966046798e-02
-3.045397818328184e+00 9.167076111426852e-01
-2.601962640876136e+00 -3.769276048903639e+00
0 0
0 0
0 0
0 0
0 0
0 0
0 0
0 0
179
52
-6.027028201301917e+00 7.183877568678463e-01
3.949198816450530e+00 -1.568194626582055e+00
2.676859312469982e+00 -4.734178535431267e+00
-9.079479774756151e-03 5.455277331807291e+00
5.099730516923280e-01 -3.304535647363091e+00
-2.749100944674328e+00 8.524525394335996e-01
-4.116155487418271e+00 1.417242978570151e+00
-2.424432634955398e+00 -3.308514957178872e+00
0 0
0 0
0 0
0 0
0 0
0 0
0 0
1 0
180
52
-5.949852130763332e+00 1.171381188291839e+00
3.068252249343260e+00 -2.055396621787669e+00
3.115655861190211e+00 -4.612054476324204e+00
-8.336185762749120e-02 5.617966173548472e+00
3.018733513186895e-01 -2.681133743138522e+00
-2.318339016617295e+00 2.816234438605270e-01
-3.282771684405305e+00 1.154325776472354e+00
-2.046979570229191e+00 -3.141903737534302e+00
0 0
0 0
0 0
0 0
0 0
0 0
0 0
1 1
182
52
-6.184994629360077e+00 1.182709185900123e+00
2.848715244770774e+00 -2.493552931170657e+00
3.173523071410071e+00 -4.558083119367862e+00
-1.655405613375694e-01 5.277370954017095e+00
3.282071307461023e-01 -2.836399837597262e+00
-2.162160919322839e+00 4.514281520667136e-01
-3.264405256880524e+00 1.199726320416074e+00
-2.206106700880194e+00 -3.016625883412942e+00
0 0
0 0
0 0
0 0
0 0
0 0
0 0
1 3
188
52
-7.536085841768970e+00 1.369786900691576e+00
2.436698875675360e+00 -2.430314550485912e+00
3.256649019468794e+00 -4.122516602614819e+00
4.632844423039698e-02 6.702083089655754e+00
8.320002963767308e-01 -3.046089119379808e+00
-3.347523629483483e+00 -1.271912005019953e+00
-3.411362400851743e+00 1.845439389081770e+00
-3.269431269707753e+00 -5.280891179442705e+00
0 0
0 0
0 0
0 0
0 0
0 0
0 0
0 0
190
52
-6.240720301614822e+00 1.081792098601855e+00
3.345203402734362e+00 -2.439967335794972e+00
3.297152606214296e+00 -4.851571201543343e+00
3.477192753001800e-03 5.540155468131004e+00
7.842968238450613e-01 -2.557799474770997e+00
-2.125207791535931e+00 9.867142827199529e-01
-3.331219142696084e+00 1.330852563727638e+00
-2.148852384006199e+00 -3.188911610652794e+00
0 0
0 0
0 0
0 0
0 0
0 0
0 0
1 1
197
52
-6.191050327773162e+00 1.029026697402613e+00
3.489865981247110e+00 -2.557372652913763e+00
3.065976673507691e+00 -4.611603293769408e+00
-2.959907789796653e-02 5.598522717668986e+00
7.313318814862335e-01 -2.794025892645860e+00
-2.643645772472703e+00 3.930732439743963e-01
-3.203697327055599e+00 1.075452137034894e+00
-2.154077989885759e+00 -3.548237707130185e+00
0 0
0 0
0 0
0 0
0 0
0 0
0 0
1 3
198
52
-6.102184503111086e+00 1.095016784689959e+00
3.413693143739465e+00 -2.381893525666465e+00
3.117139801202433e+00 -4.535918897382990e+00
-3.169939012279972e-02 5.546970993138586e+00
7.399531939415771e-01 -2.759818281424537e+00
-2.559907612102145e+00 3.365489167901941e-01
-3.264382462331680e+00 1.044843523011843e+00
-2.088892651141891e+00 -3.487426031008675e+00
0 0
0 0
0 0
0 0
0 0
0 0
0 0
0 0
199
52
-6.619764396257431e+00 1.576559590632896e+00
3.377930127998963e+00 -2.596493752003182e+00
3.043361221959167e+00 -4.630950015025946e+00
-3.044582179075516e-01 5.782728718526174e+00
8.160003193249336e-01 -3.272697051672113e+00
-2.252217505247969e+00 6.416687881856971e-01
-3.369236247909616e+00 1.329573841500999e+00
-2.390310362841782e+00 -3.293097223864762e+00
0 0
0 0
0 0
0 0
0 0
0 0
0 0
1 0
202
52
-6.602969098165319e+00 1.540403475699575e+00
3.783400815394788e+00 -2.241057319715342e+00
2.769213037644823e+00 -4.270130264733810e+00
3.390090423514743e-01 5.292545027930422e+00
9.588707290039774e-01 -2.008894850762547e+00
-2.755680558900919e+00 -2.694624700732097e-01
-3.003418967179021e+00 1.467081724582288e+00
-1.496842037742976e+00 -3.321482604309605e+00
0 0
0 0
0 0
0 0
0 0
0 0
0 0
1 3
203
52
-6.300794701264774e+00 9.967385482924311e-01
3.612827623216839e+00 -2.463334889962941e+00
3.137979315767994e+00 -4.859327742127570e+00
1.942187977249979e-01 5.703587692979929e+00
7.550692471086621e-01 -2.816941255263095e+00
-2.632827158091101e+00 2.189891925531936e-01
-3.283800043861165e+00 1.013712646076440e+00
-2.293346887998771e+00 -3.348003718302268e+00
0 0
0 0
0 0
0 0
0 0
0 0
0 0
0 0
207
64
-6.23932043174634518414 1.24971978685968762080
3.34767802995338891966 -2.35605391777856752332
3.00259725113819622602 -4.66894647018618733384
9.35551960315735815310e-2 5.58603917249019484362
8.16899114950673460231e-1 -2.67217529616097087771
-2.33501036376804472117 6.26541309154616132436e-1
-3.29337959807226964329 1.18975971487036836507
-2.09628674999678662897 -3.33286531394727689008
0 0
0 0
0 0
0 0
0 0
0 0
0 0
1 3
210
52
-5.940275256758700e+00 1.232782405350729e+00
3.671484410351709e+00 -2.424804140449074e+00
3.374776522502410e+00 -4.196904875280130e+00
2.722283917995511e-01 5.406407999338183e+00
9.621594138793439e-01 -2.755463327781570e+00
-2.646587130184308e+00 7.075541700741034e-01
-3.231209032464238e+00 1.041084572902864e+00
-2.374908497171472e+00 -3.525037386171047e+00
0 0
0 0
0 0
0 0
0 0
0 0
0 0
1 1
212
52
-5.796706202267059e+00 9.174213101623147e-01
3.840336813924852e+00 -2.849546399290358e+00
4.036564720973545e+00 -4.299464071430458e+00
-3.822786519708875e-02 5.335347083715893e+00
1.193279035667308e+00 -2.746798582827465e+00
-2.301298885617192e+00 8.680029930556503e-01
-3.365865007853610e+00 8.712091467151157e-01
-2.148674615210458e+00 -3.586006886366449e+00
0 0
0 0
0 0
0 0
0 0
0 0
0 0
1 3
214
52
-6.698607195880896e+00 1.960048690477105e+00
3.168915349542422e+00 -2.575998060033578e+00
2.976511423584535e+00 -4.494864467648502e+00
3.690650333654139e-01 5.432536922028126e+00
3.340638521478297e-01 -2.545723916488882e+00
-3.564428539444551e+00 1.517487781214606e-01
-3.442473787476638e+00 1.344490083636489e+00
-2.081080532937749e+00 -2.901557528568882e+00
0 0
0 0
0 0
0 0
0 0
0 0
0 0
1 0
215
52
-6.058585330826573e+00 1.126652510180573e+00
3.399700104245150e+00 -2.166157674264952e+00
3.480733208959548e+00 -4.425040644235115e+00
-5.212157400724093e-02 5.589096612849348e+00
9.070819179905852e-01 -2.602788359930964e+00
-2.483625380968852e+00 6.738523204556255e-01
-3.199644620637120e+00 1.018593585005407e+00
-2.336454357458248e+00 -3.470374931343194e+00
0 0
0 0
0 0
0 0
0 0
0 0
0 0
1 1
216
52
-6.051954847262746e+00 1.078451335020354e+00
3.424369727667361e+00 -2.498582273965026e+00
3.039866074379488e+00 -4.363160237762123e+00
-2.163111644657630e-01 5.551059274943810e+00
6.993716145545814e-01 -2.789430384481614e+00
-2.757075939321708e+00 6.586754788704245e-01
-3.323319743569031e+00 1.096726167380567e+00
-2.037333349301512e+00 -3.699043397372270e+00
0 0
0 0
0 0
0 0
0 0
0 0
0 0
1 2
218
52
-7.998702893764654e+00 -1.031929524573193e+00
3.197421232357152e+00 -2.327829796559188e+00
3.325511814951859e+00 -4.485844991472621e+00
5.664114711660995e-02 3.495712876431923e+00
2.046803291601318e-01 -1.944912091012997e+00
-2.602756152649799e+00 4.802584978147250e-01
-3.922430615125161e+00 1.434819616550588e+00
-3.338469367856659e+00 -2.278431615187400e+00
0 0
0 0
0 0
0 0
0 0
0 0
0 0
0 0
222
64
-6.01482255895865007339 1.21524188101005293616
3.55373912868810116691 -2.51504627057897242907
3.17531518153728154678 -4.30042691568015370430
2.11822130427123077906e-1 5.47244892499280471835
8.58261422945018675134e-1 -2.75649691237487842591
-2.64819390176397967754 6.51627051173343174609e-1
-3.26105316026000524045 1.07984228002117629429
-2.23753632262728034208 -3.56357262344657182052
0 0
0 0
0 0
0 0
0 0
0 0
0 0
1 3
223
96
-5.70664950768886640861746978205 1.26476824629490819061575326238
4.22984762738323711319935036037 -2.75574706949449670706292577267
3.06151855095552394939596415541 -4.33175954716597531692570252048
7.28511828103964079781996037167e-2 5.15823293171160602161731315729
2.19965865797807730836433497987e-1 -3.05509932318035582103240351590
-3.16566581917015287947055610176 5.17469746129531919206095702688e-1
-3.08721271691944939055763894192 7.85428137174213811044642829660e-1
-2.01364646712934777045731825629 -2.67222130587564050481484141686
0 0
0 0
0 0
0 0
0 0
0 0
0 0
0 0
228
52
-5.773907702737106e+00 -1.275380455375678e+00
3.212572245858674e+00 -1.637410172180063e+00
3.628097645784007e+00 -4.904803872022327e+00
-2.746828542428068e+00 4.872211827077651e+00
1.081038094029186e+00 -3.628929840759923e+00
-1.124604088725079e+00 1.734956136351150e+00
-2.806742295106206e+00 8.016191205961327e-01
-3.062202286433621e+00 -4.136363820837039e+00
0 0
0 0
0 0
0 0
0 0
0 0
0 0
0 0
234
52
-6.489898452206052e+00 1.510188608422406e+00
3.030362679431165e+00 -2.500704040255704e+00
3.293792834916871e+00 -4.519211419517131e+00
1.042031334544210e-01 6.071414129668121e+00
3.331023764277372e-01 -2.825444801588555e+00
-2.883761567971459e+00 4.658433992397022e-01
-3.767029505465033e+00 1.385051608440203e+00
-2.345507945331842e+00 -3.478842571701029e+00
0 0
0 0
0 0
0 0
0 0
0 0
0 0
1 0
235
52
-6.241111758357071e+00 1.130998743584927e+00
3.358449592685671e+00 -2.429102895821939e+00
3.260983795007894e+00 -4.759652238606570e+00
2.146407349777777e-02 5.525889459878400e+00
8.031290613835420e-01 -2.514787161397359e+00
-2.208325956487033e+00 1.148283310977070e+00
-3.373073972260600e+00 1.317542574104037e+00
-2.145418043607747e+00 -3.198034447435216e+00
0 0
0 0
0 0
0 0
0 0
0 0
0 0
1 1
236
52
-6.598004192043089e+00 7.916087482930120e-01
3.464333362801443e+00 -2.795721705501508e+00
3.006614435190043e+00 -4.471751475774224e+00
-4.863226441694023e-02 5.727347453685706e+00
6.040311075355874e-01 -2.949968255495181e+00
-2.310737766414874e+00 1.636805680838337e-01
-3.143172499354058e+00 1.311242868295845e+00
-2.513551649439319e+00 -3.725074369174799e+00
0 0
0 0
0 0
0 0
0 0
0 0
0 0
1 2
240
52
-6.098976833914723e+00 -9.110791833660216e-01
5.086183454703881e+00 -3.716222710452101e+00
4.230835424723980e+00 -6.960819647037984e+00
-2.371140366235523e+00 6.183880571036556e+00
-6.528424124508942e-01 -3.664186882350695e+00
-2.119361206154514e+00 8.127134387638946e-01
-3.302101473960442e+00 -4.678339955327202e-01
-1.509195673817383e+00 -1.125284001159748e+00
0 0
0 0
0 0
0 0
0 0
0 0
0 0
1 1
241
52
-6.120331577363663e+00 1.066643915894869e+00
3.255900511595901e+00 -2.462869037143088e+00
3.037492190286680e+00 -4.567623663954267e+00
1.891356393355663e-01 5.526737098371624e+00
5.161668940996447e-01 -2.898612467061746e+00
-2.279680619622076e+00 5.335970827299709e-01
-3.387702326351845e+00 1.309191419020247e+00
-2.334308734325558e+00 -3.384100495691940e+00
0 0
0 0
0 0
0 0
0 0
0 0
0 0
1 3
254
52
-5.945472893817133e+00 5.317138283949070e-01
3.392609124281269e+00 -2.536063096893671e+00
3.299878433135708e+00 -4.785344316913680e+00
-2.020557494604720e-01 5.719909622891612e+00
5.465703068624247e-02 -3.163725001994973e+00
-2.808653780646255e+00 1.372881762738251e-01
-3.820466759995308e+00 1.391128937400433e+00
-2.213578045654494e+00 -3.708485237670998e+00
0 0
0 0
0 0
0 0
0 0
0 0
0 0
1 2
255
52
-6.114301935674483e+00 8.427054487598771e-01
3.134100192180212e+00 -2.131207616607708e+00
3.186297716083472e+00 -4.853113406397889e+00
-1.965640563092814e-01 5.840771379347636e+00
4.537850380709156e-01 -2.792330749416867e+00
-2.671680853521249e+00 4.450475355022009e-01
-3.341296578893613e+00 1.249187136102397e+00
-2.378837133062843e+00 -3.634566770607510e+00
0 0
0 0
0 0
0 0
0 0
0 0
0 0
1 3
257
52
-6.203551680608762e+00 1.182567834420579e+00
3.737457700128493e+00 -2.196398213518554e+00
2.874095733433357e+00 -4.817063153219401e+00
-1.785801926192241e-02 5.407595315768075e+00
5.971567871609443e-01 -3.136395927695460e+00
-2.107476677712747e+00 1.069455360800893e+00
-3.628333990569787e+00 1.324076102629464e+00
-2.261534812800776e+00 -2.772689985342083e+00
0 0
0 0
0 0
0 0
0 0
0 0
0 0
1 0
260
52
-6.182756536447905e+00 1.262828830606252e+00
3.306361940333775e+00 -2.490735469320211e+00
3.075646618887252e+00 -4.524087407666236e+00
7.232988814131824e-02 5.640711572419835e+00
6.811376391759876e-01 -2.723143448905602e+00
-2.412090243778625e+00 4.688256045309379e-01
-3.280683629010229e+00 1.243977589567162e+00
-2.092587354961053e+00 -3.471877887708746e+00
0 0
0 0
0 0
0 0
0 0
0 0
0 0
1 3
267
52
-6.279539317235606e+00 7.520053292656886e-01
3.245286440781253e+00 -2.044395040277789e+00
3.026262788523113e+00 -4.789146488674908e+00
2.639549862610897e-01 5.371453072222181e+00
7.067156268962155e-01 -2.758700028317761e+00
-2.573708441841362e+00 5.478370683407994e-01
-3.886282784709879e+00 1.306845696425148e+00
-2.341084193749424e+00 -3.471438850766698e+00
0 0
0 0
0 0
0 0
0 0
0 0
0 0
1 1
268
52
-7.135738208179552e+00 1.038065917459773e+00
3.490065063154116e+00 -2.535824712809795e+00
3.063803740864510e+00 -4.664198733828719e+00
-4.661572682604071e-01 5.174875212144192e+00
1.087165767511770e+00 -2.767445301128713e+00
-2.175094296425142e+00 7.706436360256651e-01
-3.307313081635449e+00 1.450014616854714e+00
-2.371393605994758e+00 -3.152477438016478e+00
0 0
0 0
0 0
0 0
0 0
0 0
0 0
1 2
273
52
-6.252561897778189e+00 8.903024139062879e-01
3.284762727614638e+00 -2.447811040622357e+00
3.119353268236756e+00 -4.811754660254905e+00
1.832813688071132e-01 5.515811244146611e+00
5.925607300908415e-01 -2.721122242766230e+00
-2.346141503558448e+00 5.476228535428004e-01
-3.395601653743253e+00 1.370541272187803e+00
-2.317325817393986e+00 -3.390121797722474e+00
0 0
0 0
0 0
0 0
0 0
0 0
0 0
1 2
274
52
-6.137694150773454e+00 7.748687795193848e-01
3.117503884885822e+00 -2.273354827538219e+00
3.003825314876345e+00 -4.724651509770125e+00
9.127557930726532e-02 5.355997884577594e+00
5.412439003461160e-01 -2.866513293866958e+00
-2.505478366112918e+00 4.312098590683003e-01
-3.468463152748075e+00 1.196189230464693e+00
-2.387771035260395e+00 -3.460271077679225e+00
0 0
0 0
0 0
0 0
0 0
0 0
0 0
1 3
276
52
-5.183882350648381e+00 1.262228492602707e+00
3.219083301992010e+00 -2.857219850020817e+00
2.855138548247794e+00 -4.791395114965863e+00
1.666426436503769e+00 6.161609254885993e+00
1.019220533929946e+00 -2.966457716704590e+00
-1.691397096855627e+00 2.320414215101379e-02
-3.992534841447732e+00 8.501046216745538e-01
-1.670598906083475e+00 -4.118983809920560e+00
0 0
0 0
0 0
0 0
0 0
0 0
0 0
1 0
280
52
-6.212770415653962e+00 1.375187025816970e+00
3.254515989496958e+00 -2.100346821460831e+00
3.373544624793016e+00 -4.711918209127089e+00
-1.788528245196375e-01 5.663046480197138e+00
7.847454263889827e-01 -2.456927831161311e+00
-2.074559406044841e+00 8.080769910463335e-01
-3.248769181535331e+00 1.313418840433221e+00
-2.007426409847366e+00 -3.096519720387326e+00
0 0
0 0
0 0
0 0
0 0
0 0
0 0
0 0
282
52
-6.583393205183384e+00 6.623860460508564e-01
3.465862713580519e+00 -2.553549364866051e+00
3.178640822482309e+00 -4.582145693273086e+00
-1.336691397639052e-01 5.649297240922086e+00
6.619953607410537e-01 -2.983755147528559e+00
-2.482473174076336e+00 8.610114868670751e-02
-3.255617742139278e+00 1.021402847248878e+00
-2.621682613896688e+00 -3.560239620208639e+00
0 0
0 0
0 0
0 0
0 0
0 0
0 0
1 1
289
52
-6.316214495754094e+00 1.307034851661837e+00
3.216324161870123e+00 -2.357056944097467e+00
3.032750255803243e+00 -4.549432536089220e+00
5.678397727744108e-02 5.670298400348910e+00
5.952259143285268e-01 -2.683892702797556e+00
-2.353155477050991e+00 3.284165227732184e-01
-3.268853672581876e+00 1.311439024244713e+00
-2.129354479522956e+00 -3.357211910996489e+00
0 0
0 0
0 0
0 0
0 0
0 0
0 0
1 3
290
52
-6.243777492052645e+00 1.039298289318662e+00
3.377672969549538e+00 -2.394229638460500e+00
3.053822184544497e+00 -4.601745167745974e+00
-1.413234818169861e-01 5.539392444637152e+00
7.552414781497976e-01 -2.832694040636008e+00
-2.300174046056330e+00 3.578852592887970e-01
-3.414672184842833e+00 1.104008843109901e+00
-2.025460114218631e+00 -3.426649178462243e+00
0 0
0 0
0 0
0 0
0 0
0 0
0 0
0 0
291
52
-6.240422389889132e+00 1.201116154476576e+00
3.170536303253703e+00 -2.348738459852675e+00
2.703580381054621e+00 -4.330913819377674e+00
-1.654365095542218e-01 5.641461511227677e+00
5.103399736653674e-01 -2.814439747592231e+00
-2.489148006065633e+00 7.981244682593630e-01
-3.532626871935916e+00 1.001162377724604e+00
-2.038668200482967e+00 -3.379411761066029e+00
0 0
0 0
0 0
0 0
0 0
0 0
0 0
1 0
292
52
-6.616881980393078e+00 1.060043881079453e+00
2.959470734581970e+00 -2.613745235581885e+00
3.218359209664766e+00 -4.390423825202222e+00
-2.080109409957941e-02 6.035718380120013e+00
2.917676144622978e-01 -2.918767579905885e+00
-2.610620343452137e+00 1.321111219031017e-01
-3.472210085157877e+00 1.139653842376758e+00
-2.631965923237197e+00 -3.618359095595547e+00
0 0
0 0
0 0
0 0
0 0
0 0
0 0
1 1
294
52
-6.402551847273360e+00 1.139296296687029e+00
3.486141723584831e+00 -2.569971307972631e+00
2.988936581461730e+00 -4.594578815162180e+00
8.951816371321306e-02 5.567488523611837e+00
6.334725998068941e-01 -2.920228979183612e+00
-2.854141428968674e+00 2.256056174460477e-01
-3.448742157983009e+00 9.353582847735605e-01
-2.226119361331692e+00 -3.307030769238721e+00
0 0
0 0
0 0
0 0
0 0
0 0
0 0
1 3
295
52
-6.217801788941199e+00 1.218149617551863e+00
3.655325944135535e+00 -2.141827456435871e+00
2.969668890040079e+00 -4.532847404643976e+00
1.269864213870866e-01 5.676169677590734e+00
5.668290781845772e-01 -2.813469252121692e+00
-2.692333950044478e+00 -1.019336298184210e-02
-3.258370767536012e+00 1.181841155926799e+00
-2.168717683600323e+00 -3.311298579712948e+00
0 0
0 0
0 0
0 0
0 0
0 0
0 0
0 0
296
52
-6.095278068296629e+00 1.014014358114324e+00
3.209317658981635e+00 -2.478083215023317e+00
3.020841317458622e+00 -4.623259332483634e+00
-1.677552393867048e-01 5.385517054859529e+00
8.553170913922965e-01 -2.920703373162466e+00
-2.102031406528167e+00 1.802283758098681e-01
-3.342359727973372e+00 9.456791615638402e-01
-1.903675016817676e+00 -3.472898450622728e+00
0 0
0 0
0 0
0 0
0 0
0 0
0 0
1 0
298
52
-5.989417568972782e+00 1.049803118261436e+00
3.447383996199422e+00 -2.573464199786306e+00
3.199233716658629e+00 -4.768163498512029e+00
-4.672682565476069e-02 5.490493381271619e+00
4.162073259940789e-01 -2.871617940131807e+00
-2.183494310520735e+00 4.492485459409157e-01
-3.299001317560640e+00 1.221125030817855e+00
-2.004517904027116e+00 -3.080717366857496e+00
0 0
0 0
0 0
0 0
0 0
0 0
0 0
1 2
300
52
-7.435014971474861e+00 2.746844611795401e+00
1.877535690481426e+00 -2.691192555560254e+00
-4.705933858288984e+00 -1.689793666607378e+00
-1.508374163678920e+00 6.899201628368742e+00
-4.041092842759205e+00 -3.663219910330008e+00
1.077109962231759e+00 -4.358499324510575e-01
-3.504125483116003e+00 2.395073077749729e+00
1.374430586540436e+00 -1.959465428808058e+00
0 0
0 0
0 0
0 0
0 0
0 0
0 0
0 0
304
52
-6.077538261486439e+00 7.921015060637744e-01
3.296116461825172e+00 -2.516132617854823e+00
2.974041587613176e+00 -4.518652417325614e+00
3.208421847942646e-01 5.301972798418747e+00
6.271832945912534e-01 -2.988406495432269e+00
-2.300207607021794e+00 4.877329666628280e-01
-3.304364841344289e+00 1.294006287742836e+00
-2.565900927555596e+00 -3.582435080073586e+00
0 0
0 0
0 0
0 0
0 0
0 0
0 0
1 3
308
96
-5.92613913537554722402319132671 8.16056352947855655057864769102e-1
3.71753955612066655754427862522 -2.47585705740714894507748780832
4.25745353987610849881717724753 -4.95680523099708665568208522803
2.78399878385160183468415547563e-2 5.49571431974880509896524303972
1.00245248213359127517763656095 -2.76560554277867132259779444813
-2.69721903084739894590613485344 7.71141630541552865067291199757e-1
-3.40802455917938208299094387382 9.81236258338454387114773023039e-1
-2.56475378969895020105834888685 -3.31130438683704593861878643568
0 0
0 0
0 0
0 0
0 0
0 0
0 0
1 2
310
52
-5.966523250752611e+00 1.265150300864323e+00
3.484799046481735e+00 -2.171270366909845e+00
3.221083704239214e+00 -4.642665632499448e+00
1.892319742882559e-01 5.557433444879607e+00
6.466197770628701e-01 -2.876340417182957e+00
-2.789953737803684e+00 4.973981475846044e-01
-3.054239699665311e+00 9.685267849172160e-01
-2.538405174734193e+00 -3.169860839826507e+00
0 0
0 0
0 0
0 0
0 0
0 0
0 0
0 0
314
52
-6.157382995704968e+00 1.029017715490818e+00
3.460953232844277e+00 -2.368921798062457e+00
3.145846449529583e+00 -4.584306125097132e+00
2.026526549224244e-02 5.635743306495674e+00
6.775477243968523e-01 -2.853462967802738e+00
-2.642208176705099e+00 3.693148384220013e-01
-3.260102617805622e+00 9.583495965682277e-01
-2.329013120075642e+00 -3.418958303112069e+00
0 0
0 0
0 0
0 0
0 0
0 0
0 0
1 3
315
52
-6.293788086066384e+00 1.117685063839449e+00
3.549933413705508e+00 -2.586688574782424e+00
3.125118047166588e+00 -4.493254434573651e+00
2.914517349787334e-01 5.708286072086893e+00
5.914688918140412e-01 -2.857106098543718e+00
-2.772911864011741e+00 1.046997569604066e-01
-3.375695227064901e+00 1.061516885742495e+00
-2.317966293475534e+00 -3.466738622565235e+00
0 0
0 0
0 0
0 0
0 0
0 0
0 0
0 0
330
52
-6.605399984784101e+00 4.055821913230471e-02
3.370299984447060e+00 -2.806950198897593e+00
2.786851604052076e+00 -4.663956315790254e+00
-3.714369173381929e-01 6.122651499097394e+00
4.987742763979754e-01 -3.368175078729485e+00
-2.031565352455942e+00 2.173449266727333e-01
-3.429895437140599e+00 8.810586504430491e-01
-2.773657846422260e+00 -4.089369567665972e+00
0 0
0 0
0 0
0 0
0 0
0 0
0 0
0 0
331
52
-5.667844343043169e+00 5.822034316086718e-01
2.698906456708876e+00 -3.114370859390183e+00
3.423716969807601e+00 -2.917353996607148e+00
-4.641492605975639e-01 6.122698042695561e+00
-1.464880527620442e+00 -2.216800500648484e+00
-2.164442666785465e+00 -1.268059714696099e-01
-3.318070538325531e+00 1.182024372867689e+00
-1.643024874902695e+00 -3.578007493495125e+00
0 0
0 0
0 0
0 0
0 0
0 0
0 0
1 0
332
52
-5.854237400070976e+00 8.721468523214264e-01
3.321425859182368e+00 -2.393510728852217e+00
3.160915156536701e+00 -4.480898609227664e+00
-7.118202046838674e-02 5.407777463587079e+00
7.500252110934041e-01 -2.815626133900100e+00
-2.711014066870564e+00 6.111405716296332e-01
-3.225851295586398e+00 9.728347482427788e-01
-2.255438616845281e+00 -3.709402251664945e+00
0 0
0 0
0 0
0 0
0 0
0 0
0 0
1 1
336
52
-6.422705290987071e+00 1.367856457196832e+00
3.364900126990849e+00 -2.374055638680309e+00
2.841371702289250e+00 -4.797521288359159e+00
-4.919681619484472e-01 5.709537458831513e+00
3.991694806201602e-01 -3.292909497707322e+00
-2.424021927103887e+00 6.617889713747158e-01
-3.692255302257052e+00 3.450233729027683e+00
-2.123627886676643e+00 -4.472787446846306e+00
0 0
0 0
0 0
0 0
0 0
0 0
0 0
1 0
343
52
-6.124297679078415e+00 5.161058228639955e-01
3.040874151066689e+00 -3.686284801748233e+00
3.373323257858234e+00 -4.548010419334287e+00
-5.713510134472355e-01 5.172445915188002e+00
1.109297926683793e+00 -3.045951433923141e+00
-2.325625225198945e+00 1.754364551150636e+00
-3.830766328206058e+00 9.778496598505957e-01
-1.970701656752060e+00 -4.172207162197254e+00
0 0
0 0
0 0
0 0
0 0
0 0
0 0
1 3
347
52
-6.567982269987230e+00 4.454378426651141e-01
4.244707094741441e+00 -2.933726963762141e+00
3.985531502246062e+00 -4.788070828378332e+00
9.035555949069767e-02 5.945599334430667e+00
1.057998639802647e+00 -2.498925789039029e+00
-2.142372913360116e+00 7.816991876322480e-01
-2.930644725900363e+00 1.519896804015360e+00
-2.776465658336517e+00 -3.742469492688589e+00
0 0
0 0
0 0
0 0
0 0
0 0
0 0
1 2
348
52
-5.830808973192897e+00 1.019703175494652e+00
3.712541741644667e+00 -1.912434798759314e+00
3.013975404753868e+00 -4.560981372158348e+00
-2.177631863604819e-02 5.594948542338418e+00
2.453829075333767e-01 -2.866452020913119e+00
-2.648288084480755e+00 2.281006383927850e-01
-3.305125817032565e+00 1.124749304307847e+00
-2.136527860689131e+00 -3.070784800471142e+00
0 0
0 0
0 0
0 0
0 0
0 0
0 0
1 3
358
52
-6.908786419199024e+00 4.916240081034228e-01
3.093735207579773e+00 -2.039026548900550e+00
3.319459533566151e+00 -5.163506066413579e+00
-4.516913244836602e-01 6.083114973831530e+00
2.910293362450902e+00 -2.082152975319411e+00
-6.576473797632107e-01 3.797845190247964e-01
-2.344752524653400e+00 1.410718839538918e+00
-2.293552985714516e+00 -5.158546123987582e+00
0 0
0 0
0 0
0 0
0 0
0 0
0 0
1 0
362
52
-6.143309101588294e+00 9.630214500886872e-01
2.860653890649020e+00 -2.313933234002897e+00
3.003354823828035e+00 -4.543378903764855e+00
-1.550863576090059e-02 4.866108455870280e+00
5.960053617294970e-01 -2.961736201608637e+00
-2.098019581052543e+00 3.290500686146997e-01
-3.299623086514419e+00 1.094977748190106e+00
-2.348819687883834e+00 -3.084828632218005e+00
0 0
0 0
0 0
0 0
0 0
0 0
0 0
0 0
365
96
-7.26206043106615049010507052265 1.50088147821668025287852312499
4.08602750844129944814607877319 -2.63091148685572695370350357728e-1
3.84845596232048342315898288045 -5.84038542568648008086954173398
1.03147090757186201014093690323 4.87234338220668679343638308331
3.34963846382998322485729992283 -1.70604707598761122850533093606
-2.94039183239941871832959790008 2.32173951806635173620447773765
-3.06727058646059013587840582305 8.62292605405245838205256920760e-1
-3.82089138694836786048253774781 -2.40756792743728184546543467236
0 0
0 0
0 0
0 0
0 0
0 0
0 0
1 2
366
52
-6.281030536926327e+00 1.717165338506091e+00
5.586574724171777e+00 -3.580527392882008e+00
2.619417594064187e+00 -3.887983279071652e+00
1.495623357142317e-01 4.112304966959309e+00
1.733020048389015e+00 -2.587517765850744e+00
-3.845741221076557e+00 8.526753037264719e-01
-3.242946321686911e+00 5.231208280717548e-01
-7.335794439741626e-01 -2.768221427030380e+00
0 0
0 0
0 0
0 0
0 0
0 0
0 0
1 3
376
52
-7.131962877749309e+00 2.022002090535275e-01
3.411211611953344e+00 -2.151897823504764e+00
2.340207678650883e+00 -5.242269261282008e+00
-2.774753234007742e-04 6.291876080499333e+00
8.509750821934498e-01 -2.252862577564243e+00
-2.158168541258310e+00 -1.189698797840898e-03
-3.226188165885249e+00 9.391984128156291e-01
-2.186344887577437e+00 -3.748748308424008e+00
0 0
0 0
0 0
0 0
0 0
0 0
0 0
0 0
377
52
-6.791864855246234e+00 1.354703240459103e+00
2.967845386421945e+00 -2.472900158085531e+00
3.185181098698514e+00 -4.486631334851601e+00
1.817989815255097e-02 6.284050529447518e+00
5.232987191957909e-01 -3.016652514890368e+00
-2.580247547794234e+00 -5.660718013328983e-02
-3.356725772688149e+00 1.273852848010513e+00
-2.758245462337703e+00 -3.761526598307330e+00
0 0
0 0
0 0
0 0
0 0
0 0
0 0
1 0
383
52
-5.973773593660188e+00 1.099329879336165e+00
3.362389522787109e+00 -2.655191557011216e+00
3.205870352521750e+00 -4.611361080940765e+00
-1.757620436825854e-01 5.692755746551966e+00
1.127642698110653e+00 -2.989190836147448e+00
-2.462677997921144e+00 1.079128162147425e+00
-3.563366172713946e+00 1.298429938506072e+00
-2.093643811344336e+00 -4.117341576205174e+00
0 0
0 0
0 0
0 0
0 0
0 0
0 0
1 1
384
64
-6.16484126119889893573 1.18407345261004997314
3.59902706444550362134 -2.36351482626475116770
3.04023073778624430700 -4.59143320328181906743
4.37532352578601281150e-2 5.51927514046420463747
8.06590166841080173676e-1 -2.69572375683603175558
-2.56492578280618239669 3.89720224455014386508e-1
-3.24166040826316751594 1.13776140935046195506
-2.00642972504870575716 -3.37848424178820460370
0 0
0 0
0 0
0 0
0 0
0 0
0 0
1 2
386
52
-5.963634866774989e+00 8.933250740696597e-01
3.629106879744193e+00 -2.502294764158098e+00
3.080246252036830e+00 -4.541839085468544e+00
-1.221913422453078e-01 5.512499939993889e+00
4.430424667560078e-01 -3.257087113561810e+00
-2.589030731634252e+00 5.776433967706242e-01
-3.427941367243803e+00 1.086138478057597e+00
-2.404877658945076e+00 -3.376739048081248e+00
0 0
0 0
0 0
0 0
0 0
0 0
0 0
0 0
387
52
-5.919460454264210e+00 1.750738303968880e+00
3.636862054893138e+00 1.418115613653544e+00
2.580071257343666e+00 -5.388482862263881e+00
1.285886424784133e+00 6.370580365450971e+00
-7.413946204847780e-03 -3.170740970550169e+00
-2.728312631336135e+00 -9.693222350251836e-02
-2.602365417313846e+00 1.349791725786518e+00
-4.673493294231852e+00 -1.670948178042451e+00
0 0
0 0
0 0
0 0
0 0
0 0
0 0
1 0
388
52
-6.221772681487119e+00 8.746626671796620e-01
3.344430677778342e+00 -2.292302622611963e+00
2.611134913583251e+00 -4.604478305992802e+00
-2.414980825010672e-01 5.759959128669747e+00
6.898980757123614e-01 -3.064055749663099e+00
-2.673218309005204e+00 5.552859264433602e-01
-3.357757852561457e+00 5.339567858949332e-01
-2.286021630301148e+00 -3.493590849465221e+00
0 0
0 0
0 0
0 0
0 0
0 0
0 0
1 1
389
52
-6.178249018776561e+00 5.655201186130694e-01
3.363480656429432e+00 -2.357295494847893e+00
2.993949005918045e+00 -4.783514825696268e+00
4.547793274829611e-01 5.368719186401165e+00
4.831199354217312e-01 -2.636734810491566e+00
-2.510084577339990e+00 7.324521487538667e-01
-3.424831787839235e+00 1.422256363874800e+00
-2.570588748573433e+00 -3.442307375005654e+00
0 0
0 0
0 0
0 0
0 0
0 0
0 0
1 2
403
52
-6.227458681434490e+00 1.192636300914834e+00
3.405475119001037e+00 -2.368964345599395e+00
3.106718171235481e+00 -4.605782990520956e+00
2.163261971655771e-01 5.640172333683050e+00
6.658053893567775e-01 -2.817212194936448e+00
-2.580886074932232e+00 2.672086924439006e-01
-3.406545656306887e+00 1.277701159750247e+00
-2.246939785627743e+00 -3.471554333740174e+00
0 0
0 0
0 0
0 0
0 0
0 0
0 0
1 1
404
52
-7.424444034889349e+00 2.993284391517419e-02
4.131734623867606e+00 -2.658666511601294e+00
2.112227450831437e+00 -5.082752683636633e+00
-1.210420386954558e-01 6.516455205247029e+00
5.022300275852771e-01 -2.169882326903473e+00
-2.106596762349581e+00 4.697916812452544e-01
-2.848064757603916e+00 1.859228609568032e+00
-2.289352046313180e+00 -3.975659521451887e+00
0 0
0 0
0 0
0 0
0 0
0 0
0 0
1 2
407
52
-5.995396081257083e+00 1.406692741380446e+00
3.636863122345132e+00 -2.544478659209572e+00
3.071726248892649e+00 -4.149783825609746e+00
3.200764454330308e-01 5.472874586891100e+00
9.339207836003013e-01 -2.544095892189212e+00
-2.958766858129595e+00 2.169797263087516e-02
-3.104686723545318e+00 1.143330429412070e+00
-1.850851473798852e+00 -3.828683939105000e+00
0 0
0 0
0 0
0 0
0 0
0 0
0 0
1 0
408
52
-6.087453917216094e+00 1.032521833578534e+00
3.754808914439228e+00 -2.467578437558239e+00
3.207172521021396e+00 -4.595687546657614e+00
8.165152349258746e-02 5.517949610745355e+00
9.754446235329095e-01 -2.853191398239705e+00
-2.423483463903004e+00 4.027748566528730e-01
-3.197053741684677e+00 1.009747518897307e+00
-2.188911219012657e+00 -3.470631403740888e+00
0 0
0 0
0 0
0 0
0 0
0 0
0 0
1 1
411
52
-5.863561697459314e+00 9.877572041009892e-01
3.502280584515374e+00 -2.264470495746604e+00
3.339138504926993e+00 -4.432806346040695e+00
-6.395245494048890e-02 5.508494078750403e+00
7.865749706514903e-01 -2.958959348338165e+00
-2.412506181445729e+00 3.680938692621726e-01
-3.420048322169599e+00 9.186936052603941e-01
-2.191898583880725e+00 -3.504262295497872e+00
0 0
0 0
0 0
0 0
0 0
0 0
0 0
0 0
414
52
-7.210799105104694e+00 9.160265259767456e-01
3.176839234394237e+00 -2.736372833942899e+00
3.231014297470755e+00 -4.311792676016040e+00
5.371611289793116e-01 5.333761479179007e+00
3.957280015024505e-01 -2.691037819361535e+00
-3.370210518141274e+00 -1.500057187648206e-01
-5.109549245891357e+00 8.126238729151122e-01
-2.016184653619018e+00 -3.087089237732008e+00
0 0
0 0
0 0
0 0
0 0
0 0
0 0
1 2
415
52
-6.121058706399004e+00 1.580478558529641e+00
3.608011282306733e+00 -2.379820796924844e+00
2.601498267688820e+00 -4.226519901412310e+00
2.550110985951530e-01 5.669147640985326e+00
8.516270525730754e-01 -2.630300097290454e+00
-2.437757417174282e+00 5.327607271649018e-02
-3.120909909199359e+00 1.227562689526343e+00
-1.657119126380351e+00 -3.608813095926751e+00
0 0
0 0
0 0
0 0
0 0
0 0
0 0
1 3
417
52
-6.678185067891107e+00 1.428586452076851e+00
3.046629373769913e+00 -2.430239664595855e+00
3.134468853558036e+00 -4.632798827697535e+00
9.524372779272874e-02 6.616785754543992e+00
7.984288163085295e-01 -3.117826493697402e+00
-2.367321437834991e+00 1.546309822052489e-02
-3.960992180680462e+00 8.999765085263499e-01
-2.324107891125503e+00 -3.830071842781213e+00
0 0
0 0
0 0
0 0
0 0
0 0
0 0
1 0
419
52
-6.391558673422161e+00 5.171826563530361e-01
3.833997042375127e+00 -3.498857495464732e+00
2.214627202593964e+00 -4.720041276990785e+00
-9.721530260100236e-01 5.222906340831671e+00
1.212772294153037e+00 -3.776795262055770e+00
-3.295888477752347e-01 -1.792781034851803e-02
-4.059786516715531e+00 1.553504242671920e+00
-6.308819638412271e-01 -4.013732253195808e+00
0 0
0 0
0 0
0 0
0 0
0 0
0 0
1 2
422
52
-6.418917331607994e+00 8.198996688836151e-01
3.211645347465896e+00 -2.573168079420803e+00
2.956365421527563e+00 -4.530079148913779e+00
1.612435034090245e-01 5.347928731876596e+00
6.762157604220382e-01 -3.024414526309768e+00
-2.420903886757884e+00 4.118264167002447e-01
-3.310780832163579e+00 1.241420276024434e+00
-2.683798723182345e+00 -3.578051534965982e+00
0 0
0 0
0 0
0 0
0 0
0 0
0 0
1 0
425
52
-6.769580664182523e+00 9.877991429221376e-01
3.110364466296291e+00 -2.630778268779876e+00
3.101193437797708e+00 -4.461242419068443e+00
-8.419991505564353e-02 5.728153180276218e+00
6.497817800557164e-01 -3.042347711409874e+00
-2.517730474724524e+00 1.681085430703773e-01
-3.352752333789571e+00 1.232212272765112e+00
-2.724862097557089e+00 -3.698511717656273e+00
0 0
0 0
0 0
0 0
0 0
0 0
0 0
1 3
428
52
-6.177576492955543e+00 1.182509684078407e+00
3.370769631726042e+00 -2.483124086368081e+00
3.111199466591694e+00 -4.589420973060435e+00
1.037968284250398e-01 5.668018542663083e+00
7.239012951219476e-01 -2.773289511841229e+00
-2.481056954175438e+00 5.116170669030998e-01
-3.491428910202598e+00 1.182754241693818e+00
-2.074496163411387e+00 -3.500477022943812e+00
0 0
0 0
0 0
0 0
0 0
0 0
0 0
1 1
431
52
-5.922405526042100e+00 1.002188763958013e+00
3.492198526208281e+00 -2.308184971358343e+00
3.307567598057676e+00 -4.489138855827544e+00
-5.754827951060423e-02 5.535897053728752e+00
7.530098458696364e-01 -2.957905013637899e+00
-2.391129090233675e+00 3.718094025943785e-01
-3.442688118251866e+00 9.569626262357206e-01
-2.171106175450465e+00 -3.463195040639389e+00
0 0
0 0
0 0
0 0
0 0
0 0
0 0
0 0
437
52
-6.151098996284620e+00 1.150506698414092e+00
3.328577998451660e+00 -2.152652336599140e+00
2.856700908700988e+00 -4.566253413079859e+00
3.170477591351236e-02 5.418967220723640e+00
9.649541209514263e-01 -2.646134959886353e+00
-2.820024490124093e+00 6.487657160172041e-01
-3.156631994727130e+00 1.148165142339197e+00
-2.219775038293098e+00 -3.670346327483281e+00
0 0
0 0
0 0
0 0
0 0
0 0
0 0
1 1
444
52
-6.629538806054710e+00 1.146822073941261e+00
3.134842577757139e+00 -2.591339795924601e+00
3.219972019812086e+00 -4.512645858624775e+00
1.705197766795876e-01 5.826563964216536e+00
3.208867841868481e-01 -2.946264102884318e+00
-2.957301557515846e+00 1.168633651375254e-02
-3.555788478580825e+00 1.005226488181202e+00
-2.618979143931034e+00 -3.335596383419954e+00
0 0
0 0
0 0
0 0
0 0
0 0
0 0
0 0
448
64
-6.22854755791157765335 7.18383622878930957751e-1
3.03629513091370344460 -2.25125545453452973106
2.99999344362298377901 -4.65037153345170443117
1.11361291882631920307e-2 5.06957367710899692564
5.88146186515921657353e-1 -2.84336758618933244363
-2.45440986310415895037 4.45548825006434481947e-1
-3.39790357582258665658 1.16277874550192236453
-2.45201326231279254130 -3.33446145414646455537
0 0
0 0
0 0
0 0
0 0
0 0
0 0
1 3
453
52
-6.417792499784811e+00 4.778918809325419e-01
3.431422110440868e+00 -2.251449904519250e+00
2.938872292030749e+00 -4.649714825337348e+00
-2.291829976909810e-01 5.575549814825253e+00
6.042053344491776e-01 -2.912505261563480e+00
-2.400988605887806e+00 3.853841705027123e-01
-3.246960495967630e+00 1.027917760735881e+00
-2.579959967664039e+00 -3.533103363311490e+00
0 0
0 0
0 0
0 0
0 0
0 0
0 0
1 3
454
52
-6.614332756843627e+00 7.114952312875696e-01
2.866059685344458e+00 -2.059716625124444e+00
3.910731099977131e+00 -4.718699190452178e+00
3.770001612933220e-01 6.174372127198858e+00
8.472771895182637e-01 -1.326213984271972e+00
-2.771830030690462e+00 7.119139758338014e-01
-3.280600647109726e+00 7.777518644593174e-01
-2.387144383580424e+00 -3.545177596783343e+00
0 0
0 0
0 0
0 0
0 0
0 0
0 0
0 0
455
52
-6.430604886052858e+00 9.847050110825688e-01
2.879051078515809e+00 -2.279980637767258e+00
3.081344751125554e+00 -4.526780059744290e+00
1.029671487265276e+00 6.038229386215976e+00
-2.903515104227137e-01 -2.543596664337184e+00
-3.079919875921980e+00 6.562788900475550e-01
-3.916292897652700e+00 1.991340394286758e+00
-3.046571438154022e+00 -3.583846094477785e+00
0 0
0 0
0 0
0 0
0 0
0 0
0 0
1 0
456
52
-6.475793565917732e+00 8.038907194497932e-01
2.866143475113011e+00 -2.563717819898904e+00
2.940580862139788e+00 -4.543329357180612e+00
6.153318774459104e-01 6.580868886627234e+00
-2.870241307964123e-01 -3.043823181748747e+00
-2.731164165548053e+00 2.726297691039903e-01
-4.367475044449508e+00 1.331610363809612e+00
-2.711173109290542e+00 -3.787386975287591e+00
0 0
0 0
0 0
0 0
0 0
0 0
0 0
1 1
458
52
-6.338820775147643e+00 1.045240151012971e-01
3.185024920343275e+00 -1.568577663700524e+00
3.199919060102536e+00 -4.418361316068354e+00
-8.910254317559835e-01 4.809733056204524e+00
5.314104035701132e-01 -3.214748254161901e+00
-3.278541739426866e+00 -3.150134088222784e-01
-4.360258635530293e+00 1.135893643806618e+00
-2.207852740867935e+00 -3.874596083168899e+00
0 0
0 0
0 0
0 0
0 0
0 0
0 0
1 3
461
52
-6.351950158171702e+00 1.652038247403382e+00
3.229442685139606e+00 -2.803820778210454e+00
3.072816232418893e+00 -4.780955516051804e+00
-6.376100027151475e-01 6.214403085784430e+00
8.897344008060185e-01 -2.930399620194033e+00
-1.998783392477200e+00 4.121702889327426e-01
-3.137805990917703e+00 1.084301775683376e+00
-1.583122231272589e+00 -3.570307691506200e+00
0 0
0 0
0 0
0 0
0 0
0 0
0 0
1 1
472
64
-7.61429269325775938231 3.03263007897612024591
7.39570443047563886153e-1 -1.67922366962565265496
3.73131717265240886450 -4.06237221404381688592
1.34317123816141701612 9.11960445512587411943
6.62882576145931047789e-1 -3.09270564762379316227
-4.83893174246098361655 -2.27181635865840420886
-2.94826795402906592235 1.96760988093100239031
-5.04231581845924645754 -6.78140771058460499867
0 0
0 0
0 0
0 0
0 0
0 0
0 0
1 2
474
52
-5.950770718827361e+00 1.073373863602743e+00
3.628985419589674e+00 -2.233776960210967e+00
3.754077708119625e+00 -4.415078397151692e+00
7.092142397311532e-02 5.602700314072128e+00
8.307316623187594e-01 -2.635920755069966e+00
-2.601439911965399e+00 3.829858018116687e-01
-3.365107890015098e+00 1.102298165427282e+00
-2.262949140231628e+00 -3.492101652013570e+00
0 0
0 0
0 0
0 0
0 0
0 0
0 0
0 0
479
52
-6.542366464929126e+00 1.089594596918306e+00
2.912350767325773e+00 -2.167188528856633e+00
3.401926468017144e+00 -4.402449700655038e+00
-3.108969419022152e-01 5.556444577412297e+00
8.659518347761077e-01 -1.321116566656014e+00
-2.077672044955122e+00 4.295012739411161e-01
-3.228326473259476e+00 1.497851612224965e+00
-1.163743628410828e+00 -3.551971075277401e+00
0 0
0 0
0 0
0 0
0 0
0 0
0 0
0 0
480
52
-6.111489066526120e+00 9.450410384510243e-01
3.123571451520174e+00 -2.501837688790604e+00
3.303267459820122e+00 -4.755483371136908e+00
-3.577201082668075e-03 5.624053590576973e+00
3.124514263083328e-01 -2.640639615910387e+00
-2.261661525176159e+00 4.431281714998578e-01
-3.356955506578762e+00 1.283136592007303e+00
-2.125274638205548e+00 -3.236454886005688e+00
0 0
0 0
0 0
0 0
0 0
0 0
0 0
1 0
483
96
-6.02540414673148583818893403597 1.12446295620628485217294770305
3.60677252736020284481877630203 -2.56719392359600566488558635488
3.19255780839208075324570104177 -4.56054638649381622908986496505
2.11196984169515044844730635195e-1 5.49718024928745835397140395947
8.63236821448846101533222824073e-1 -2.85741052367679994766065802698
-2.55094775132875273500249414046 5.17669644458344405385534197889e-1
-3.28159119021214348034500475123 1.08396365712690824407644389257
-2.21485529124337413423023929786 -3.49665134126761901645428165973
0 0
0 0
0 0
0 0
0 0
0 0
0 0
1 3
486
52
-5.973911887232008e+00 9.757985799210620e-01
3.477074403669534e+00 -2.551730757561255e+00
3.179373516744422e+00 -4.949215010021405e+00
7.188680675055055e-02 6.005522505341062e+00
5.725438598777228e-01 -2.682881762013162e+00
-2.297665651330782e+00 3.648383318458985e-01
-3.293917449223597e+00 1.049238661741178e+00
-1.905639930508462e+00 -3.451875594647929e+00
0 0
0 0
0 0
0 0
0 0
0 0
0 0
1 1
488
52
-6.180849715272259e+00 8.952258467207341e-01
3.181520019468702e+00 -2.494553636742374e+00
2.826503228794108e+00 -4.719623594932722e+00
2.937413404664364e-01 5.352685762365892e+00
7.439758187088102e-01 -3.079806213144294e+00
-2.564121324418933e+00 4.541896262665064e-01
-3.288845968303248e+00 1.242910241322254e+00
-2.614831773579382e+00 -3.679036674670950e+00
0 0
0 0
0 0
0 0
0 0
0 0
0 0
1 3
489
52
-6.039615262109723e+00 1.095256863748966e+00
3.526893262508753e+00 -2.528760232262854e+00
3.249431414925967e+00 -4.618883684741964e+00
3.727387594563704e-02 5.711196457381448e+00
8.071052028446193e-01 -2.704243845334272e+00
-2.413206147581998e+00 5.084387966204974e-01
-3.259232160813045e+00 1.067027417592659e+00
-2.040311949173676e+00 -3.525191930158238e+00
0 0
0 0
0 0
0 0
0 0
0 0
0 0
0 0
494
52
-5.537027042298439e+00 1.073205196216120e+00
3.172344577768996e+00 -1.839517631694361e+00
3.647114015829960e+00 -5.328191993340306e+00
7.479369977655792e-01 5.548065165366327e+00
3.248147668316667e-01 -1.656937851608618e+00
-2.597753552696721e+00 1.445502373462748e+00
-3.462750979612221e+00 2.246595278139289e+00
-1.935876618577811e+00 -3.194118020216151e+00
0 0
0 0
0 0
0 0
0 0
0 0
0 0
0 0
495
52
-6.625828373615819e+00 1.098227953766343e+00
3.479542020720118e+00 -2.535948683185117e+00
2.946676021076755e+00 -4.507905686266909e+00
2.250430890922140e-01 5.702171626220730e+00
4.826978111171865e-01 -2.997085662937828e+00
-2.913226073478422e+00 -6.855817006441195e-03
-3.553262454801623e+00 8.066999065232424e-01
-2.466304230647898e+00 -3.190424162684949e+00
0 0
0 0
0 0
0 0
0 0
0 0
0 0
1 0
496
52
-5.729638806926918e+00 9.863218421590397e-01
3.679238853637912e+00 -1.979536706316518e+00
2.640726541039595e+00 -4.515013454492736e+00
-4.646543464907421e-01 5.527701287541150e+00
1.150414768054914e-01 -3.566527532245120e+00
-2.360834482351702e+00 4.588247236428491e-01
-3.629139859475265e+00 1.364423275400254e+00
-2.104672930802607e+00 -3.256775633245528e+00
0 0
0 0
0 0
0 0
0 0
0 0
0 0
1 1
500
52
-5.999316101964762e+00 1.036954184850547e+00
3.651591694664071e+00 -2.451343432046419e+00
3.314309292776949e+00 -4.508805719521084e+00
6.498265048580475e-02 5.504120877981675e+00
9.199307210724449e-01 -2.658495209913229e+00
-2.413361205522791e+00 6.261555371531916e-01
-3.210611331183935e+00 1.041219867700844e+00
-2.115633670144185e+00 -3.465866024585015e+00
0 0
0 0
0 0
0 0
0 0
0 0
0 0
1 1
502
52
-6.242456520766186e+00 1.303074236833034e+00
3.159939168821670e+00 -2.450307780290695e+00
3.027745365217467e+00 -4.521526077332034e+00
1.212188480466108e-01 5.748381797501345e+00
5.912573282278106e-01 -2.740267133816261e+00
-2.279702708675530e+00 4.122996794272734e-01
-3.317197618366149e+00 1.332008563443092e+00
-2.155256224362133e+00 -3.484187248752815e+00
0 0
0 0
0 0
0 0
0 0
0 0
0 0
1 3
503
52
-6.327565645663848e+00 1.294169344591351e+00
3.606663269150373e+00 -2.591319264543468e+00
3.069176410832307e+00 -4.441837024360060e+00
1.306427833776739e-01 5.517109183229434e+00
1.062028030948093e+00 -2.868505503839988e+00
-2.540196022102264e+00 4.022308397337279e-01
-3.168204664371480e+00 8.963580079398656e-01
-2.251858975093915e+00 -3.441197576730847e+00
0 0
0 0
0 0
0 0
0 0
0 0
0 0
1 0
505
52
-5.859298641415826e+00 1.202233027246043e+00
3.520038494515206e+00 -2.339165232378145e+00
3.226207934634629e+00 -4.508333470511587e+00
2.125410576720516e-01 5.593858700306797e+00
9.026835522437929e-01 -2.577971543418786e+00
-2.369680065185042e+00 5.161903884973128e-01
-3.181589065812846e+00 1.201992398273412e+00
-1.990942074565695e+00 -3.601103562921055e+00
0 0
0 0
0 0
0 0
0 0
0 0
0 0
1 2
506
52
-4.804337857854341e+00 4.566277947969672e-01
3.790093970264218e+00 -3.493820133919435e+00
2.527635176433583e+00 -4.978882168913568e+00
-7.351825335015535e-01 5.160299408283419e+00
-1.678573708313005e+00 -4.239257849006398e+00
-3.192035510235728e+00 1.129781339633827e+00
-3.066024526678227e+00 7.186257313989252e-01
-2.227067204778218e+00 -2.080256591718002e+00
0 0
0 0
0 0
0 0
0 0
0 0
0 0
1 3
511
52
-6.119170796847998e+00 1.122508254506044e+00
3.679266082969960e+00 -2.538527825273559e+00
3.105231198111479e+00 -4.597530072957713e+00
1.668698139361885e-01 5.891242606849469e+00
7.225815529070390e-01 -2.682882832996630e+00
-2.513381038470078e+00 3.744531218082370e-01
-3.298500768836940e+00 9.742776018744262e-01
-2.001286340157290e+00 -3.469931433359582e+00
0 0
0 0
0 0
0 0
0 0
0 0
0 0
0 0
523
52
-6.408997142429564e+00 9.964494285996730e-01
3.228034115475435e+00 -2.570793301044914e+00
3.294845848442348e+00 -4.675867244160187e+00
-2.770152642773542e-01 5.649919210053572e+00
1.155676528791520e+00 -2.190708665860677e+00
-1.915978805798827e+00 7.533783969335843e-01
-3.171764166497766e+00 1.417077633285660e+00
-1.714738832636697e+00 -3.800215077952450e+00
0 0
0 0
0 0
0 0
0 0
0 0
0 0
1 1
528
52
-5.664605328888223e+00 2.484044915626744e+00
3.080044955012470e+00 3.737361369090095e-01
2.343224715945684e+00 -5.511146454790533e+00
3.645623321588453e-01 6.912435816929129e+00
2.051665581422161e+00 -9.969444092689910e+00
-2.687802543432077e-01 -1.135688473987839e+00
-1.887636257480195e+00 2.047993037472625e+00
-9.242650042973329e+00 -4.795567025139657e+00
0 0
0 0
0 0
0 0
0 0
0 0
0 0
1 1
536
52
-6.630654773359589e+00 -1.086149757465478e+00
4.671011399463902e+00 -3.312582456393772e+00
1.646481629829737e+00 -5.255789723571801e+00
-5.565164461532305e-01 5.973524674155238e+00
9.232764019706575e-01 -4.105170342512795e+00
-1.987227346043052e+00 1.325031192187876e-01
-3.503565669638848e+00 2.904230566883456e-01
-2.448419474956228e+00 -4.382446500529874e+00
0 0
0 0
0 0
0 0
0 0
0 0
0 0
1 0
537
64
-6.23196222621772235022 9.22453856673736127478e-1
3.45712315293082190072 -2.60670927629126043530
3.29733763829835513619 -5.15726803452433712853
1.50296034781071199843e-2 5.50505912987479095267
7.45214288610540563672e-1 -2.85047989953436836500
-2.66771439328349634491 8.05281127985053443762e-1
-3.46595871137750799885 1.07555253758086286238
-2.27102982947010565589 -3.18490591331149361289
0 0
0 0
0 0
0 0
0 0
0 0
0 0
1 1
544
52
-6.366050844316932e+00 1.016550437001053e+00
3.321736747827961e+00 -2.304011682316339e+00
2.996295677475215e+00 -4.789567116436831e+00
-2.349153205913834e-02 5.715852767384746e+00
5.437320199813437e-01 -2.848895628919049e+00
-2.590029081539099e+00 3.837537389050219e-01
-3.447972963709868e+00 1.084753928357892e+00
-2.285238977746772e+00 -3