0
-1.228338006493900e+00 1.432199012636732e+00
1.327776846601445e-02 -6.718757577903797e-02
-1.767569607683696e-01 9.872721161338499e-01
6.379649910557745e-03 1.514923439698871e-01
-8.741327982987879e-02 -5.660339449294840e-01
6.937445693462757e-01 2.831340484822102e-01
1.596041176405954e-01 -1.245825620766962e-01
-7.199994158942599e-01 1.600231443737639e-01
-9.934574850905685e-01 1.308960125479692e+00
-1.185774682499380e+00 1.590808262928445e+00
-9.449596601336645e-01 1.372449996025283e+00
-8.252927642948534e-01 1.447902321414419e+00
-1.376338513157816e+00 1.465647737800915e+00
-6.036162146004971e-02 -6.021912149049574e-01

1
9.400224356566681e-01 1.587104545079559e+00
-3.295513111110855e-02 -2.982507919274103e-02
-2.759330222548591e-01 -4.648324586031920e-02
-2.110982317438966e-02 4.659222136192832e-01
-1.339705826071171e+00 -2.831102881897036e-01
2.144295917210914e+00 -5.395142142813061e-01
3.023304454022537e-01 -3.963781835996742e-01
-1.061322476425770e+00 7.388776001803558e-01
1.214752989389647e+00 1.512002178519669e+00
5.581253544526789e-01 2.128585402259525e+00
1.572202846185387e+00 1.193085414458664e+00
9.122605599796805e-01 1.599798943594177e+00
1.279474973015080e+00 2.144659637246150e+00
-9.248371198061062e-01 -1.032047123887804e+00

2
-7.376188848853856e-01 2.867860758401624e-01
-2.745566956424466e-01 3.824951354329060e-02
2.732781681358943e-02 1.412677834314921e-02
2.246307646735756e-01 4.585342898490388e-01
-1.420380427801436e+00 -4.453218860669244e-01
1.752006332331471e+00 -6.532364270397206e-01
4.661109767044357e-01 -2.934683856583700e-01
-6.922230160112905e-01 7.819888904863859e-01
-4.691891521343032e-01 1.509938376003662e-01
-5.673110589855102e-01 7.471332268473719e-01
-5.698550204931366e-01 -2.460275116097448e-02
-4.170290360950714e-01 5.352681713384358e-01
-5.102880470767081e-01 1.545396050244472e-01
-4.553778040426775e-01 -2.146020110879489e-01

3
2.039124817357304e-02 -3.004108349445082e-01
1.197229259144433e-02 -1.137772137925889e-01
-2.907615436157869e-02 -4.896277761953400e-03
-3.612376025220178e-01 5.527108221115449e-01
-7.266203123561149e-01 -1.465977212652569e+00
2.356141333686864e+00 2.278571490505577e+00
7.121637465996288e-01 -9.869161187173804e-03
-1.959093953102501e+00 -1.293951226223942e+00
3.160792265200777e-01 -4.321144072575301e-01
1.639096433757508e-01 4.106382827762030e-01
2.043887744301113e-01 -8.242690942558178e-01
1.985518577890381e-01 7.385795916706267e-02
5.621080035749526e-01 -4.039042920929065e-01
-8.659008516731636e-01 -1.014407055148476e-01

