2                                                

0.781864130203378342653808085421e-25 0.710879284073700400424339833532e-25
0.100000000000000000000000000000e1 0.000000000000000000000000000000e0
-0.308460301622182381393307522789e-22 -0.889822632211687503530964025113e-23
0.261870602808755995953935443805e-22 0.531581380128399085106130843875e-22
-0.790757393751524976089552720955e-22 0.515433241302470596906475700472e-22
0.141174018946545713409400354697e-22 0.381572004778510413749272666770e-22
0.761527770010134653968094450856e-22 -0.111655751718361802472527099851e-21
0.999999999999995942942830612855e0 -0.224700159679268121704976903654e-14
0.100000000000001211085749754667e1 -0.531963062086196613421485209308e-14
0.999999999999992182920224522328e0 -0.229902257119202282912139424964e-14
0.100000000000000749137185947354e1 -0.339494143909619973140762766890e-14
0.999999999999995828935284669204e0 -0.487837476563739227273032347815e-14
-0.288405096978235092033635185344e-14 0.108104631543441011605585661936e-13

-6.655517497080861e-03 -2.379551262731024e-02
-1.412391044004167e-02 1.443789296667307e-02
4.403152179768637e-02 2.412071601739391e-01
-4.700159914777100e-01 -1.785294280835849e-01
1.000000000000000e+00 0.000000000000000e+00
1.398450015438479e-01 -1.608811589490423e-01
-7.131460373478007e-01 1.105696564964097e-01
1.308418013763470e+00 8.431634994123338e-01
-8.695681315752062e-01 1.435124402357998e-01
2.311813162649589e+00 7.372785327422446e-01
7.517326864765307e-02 4.523333170796107e-01
1.020195775008895e+00 1.339886379382892e+00
7.688283421996520e-01 -2.254141466217793e+00

