14
0
0
96
-0.334455962447139768615466658504e1 0.123219588573822978409928758581e-1
0.129001687671537817567325943027e-23 0.571960133617738302175751647901e-23
-0.348505386878198623873812672559e0 0.912100069938543521005516275013e0
0.385102824584872836024073393150e-23 -0.167940670111577093343810566620e-22
0.277496726534689197056503004209e-22 0.286668439511896446001761787392e-23
-0.468383730596208816866767204961e-22 0.738827515416247350261160609501e-23
-0.116593474803594449159678305221e-22 0.538702832796451876383945218719e-23
0.283022135613759630734850870982e-22 -0.625293223281810670544087093082e-23
-0.334455962447139475895912430042e1 0.123219588573788492260979366154e-1
-0.334455962447141017164195300058e1 0.123219588573850755323555375158e-1
-0.334455962447139651500997505389e1 0.123219588573875604867338447864e-1
-0.334455962447141163559070805300e1 0.123219588573803418690491578333e-1
-0.334455962447139326406569740106e1 0.123219588573779665684876460132e-1
0.132188940984164684702525047377e-13 0.401262869398867198579203729924e-14
4.07679613597217e-16
3.313440067190012e+29
2.59232710283182e-18
6.10351562500000e-6
3.33725591618171e-16
2.441406250000000e-05
1
1
1
96
-0.334455962447149699047014197632e1 0.123219588571810881178387253057e-1
-0.448342948459686484069703083473e-25 0.150197408205034168356750268516e-25
-0.348505386878198598172072291689e0 0.912100069938543501515503489017e0
0.260956901505475990775801039246e-22 -0.144081209126447851703088161452e-21
0.641835530182052322505422855478e-21 0.237852223203391418266208629573e-21
-0.954965534327381026133047398048e-21 0.151725156786907785988315186704e-21
-0.103979824923681451667096087622e-21 0.163978476871044341655118009976e-21
0.433757129915141224978042147637e-21 -0.375718148710895672539446426425e-21
-0.334455962447151073693148028455e1 0.123219588571639533061612367418e-1
-0.334455962447147305554832525455e1 0.123219588571591207671165522101e-1
-0.334455962447153237746793070050e1 0.123219588571865367536935051291e-1
-0.334455962447149717041326716938e1 0.123219588571590737789316115305e-1
-0.334455962447150896651762252469e1 0.123219588571495274787769899322e-1
0.237475227409049320178541654163e-13 0.591875498914030809702888629909e-13
1.82385289845395e-15
2.878741652722136e+29
4.81868855010265e-17
1.52587890625000e-6
2.37096728300466e-16
2.441406250000000e-05
1
1
2
96
-0.334455962447134019467052216432e1 0.123219588575331644223011211859e-1
-0.920876905904198478310483504812e-25 0.465393067921138048072627452572e-25
-0.348505386878198609657881122793e0 0.912100069938543486987255394411e0
0.188660805260722408070441606917e-22 -0.250335864613665650523058206372e-22
-0.576118729737032868354705649986e-22 0.535932205978204047475959942814e-23
-0.194543484004462349260022626039e-22 -0.900881135315187715250841304369e-22
-0.397231758335185652376531249353e-22 -0.421506659257501180310403328455e-24
0.753015659407710641289014477155e-22 0.108371584178422456906367767810e-21
-0.334455962447132659791345803158e1 0.123219588575406296622263527690e-1
-0.334455962447138063460725653737e1 0.123219588575511054735805717426e-1
-0.334455962447131402165266229542e1 0.123219588575407573186330988222e-1
-0.334455962447136520817804652402e1 0.123219588575446113147416058775e-1
-0.334455962447132618418475105805e1 0.123219588575494290418874974303e-1
0.951267434623275789182958239463e-14 -0.361917757452470535034770891214e-13
4.11998749539400e-19
7.208732140375512e+28
6.80862303321449e-18
1.52587890625000e-6
2.70631586926092e-17
7.500000000000001e-02
1
1
3
52
-5.695523987890284e-02 -3.425937514171492e-01
3.150899560389010e-02 -5.365277141885578e-02
-5.085930807659989e-02 -3.736954856448693e-04
-3.603495281969109e-01 5.013764255907431e-01
-4.977601825309295e-01 -1.164134702361016e+00
1.747661745029632e+00 1.812971613706737e+00
5.360747337866480e-01 -2.763082887350177e-02
-1.446797696657520e+00 -1.099675163319165e+00
2.143412844859067e-01 -4.962784151231671e-01
9.869292680032730e-02 2.897348228499144e-01
1.209171451375847e-01 -8.340046196575669e-01
1.506850564409584e-01 -5.151664469177768e-02
4.009312060964519e-01 -4.258262478884504e-01
-8.160435837921870e-01 -1.350106180205904e-01
7.108895957933346e-16
4.805724238588295e+03
1.757448935054815e-14
9.765625000000001e-05
2.969501791615191e-12
0.000000000000000e+00
1
1
-1

2 0
2 14
0 0
-3972620035827129483259807630569317639159571434206216916766718429779393046508348202986844116544876688166389122760331811422638583047469222360231054682714497988622594576835374531262348227839109176795469382915090617711824197503178418968226023407799504430624047164283388974474027161438169443208757401488109137808779/50000000000000000000000000000000000000000000000000000000000000000000000000000000000000000000000000000000000000000000000000000000000000000000000000000000000000000000000000000000000000000000000000000000000000000000000000000000000000000000000000000000000000000000000000000000000000000000000000000000000000000000000 -9714563474534243636697898776095006348082271823706593676634437783103491905375702228203051477020787535720897469140916888382013832059909184032306584477926535148808844221822903169638797468895007610957125969957534792442053015797187120025288840729241309793788585390439997859918387432942039457829268247032027957844417/10000000000000000000000000000000000000000000000000000000000000000000000000000000000000000000000000000000000000000000000000000000000000000000000000000000000000000000000000000000000000000000000000000000000000000000000000000000000000000000000000000000000000000000000000000000000000000000000000000000000000000000000
-3655462224536118949774562770215927958067386311736776655610370023899763161410689627628190682392301830926896562037555554064092430715726829237160775985107978858068393627150621427695735552560799510311189768594438279895340382280402747386318266882635715373033907970361591976973665114904236364047370725750956464766929/10000000000000000000000000000000000000000000000000000000000000000000000000000000000000000000000000000000000000000000000000000000000000000000000000000000000000000000000000000000000000000000000000000000000000000000000000000000000000000000000000000000000000000000000000000000000000000000000000000000000000000000000 -2391747356133673238654720848028424195415655304903019225084344084754608080672967321680116758669552001399069176595265559690921284928617577123240634608119272874465385857982126828008153033803402096137624922584521261781533786531770932357060565002173094616166989974281766283761818137831838937518409005996779846502711/2500000000000000000000000000000000000000000000000000000000000000000000000000000000000000000000000000000000000000000000000000000000000000000000000000000000000000000000000000000000000000000000000000000000000000000000000000000000000000000000000000000000000000000000000000000000000000000000000000000000000000000000
-225800146317581604617133977849384602089143521540791096690740114623385779055000059239046249633960094575590270559944599485811191721444621385962517348590120093722861231820083678352348279253192666818040858704295062744097715101167417832839028327770996946651761215861517440598023592235183667049029628539177150487927/250000000000000000000000000000000000000000000000000000000000000000000000000000000000000000000000000000000000000000000000000000000000000000000000000000000000000000000000000000000000000000000000000000000000000000000000000000000000000000000000000000000000000000000000000000000000000000000000000000000000000000000 -4449014693351782385914107911843325632624847906223230582794066621291573314092130361933328986510972224592367333165381463789806261869696675230339685063331597959509501480613893319181338180166904289477031108535001473243329055198204820311021013729340679377384126386610157352618370158069884856630188100754497935505953/10000000000000000000000000000000000000000000000000000000000000000000000000000000000000000000000000000000000000000000000000000000000000000000000000000000000000000000000000000000000000000000000000000000000000000000000000000000000000000000000000000000000000000000000000000000000000000000000000000000000000000000000
-2657467581124254502568848930686250913124547069211725535851702044931206296821991240303261202579913873320446268523739802788360335452263860289320637462840599995664088354753961782374284903623667770417844036094920803220564784452567204314074112151196863170971722274901740960974921011530557095913941141258969102266761/5000000000000000000000000000000000000000000000000000000000000000000000000000000000000000000000000000000000000000000000000000000000000000000000000000000000000000000000000000000000000000000000000000000000000000000000000000000000000000000000000000000000000000000000000000000000000000000000000000000000000000000000 920535614360334752952893656949055205536480197655923320678630523464793147488715725595380079596875813445851194320158561743895363763317514205591098542647191997195741254399253568368634147328478816355095223921355412500517941098536218189202086274645699194912059476712865027602130249310889267373388733662678420696243/1250000000000000000000000000000000000000000000000000000000000000000000000000000000000000000000000000000000000000000000000000000000000000000000000000000000000000000000000000000000000000000000000000000000000000000000000000000000000000000000000000000000000000000000000000000000000000000000000000000000000000000000
1097192242842292450673156535988384615387882429016922021895186929935463059430399503881819041818467143978907422468701807395807844659010473066309595738817764206222726066813746409557282567179755292725274952460197335002022913802943441193553675154250964097132724912599293446063969837938016887479873182540763658053987/5000000000000000000000000000000000000000000000000000000000000000000000000000000000000000000000000000000000000000000000000000000000000000000000000000000000000000000000000000000000000000000000000000000000000000000000000000000000000000000000000000000000000000000000000000000000000000000000000000000000000000000000 5601742175210475088589600506390766294962631386224647314764685171155649392376010065303925278335466292149934952151291495745614756828743941816563593415770268991477141932900515224902886018627802397799519649886394327642724596303747024995478653477657288217073075372827327486205306039121238830505140508698458298717249/10000000000000000000000000000000000000000000000000000000000000000000000000000000000000000000000000000000000000000000000000000000000000000000000000000000000000000000000000000000000000000000000000000000000000000000000000000000000000000000000000000000000000000000000000000000000000000000000000000000000000000000000
-2349092056288303993737430332496303029375704392307114458941290835199722286518087409308712526401362516485223114625153050684893786012896230060365227848046462603389828591458884765706426771074589315628823814062484960436881805273050304954544163148361363959746450927134605433102330313916331426420092164274426250161769/10000000000000000000000000000000000000000000000000000000000000000000000000000000000000000000000000000000000000000000000000000000000000000000000000000000000000000000000000000000000000000000000000000000000000000000000000000000000000000000000000000000000000000000000000000000000000000000000000000000000000000000000 213533283230644078147958956247865085148009984831942058311190031314226265247841968921306769734853906473898391751448417789338608272445781201191692198370042654948575899562665800766894349567540653206779765143939302310041731190992354775242129982802385433293122293074041542159877453153800887000896876008466120642161/312500000000000000000000000000000000000000000000000000000000000000000000000000000000000000000000000000000000000000000000000000000000000000000000000000000000000000000000000000000000000000000000000000000000000000000000000000000000000000000000000000000000000000000000000000000000000000000000000000000000000000000
5305742902978064161306173118408687370027272786673986791343475267730105628764686632310277936057183505805519100992681298080690874767240415194942250698699090425805658618103321086092300903885161059434950987452776469599847030255976435290980758928675601567040046750640238847234885456434289741425616633948129288376557/10000000000000000000000000000000000000000000000000000000000000000000000000000000000000000000000000000000000000000000000000000000000000000000000000000000000000000000000000000000000000000000000000000000000000000000000000000000000000000000000000000000000000000000000000000000000000000000000000000000000000000000000 3968260897935615046682984424471193615176935197103458662779229469921097629902506537679199215106766861203139312750366575093067641001057747948583220853911098777782868806867335733269368370532925088610673815586709304055408628772735028785978620740745925519697467414085933081398431366127683214070971634026018342539701/5000000000000000000000000000000000000000000000000000000000000000000000000000000000000000000000000000000000000000000000000000000000000000000000000000000000000000000000000000000000000000000000000000000000000000000000000000000000000000000000000000000000000000000000000000000000000000000000000000000000000000000000
0 0
0 0
0 0
0 0
0 0
0 0
-3872591076864202610018393229078185099876818092584575200024925645607641570672714178497715891339823777089863980121766485447123285716753881592356189989877430902060650873562566051827902110372612566854914692802940233400467893271158527678787261004601125961618075232650483166818397463079199859154101396252356599969653/5000000000000000000000000000000000000000000000000000000000000000000000000000000000000000000000000000000000000000000000000000000000000000000000000000000000000000000000000000000000000000000000000000000000000000000000000000000000000000000000000000000000000000000000000000000000000000000000000000000000000000000000 996587856153783680050680233526973380160861609605959332045142008857347695892445124580912425501443332058576009653743286641454271024127493791681080679852198634465336163831892485072738115045851533362373514039679844872162233681053499512483889652384641542371393978272009858884725870205504048070850070260777385505729/2500000000000000000000000000000000000000000000000000000000000000000000000000000000000000000000000000000000000000000000000000000000000000000000000000000000000000000000000000000000000000000000000000000000000000000000000000000000000000000000000000000000000000000000000000000000000000000000000000000000000000000000
0 0
0 0
0 0
0 0
0 0
0 0
0 0
430421335626583422008368695291853125891520456341895131964106172164476241530869358077909661273346471823210886366999859246950640061287675409637962785643622879807708152198726670609996114875832093012456690140773567136936384198942153916527756111535857752709762177262484287991842419925325203823428312698524104027183/500000000000000000000000000000000000000000000000000000000000000000000000000000000000000000000000000000000000000000000000000000000000000000000000000000000000000000000000000000000000000000000000000000000000000000000000000000000000000000000000000000000000000000000000000000000000000000000000000000000000000000000 7010663773856895809628059749116088406656055095398084832013196979039387158777108608731765315340550333689895512589453084971607995086741468974784454613965753423668121689106658541850178814809035454214986017728569103932338705097905998144600656756031432911743590592863038717807958744244200883313213693511244888460151/10000000000000000000000000000000000000000000000000000000000000000000000000000000000000000000000000000000000000000000000000000000000000000000000000000000000000000000000000000000000000000000000000000000000000000000000000000000000000000000000000000000000000000000000000000000000000000000000000000000000000000000000
-1717189815859980684808127741251909912944457551135249126976402797333132777056465781260806027054437830580180038830035337703437468052652618917474027553238936504488574583396812580003583314731746093314285351577009533094700189178540332164060148545484263652331104853401813059814763521261410511178216429905412168252397/2000000000000000000000000000000000000000000000000000000000000000000000000000000000000000000000000000000000000000000000000000000000000000000000000000000000000000000000000000000000000000000000000000000000000000000000000000000000000000000000000000000000000000000000000000000000000000000000000000000000000000000000 -2801732939193351607624552827403058040336080520634380154528013297259554020973496534248430939490902317825651630071603993662230955312691122893689733257207430969820926901779252205114148478236522735470331283784498273721201989059583378112881479340191026129225314950723815992102740461649993195462723192218070740158489/5000000000000000000000000000000000000000000000000000000000000000000000000000000000000000000000000000000000000000000000000000000000000000000000000000000000000000000000000000000000000000000000000000000000000000000000000000000000000000000000000000000000000000000000000000000000000000000000000000000000000000000000
250097562489476516910500529813183668562778275815433334236044556866109542580466143005237809540780132000783800865448673915532850330550515446361430540916735259608448327347366738441830083865482527479447136337323599555730533915473069108881770985453992833130780970834253995552948507870627511599027962178852149460997/500000000000000000000000000000000000000000000000000000000000000000000000000000000000000000000000000000000000000000000000000000000000000000000000000000000000000000000000000000000000000000000000000000000000000000000000000000000000000000000000000000000000000000000000000000000000000000000000000000000000000000000 -57822226529044803299593347629856496436417601384372613999415396993542656809957244533737637434159366738713511733910208487943597620434779138578749017988681474995763336930997029317533714341727595418876639394999600033015334942999022083257158746254041385718994756417912026923399523891311572636117082133410036172417/8000000000000000000000000000000000000000000000000000000000000000000000000000000000000000000000000000000000000000000000000000000000000000000000000000000000000000000000000000000000000000000000000000000000000000000000000000000000000000000000000000000000000000000000000000000000000000000000000000000000000000000000
8389279345615082197818770040556073074554329180015414948333314394996954530045614166609534881128754676374869273776387945778925954033186898885733990708876320887180742564864995212245848185600775011250030430973263115023238618227950471927424819279407674488170085812511327562046247920895879470279231236700193876514121/10000000000000000000000000000000000000000000000000000000000000000000000000000000000000000000000000000000000000000000000000000000000000000000000000000000000000000000000000000000000000000000000000000000000000000000000000000000000000000000000000000000000000000000000000000000000000000000000000000000000000000000000 -2987574019278134860036602834039070398285617633421747196623784332474435724792043512987203797850678682806203577779072708437381492943949700181696773477341661353064068528155864100846666513113325871257557704161198005792902916355499360563579605819043687983891727138767704433287912195216536995212383152833080500800957/50000000000000000000000000000000000000000000000000000000000000000000000000000000000000000000000000000000000000000000000000000000000000000000000000000000000000000000000000000000000000000000000000000000000000000000000000000000000000000000000000000000000000000000000000000000000000000000000000000000000000000000000
-4329207872174666408227992813738558405945395891899528535808784844820791805648766960951431603087998905954607955195616453043292967813754430762131655090745270938892946247199313746554949044322945487053297565168890187671809713942363995314428531303173847935369441959958856845974370280283455370587835315385191808603103/5000000000000000000000000000000000000000000000000000000000000000000000000000000000000000000000000000000000000000000000000000000000000000000000000000000000000000000000000000000000000000000000000000000000000000000000000000000000000000000000000000000000000000000000000000000000000000000000000000000000000000000000 -4734772024057813093892540684276384844480549172007455899615541664472871355335280858246653863824375016458453364018336321689868547075945765164387233944954763354814792556311860476228790177822428425863172199324625293859556531097865524387624227233353404339526165100789494759153120652296593397007256587493699500891057/10000000000000000000000000000000000000000000000000000000000000000000000000000000000000000000000000000000000000000000000000000000000000000000000000000000000000000000000000000000000000000000000000000000000000000000000000000000000000000000000000000000000000000000000000000000000000000000000000000000000000000000000
-326548237664328142455217478806366336130925553284275749039750250945151857820661148681329411814499458658468300247021620905132896941852156818521122908197160607553279506915169179826958210286834383554751485535267961451164306280761756246092022959638725093560493370905431508434980243948208637073815736636672160119913/400000000000000000000000000000000000000000000000000000000000000000000000000000000000000000000000000000000000000000000000000000000000000000000000000000000000000000000000000000000000000000000000000000000000000000000000000000000000000000000000000000000000000000000000000000000000000000000000000000000000000000000 -1273346080644137369674262855916779973590010701468754143058624352005729521773124510310340142041387440939025906423212632703497605000023300321000458191196734667991401759570954112793136992443447633212009381887008844746279888827746196884060006276219649422138244492752691077390997555310686703814575551812293727710161/2000000000000000000000000000000000000000000000000000000000000000000000000000000000000000000000000000000000000000000000000000000000000000000000000000000000000000000000000000000000000000000000000000000000000000000000000000000000000000000000000000000000000000000000000000000000000000000000000000000000000000000000

-1
-2689414717745131432176347621608802667082896249098917365768732708633153796260148656205342289064492072943174505747840979670139764388560935366303668384114811377053734687901985554756160353939509543574876887877111193665488828796794082607102421075453497048319946839430320151658804334404171959568099278009577198663951/5000000000000000000000000000000000000000000000000000000000000000000000000000000000000000000000000000000000000000000000000000000000000000000000000000000000000000000000000000000000000000000000000000000000000000000000000000000000000000000000000000000000000000000000000000000000000000000000000000000000000000000000 767739452374677007638347964541684289651686094014714033028351499260411065957229039062448584580599511373068864082645126383047751120746650859365436534850454953249712114661949568827602383501474002038977241235027794019159501767001825991314114234257420550134708945789376837978787275062530649886950519008432039550229/1000000000000000000000000000000000000000000000000000000000000000000000000000000000000000000000000000000000000000000000000000000000000000000000000000000000000000000000000000000000000000000000000000000000000000000000000000000000000000000000000000000000000000000000000000000000000000000000000000000000000000000000
0 0

0 0

0 0

