4

0
0.500037575339163879546460472035e-23 -0.332493644408100314636901694220e-23
0.100000000000000000000000000000e1 0.000000000000000000000000000000e0
-0.174745949768994378441792583339e-22 0.245473310539960360251079308961e-23
-0.740123408364168352675295331121e-23 -0.275959881326061264091898011043e-22
0.241899453643599175746707889669e-22 0.421094658993283935888035879732e-22
0.941579473204996870645547112730e-23 0.918527754861937554834010508990e-23
-0.163279409088066616988637272624e-22 -0.247909620262955320669653084858e-22
0.999999999999999121002079111027e0 0.102787341375792046204502773446e-14
0.100000000000000373608265342334e1 -0.816745943451413090208945422128e-15
0.999999999999999655637615958077e0 -0.157476306344203571830558777669e-14
0.100000000000000416857291147905e1 0.600179740537447995943591731736e-15
0.999999999999998673073164668684e0 0.129013163221454079478028924835e-14
-0.394788346335977211021193856942e-14 -0.121429270445128002922236825482e-14

1
0.307583772762161019742175367861e-25 0.374025129456178978729475233445e-25
0.100000000000000000000000000000e1 0.000000000000000000000000000000e0
-0.147381521355542408889565950920e-21 0.277026225530995771151555019060e-22
-0.706758309566931756167623998800e-23 -0.700989354648424291541554145050e-21
0.494239340688390650390308175319e-21 0.858151958855881520987979171668e-21
0.194887467619898472349390973182e-21 0.395356757570757083839600624900e-22
-0.518007435835089637472226049031e-21 -0.277632637502935400826188356026e-21
0.100000000000000409116578101081e1 0.513826176940579227165208205872e-14
0.999999999999992819524776083248e0 0.654163048606025570204745705197e-14
0.100000000000001058632374304815e1 -0.159010219768755320046641976065e-14
0.100000000000000002955157421045e1 0.658224266038435364966845872892e-14
0.100000000000000354594110197585e1 0.944947483395455479939692613861e-14
-0.703505048328597192671748342165e-14 -0.177225829853108871069881168418e-13

2
0.781864130203378342653808085421e-25 0.710879284073700400424339833532e-25
0.100000000000000000000000000000e1 0.000000000000000000000000000000e0
-0.308460301622182381393307522789e-22 -0.889822632211687503530964025113e-23
0.261870602808755995953935443805e-22 0.531581380128399085106130843875e-22
-0.790757393751524976089552720955e-22 0.515433241302470596906475700472e-22
0.141174018946545713409400354697e-22 0.381572004778510413749272666770e-22
0.761527770010134653968094450856e-22 -0.111655751718361802472527099851e-21
0.999999999999995942942830612855e0 -0.224700159679268121704976903654e-14
0.100000000000001211085749754667e1 -0.531963062086196613421485209308e-14
0.999999999999992182920224522328e0 -0.229902257119202282912139424964e-14
0.100000000000000749137185947354e1 -0.339494143909619973140762766890e-14
0.999999999999995828935284669204e0 -0.487837476563739227273032347815e-14
-0.288405096978235092033635185344e-14 0.108104631543441011605585661936e-13

3
-6.655517497080861e-03 -2.379551262731024e-02
-1.412391044004167e-02 1.443789296667307e-02
4.403152179768637e-02 2.412071601739391e-01
-4.700159914777100e-01 -1.785294280835849e-01
1.000000000000000e+00 0.000000000000000e+00
1.398450015438479e-01 -1.608811589490423e-01
-7.131460373478007e-01 1.105696564964097e-01
1.308418013763470e+00 8.431634994123338e-01
-8.695681315752062e-01 1.435124402357998e-01
2.311813162649589e+00 7.372785327422446e-01
7.517326864765307e-02 4.523333170796107e-01
1.020195775008895e+00 1.339886379382892e+00
7.688283421996520e-01 -2.254141466217793e+00

