4                                                

-5.676145421376257e-02 3.218548012717177e-01
2.957222527176392e-02 -1.373057716669194e-02
-2.026513236866518e-01 -1.879429597046498e-01
1.088074085438297e-02 -2.677753393944107e-01
-6.303706379626532e-01 1.468424841659546e-01
-1.449704051189041e-01 6.490761753315781e-01
1.000000000000000e+00 0.000000000000000e+00
-3.079695419216377e-01 -5.164534599832757e-01
1.485673484641771e+00 -7.238533689866233e-01
-2.168140153602348e-01 -9.278286910991029e-01
-3.314053965597308e-01 -1.677249488388196e+00
1.641156750775352e+00 4.837255917423769e-01
-2.205321208112814e+00 2.316823430217328e+00

-4.184832780873250e-02 -3.646568806391132e-02
-8.100332783394638e-04 -2.261095774208331e-04
-5.518006103037706e-02 2.209474211984691e-01
-5.386421351097398e-01 -2.541529025707734e-01
1.000000000000000e+00 0.000000000000000e+00
1.710580426200073e-01 -1.132893271273526e-01
-5.549917730197544e-01 1.653090810128049e-01
1.327405263371291e+00 -1.471132442247981e+00
2.480755475200953e+00 3.103799894086900e+00
8.245847252840501e-01 -3.926042424698118e+00
9.524894123346941e-01 7.399035156060246e-02
4.415190555388076e+00 -5.783844753278911e-02
-7.171545589086620e+00 1.561318620644046e+00

-0.275986688709572043252898206032e0 -0.156946363859806172854576832572e0
0.208505721565331612191571907194e-1 -0.163935913655464245427617047942e-2
-0.413090463722538933324421596445e-1 0.161503078072040289209343581297e0
-0.424771374035163800895200348018e0 -0.476776681427249439289866159303e-1
0.100000000000000000000000000000e1 0.000000000000000000000000000000e0
-0.830027161989156414596621620036e-1 -0.461740537261671364961588790083e0
-0.534052698290586713705065200610e0 0.209557217004576147087008105997e0
-0.983225106005967366597200767928e0 -0.410031352452955197041122908877e-1
0.911423610514539721393138054828e0 -0.235024285750797912793747994693e1
-0.558233006037168959541336737387e0 0.413605904629299808581275590361e0
-0.954206745281617412265220144865e0 -0.239065267653088963281873008036e1
0.455799594784071266009881266064e0 0.821858378779416692730241301734e0
-0.193034304674922167417460958255e-1 0.246107847078210645752048755099e1

-0.651733422250664853117e-1 -0.878172440006711077336e-1
-0.161751163965002463252e-3 0.365556061968773538026e-3
-0.322322788908485062672e-3 0.165328554444664451085e0
-0.522396552889635887220e0 -0.171302187436060552759e0
0.100000000000000000000e1 0.000000000000000000000e0
0.171987939268942871104e0 -0.128216650419416517375e0
-0.612088295418286300895e0 0.151845077979109690120e0
0.153650938704723738178e1 0.230298732403365956573e1
-0.522557282895727358936e1 0.139096136777789353112e1
0.520503308821826385713e1 0.651102017696140908300e0
-0.332691160877139420157e1 0.762707111153757098246e0
0.285469339485927664436e1 0.536386590472823798596e1
-0.131262888643730130610e1 -0.657609434012319599323e1

