3                                                

-2.615407975611715e-01 -6.926313971779370e-01
2.726887739304077e-04 -3.352498149612926e-02
-3.499346793193728e-01 -8.892016068914087e-02
-5.437363459346504e-01 -3.707878995709582e-01
1.000000000000000e+00 0.000000000000000e+00
-4.903800686570817e+00 -2.018031509541626e+00
4.401091029401658e+00 -2.226862072652853e+00
4.232892526552049e-01 2.283780096768651e+00
1.446994119052423e+00 4.182189329100657e+00

5.705741568515889e-01 3.022489876002030e-01
2.519272829582224e-01 1.512560450959297e-01
1.383713442749795e-01 2.372345911181679e-01
1.000000000000000e+00 0.000000000000000e+00
-9.296109453182186e-01 2.158841009386026e-01
-3.414316356280668e-01 5.081745673526298e-01
-9.247458150324314e-02 -6.239931236951409e-01
7.527524949294597e-01 -1.276240283784331e+00
5.847183218626186e-01 1.481508653683986e+00

3.440617311561509e-01 4.887833560474864e-01
5.978068825779335e-02 1.985604316942539e-01
6.004829703555393e-02 3.632781016126413e-01
1.000000000000000e+00 0.000000000000000e+00
-8.427702868994352e-01 -1.334056934280726e-01
3.197267294595533e-01 -9.719077629142382e-01
5.233160074202092e-01 7.250830421694319e-01
-3.585407198220265e-01 -1.283695688016484e+00
-2.287758076755599e-01 1.820305306815962e+00

