0
-2.548972394072856e-01 -7.181294980235384e-01
8.463721403921421e-01 2.042209322142574e-01
7.391000006754012e-02 1.013708717975298e+00
-2.164562439171731e-01 2.826822496537696e-01
-6.040926326168538e-02 -4.719883645313308e-01
-2.928246988181461e-04 -1.590976463482866e-01
-5.702437557309750e-02 3.262461659075555e-02
2.130535752620668e+00 1.795760184458458e-02
-8.844224237945318e-01 -2.024359997784101e+00
-3.815235898141896e-03 -6.842718710830878e-02
-1.774281351613433e+00 -1.103716513849657e+00

1
4.367443492915048e-01 -3.707049575191190e-01
1.058721589360364e+00 -4.518024104829409e-02
-8.783775842116691e-01 -7.251327916321163e-01
5.803761627466187e-01 3.748645259537421e-01
-2.156682591692654e+00 -3.361966704579034e-01
1.072540080914613e-01 -9.829294266301883e-02
7.634046752268034e-02 -1.199678519647827e-01
2.075072322617131e+00 -2.725467004166392e-02
-1.251381994633500e+00 -8.442441782329448e-01
4.904015894389157e-01 -1.925905577909172e-01
1.567660162213311e-01 -2.163381430003507e-01

2
1.761768096453730e-01 -3.364992884592442e-02
5.089187244305436e-01 1.769259371806318e+00
8.566487630145189e-02 1.262014625092980e-01
-6.925204676296245e-01 -1.737085900673113e-01
5.543296951470372e-01 -6.145469989793687e-01
-5.849186677259454e-01 -3.821328356931351e-02
2.476061457924857e-01 -2.140025803095729e-01
-6.039027342304899e-02 7.571516929875207e-03
5.791068720542522e-01 3.351342094271136e-01
3.153618640594865e-03 1.648598279291726e-01
3.997040389656886e-01 -1.588386810927084e-01

3
-2.657293647530187e-01 5.328490991327949e-02
-3.116819550190128e-01 2.744309129718598e-01
-1.003761394597205e+00 8.626868173604860e-01
6.797553554033815e-01 -1.080933856176739e+00
-6.682717842875839e-01 1.247012265106532e+00
-9.571486335314802e-01 6.286161573186760e-01
1.739341824969026e-02 3.097145718946819e-02
-7.618059408493608e-02 -4.903330048537583e-02
-5.756631089312678e-02 -1.016464736662225e-02
-2.299934210678694e-01 -6.684033766100549e-02
1.196542869487351e-01 -1.044056983642155e-01

4
5.201314130136012e-01 -4.211012101596413e-01
8.804753115145192e-01 -3.028480761069234e-01
2.712167216954182e-01 1.342550120430674e+00
-1.754867166408754e-01 2.970648105233357e-01
-2.291155596009725e-01 -4.445614067886799e-01
2.956888911464919e-01 -1.034443267876756e-01
1.335494376603050e-02 -6.839062887195561e-02
1.257914386926788e+00 6.240912527464560e-01
5.036658676568690e-01 -6.485698132487820e-01
3.010163667906466e-01 1.836665412681143e-01
4.476598055137578e-02 -1.397594913039435e+00

5
1.782445576479369e-01 6.693442575993682e-04
5.046921529733518e-01 -9.577588032636962e-02
-1.561512552071436e-02 5.316499800779815e-01
-1.240367433978228e-01 1.911389533720101e-01
-7.022026531848727e-01 -1.400811697844754e-02
-4.185134730480127e-01 3.747534208687077e-02
4.732302290645227e-01 -4.052246535062373e-02
3.143120450876483e-01 1.491088406749497e-02
2.387143526067313e-01 3.432986513996419e-02
1.723522717270348e-02 5.108162924635631e-03
8.273056527690892e-02 6.460268433201104e-04

6
2.999791030990063e-01 -2.137147854391012e-01
3.551880549819434e-01 5.362886810115854e-01
9.586538711490643e-02 8.045217685239411e-01
-1.685778791864084e-01 -3.184325138087126e-02
9.184091624941373e-02 -1.820546747849079e-01
-1.186510534344346e-01 -1.844853932569469e-03
5.095043617574051e-02 -2.404578979701456e-02
5.144295779663973e-01 -2.930066144934626e-01
6.825128812147464e-02 6.979797073937607e-01
2.747663926107450e-02 -1.499372878234109e-02
6.330440729547901e-01 -7.837616575362465e-01

7
1.128717269121031e+00 -1.263052967791323e+00
1.773776995204313e-01 1.903832910270468e-01
-8.832663432520260e-02 6.680618894454081e-01
2.832883440243154e-01 6.266151582679913e-02
-3.113723190040594e-01 1.323046345719277e-02
-6.623764671630047e-01 -3.473584368949426e-01
-1.014479456482398e+00 -2.009375917511592e+00
1.591122812094473e-01 8.257741407390209e-02
1.343739717167571e+00 1.180724875095637e+00
-2.150131029283691e-02 4.038491654781293e-02
3.971271178476017e+00 -2.589394000453904e+00

8
-6.192231065074901e-02 2.320165767636711e-01
-5.438170083689853e-02 4.879007998775519e-01
1.996738451660560e-01 2.670500423676433e-01
1.145075822174622e-01 -3.608400691678467e-02
-2.966080109132386e-01 -9.109188788929728e-02
-5.347296741354478e-01 3.537094013623184e-01
4.410241010393856e-01 3.851512284102152e-01
2.250294441322786e-02 6.121561189384531e-02
2.494572432105547e-01 1.125110645734725e-01
-1.541926559789296e-02 7.744198020145602e-03
-2.884414052099014e-01 9.657364226283717e-02

9
-2.192945883483073e-01 3.114732126791061e-02
8.493887212912795e-01 1.139908243134064e+00
-2.952841230446246e-01 4.868049912148729e-01
-4.436085669680197e-01 2.126118501159903e-01
2.928314879286167e-01 -4.731709110613309e-01
-3.624441463264086e-02 4.451036045619282e-03
3.752956107151347e-03 -5.105154022165414e-03
2.089776194926606e+00 -6.104319525814533e-01
-2.607233437222525e+00 -1.001976120101322e+00
2.381804453423595e-01 1.539457999211688e-01
-9.992187490787041e-01 1.081108354130067e+00

10
1.388970406788425e-01 3.277756802748355e-03
-3.975726737603317e-01 1.507035994750558e+00
-5.717488771918287e-02 1.020332264972078e-01
-1.871527755406816e-01 -6.472303464390665e-01
3.249534354402149e-01 2.610381126506644e-01
-8.236398270971638e-01 1.510095042393234e-02
1.671487327076822e-01 -4.769471142287125e-01
-2.421575725014082e-02 -1.155698396184210e-02
2.052674273162934e-01 1.510514449545357e-01
2.202906543777731e-02 1.904413214531925e-01
6.215017226140008e-01 3.036485766632490e-01

11
3.858563521591314e-01 5.230792884219914e-01
1.264671699315038e+00 -4.473062909607459e-01
1.789353361419003e-01 3.384703845464898e-01
1.115236381615679e-01 1.496374196920164e+00
-7.985870853613053e-01 -1.124324266578406e+00
-1.505424040640229e+00 1.788585987138627e-01
5.726726848767298e-01 -3.699475648767985e-01
-3.161635552423721e-01 -1.969545082520946e-01
-4.564623692313899e-01 6.919669554602897e-01
5.631501080915570e-01 -2.210850382796700e-01
1.762662224217713e+00 2.198020594319749e+00

12
8.301648734892057e-02 2.385466257178192e-02
1.202625628561654e+00 -8.871899978634815e-02
-2.865190018592461e-02 6.194645240620232e-02
-4.612967406755383e-01 4.885998891098736e-01
-1.216133257810526e+00 -5.482780067927214e-01
-3.838565201839622e-01 1.361279645858328e-01
3.735099038730897e-01 -1.857331932041907e-01
2.692163787444792e-01 -1.208614387230075e-02
8.011315795282443e-02 2.850786872775270e-02
-1.561788255136803e-01 1.396549006821728e-01
4.950939239741661e-02 7.973160486043514e-03

13
2.388833366901325e-01 -4.699367542143422e-01
-2.299543385079926e+00 -2.676147929377118e+00
2.330090184360076e+00 7.845552999461800e-01
1.037555873742739e+00 7.656928877329536e-01
-1.208981313528219e+00 8.857433943966634e-01
-2.319713817135605e-01 -6.468530085628653e-01
5.055943068530130e-01 7.941946005663229e-03
3.735489074719315e-01 -2.240433627353944e-01
1.076869229551108e+00 1.260276830269033e-01
1.875327341518530e-02 -4.836438512203638e-02
-3.995235105997355e-01 -1.019732927702848e+00

14
6.088939763063208e-02 -1.224124673066584e-02
1.067105788349998e+00 5.387465001249500e-01
-9.639849590945470e-03 7.688695516541994e-03
-4.964970756686495e-01 -5.242603015609879e-03
-9.065132291984185e-01 -6.308990659525727e-01
-4.208423886627423e-01 1.906902247595023e-01
4.872871520285301e-01 -2.115442375130124e-01
2.743636666654681e-01 -6.105993909974341e-02
5.846985427201810e-02 -2.005144266606359e-02
-2.621884573719702e-01 1.862340305569854e-02
3.630110283259055e-02 -4.594869246730482e-03

15
6.469051202488639e-02 3.645086518233632e-04
-2.034748579114077e-01 1.833766956579175e-01
5.218722991718860e-01 7.802705260037019e-01
3.323465170337016e-04 -2.779034373532121e-02
1.343224238292423e-02 9.708432787011660e-03
-1.072607717508472e+00 2.309664680664319e-01
9.246908604298261e-02 -4.553867770694422e-01
-6.020629143009020e-03 -6.878568468897116e-05
-8.277103662877849e-03 1.172632060798579e-03
3.791209481062274e-02 1.637212542793724e-02
7.732513242902974e-01 3.995024107670772e-01

16
1.502915821533390e-01 -2.675610863000613e-01
3.909977469476222e-01 3.920293706912221e-01
2.173472270323599e-01 4.721390255666253e-01
6.495262552771250e-02 1.543340932878235e-01
-2.815103328857557e-01 -4.629942466838083e-01
5.949420833216605e-03 -5.484411967014741e-02
-1.446413162497538e-02 -2.221759325702670e-02
1.426210568038405e+00 -4.985229456496706e-01
-1.138136793456485e+00 -4.453067162952259e-02
1.439246051027399e-01 -7.164428017934749e-02
3.809300024022211e-02 -2.916063205963642e-01

17
-1.222283777050408e+00 -2.237172487340151e-01
-5.323632878522392e-02 3.334763828319492e-01
1.287120348501093e-01 8.680661441948639e-01
4.131845055179548e-02 -3.412594029248382e-01
-6.843972194401789e-02 1.971788908740208e-01
-1.609423972232851e+00 1.410757650811849e+00
-1.431923862584001e+00 1.899150450522948e-01
-5.173958044385206e-01 -7.461800746787786e-02
-2.314713244500615e-01 -3.834330147961649e-01
-6.856000743044596e-01 1.783792955905154e-01
-4.730495720675437e-01 -1.541716223806418e+00

18
1.191490653335394e-01 1.579929013232448e-02
6.552046382207697e-01 1.068903988229116e+00
-2.884257014380128e-02 6.590653483965012e-02
-2.921940138361950e-01 1.814755109118436e-02
-1.879362882367387e-01 -5.988280201762926e-01
-6.544579498903957e-01 2.814806508056408e-02
4.791112447772890e-01 -7.228292298733487e-02
-3.351171782343317e-02 -4.502914984300829e-03
5.260617205084670e-01 1.652995867605452e-01
-2.462256282498520e-02 -6.076685804284251e-04
1.565844490722714e-01 3.913313210554108e-02

19
5.264158340539458e-02 4.609108619673476e-02
7.920962025726663e-01 -2.404310921197199e-01
-6.809625112769416e-04 -2.915400057783919e-03
2.294624975344908e-01 5.718982095873032e-01
-1.292151117412312e+00 -5.568183182106733e-01
-1.415142486967677e-01 3.197905571944032e-02
4.585097882101355e-02 -1.476949944728928e-01
5.221864838823814e-01 -2.629280905992179e-01
-4.417136775082546e-01 3.140694866001944e-01
-5.980383335793899e-02 3.548802425679439e-01
4.243101161741812e-02 8.316970366407933e-03

20
4.073486438769564e-02 -1.851704355621253e-01
2.439804685631090e-01 3.056225745181296e-01
1.999477059733654e-01 6.634322083196014e-01
7.731408767319660e-02 8.071707979610243e-02
-1.661942452168670e-01 -2.464512931269696e-01
-4.779685594920895e-03 -8.776240524342937e-03
-1.155668705595889e-02 -7.568631232701374e-03
1.178311884875254e+00 -6.351386911512089e-01
-1.125409562845871e+00 2.157820146717803e-01
-1.061671207496374e-02 1.197345016284769e-02
-3.768604046696457e-02 -2.301406702516451e-01

21
2.698022520128419e-01 2.816462503721233e-01
2.005624356017669e-01 3.335381182296808e-01
3.526150901022494e-02 7.634741059894822e-01
4.191981961233491e-02 -3.944995735464757e-03
-8.804664326176212e-02 -2.276353353007891e-02
-8.967391992869709e-01 4.793297826081858e-02
8.607514543309048e-01 -5.782479493089279e-01
-2.644145498567414e-02 6.333293334693547e-02
-1.069798306264214e-02 -6.700699208373287e-02
9.104661226080737e-03 2.780671357970859e-02
6.314538459852251e-01 1.405038072265770e+00

22
9.924998538944079e-01 -1.446592892373286e-01
8.878973649916093e-02 -4.748008818439574e-02
2.014441272651570e-01 4.612696219993573e-01
3.736427806595294e-01 4.009081657809365e-01
-4.667449652283586e-01 -1.904169569426521e-01
-1.392633124529997e-01 5.430161312850295e-01
1.393203268759761e-01 -1.126061018148171e+00
7.375386415775427e-01 7.031358869019143e-01
-1.340659836678643e-02 1.502807613291531e-01
5.236302597510396e-02 1.286359088408646e-02
2.595968984471902e+00 -3.206669016266058e-01

23
-1.853777806580738e-01 -4.154235244328063e-01
-1.015508517782745e-01 -1.973328428844510e-01
4.495160238522722e-01 1.408986304807945e+00
5.858391906660532e-02 -1.713771708745314e-01
8.300659263003249e-02 2.061575372925606e-01
-9.884087170983038e-01 1.846390870852081e-01
-5.217320403685331e-02 -1.270544140354392e-01
1.940959036171653e-01 -2.251106720361144e-01
2.733843117403303e-01 -1.913850534182622e-01
-1.841978322910540e-01 -2.585815837500225e-01
5.955304342002597e-02 -8.072441047787197e-01

24
1.100553787151595e+00 -8.702309213712969e-01
3.474970144049629e+00 -2.229042642697351e+00
1.563342721996487e-01 9.180057539577722e-01
6.997699840893675e-03 3.363994994648914e+00
-1.823191625460881e+00 -2.542728185236330e+00
1.607077188568857e+00 3.936409890179396e-01
-8.684392572482413e-02 -8.967348635698381e-01
-3.492299949902198e-01 -5.906323320423172e-01
1.904793568250717e+00 3.664229494098489e+00
-1.558094040758939e+00 9.893561481355315e-02
3.177513949884078e+00 -4.563043553065822e+00

25
2.996333347031963e-01 2.139681371094247e-01
2.090196737294274e+00 1.238298908237019e+00
7.672019938383547e-02 5.496505893721686e-01
-1.427000063888066e+00 1.013581711858576e+00
5.496385005209263e-01 -1.559155390287053e+00
-8.003792918369500e-01 4.832164117169965e-01
2.539590864879849e-01 -4.355653302839506e-01
-2.432650249594208e-02 -1.191567233329060e-01
-3.404915423865521e-01 6.964237692478805e-01
-1.110571816273057e-02 -7.619748380760516e-02
1.520537969319477e+00 6.509291125178506e-01

26
-1.349569320226409e-01 6.450917262951131e-02
6.572294003439278e-01 -3.028215135996087e-01
2.062104110731876e-01 1.186195218223871e-01
8.662976965434910e-01 8.839765400976974e-01
-1.079058521323520e+00 -1.018976009211348e+00
-9.283351818397915e-01 2.836515139633206e-01
-2.776464860187517e-02 2.586540514142257e-02
-5.290457472204111e-03 1.087857151871286e-02
8.097272962104046e-02 -2.432226121142999e-02
8.086572257787680e-02 9.809066715619913e-02
9.335644141680420e-02 8.676243547107221e-02

27
-4.018560380266460e-01 -1.040744329120297e+00
5.033876960016644e-01 -7.839618920602736e-01
-1.813944612534079e-01 3.910040734221645e-01
7.934926210833023e-01 9.296764099781762e-01
-1.201939178732590e+00 -2.336392144867623e-01
-1.373312385645450e+00 -1.031860471755973e+00
-2.804156229909897e-01 -1.224969281372910e-01
-6.093306495334736e-02 -5.300067929793054e-01
1.583507039030469e+00 -5.022462219805861e-01
5.262428352145221e-02 -1.015345467394131e-01
-1.095491154936729e+00 -1.710662157544777e+00

28
-1.100503660375003e-01 2.049719005632364e-01
8.574175742579250e-02 -9.634419031495653e-03
6.606485270837517e-02 4.482648299608629e-02
8.981250644481478e-01 1.235864063685903e-01
-1.082652389507188e+00 -3.877410290392382e-01
-5.667376546347914e-01 4.862526429660743e-01
-6.459831868845961e-03 5.485690232589255e-03
3.825636530833056e-02 2.078906019865929e-01
1.737635250160445e-02 -1.703254907367008e-02
-8.517090475236422e-02 3.185139555331237e-01
1.464932794920053e-02 1.495331321290572e-02

29
-1.886939311392625e-01 1.897542742019961e-01
-3.546168076456043e-02 -3.827810719890773e-02
4.410760959882451e-01 1.097192429498468e+00
-4.383820988231984e-03 -8.618457741786925e-02
-2.359420648188288e-02 7.247422359887666e-02
-7.657343357615721e-01 6.307355343722881e-01
-5.498316800790184e-02 5.463137106705054e-02
-6.590992181071792e-02 8.663886503759222e-02
-8.106808463375781e-02 9.324079073908076e-02
-1.329757086992991e-01 1.540869417901392e-01
1.704558944461987e-01 5.107185724573165e-03

30
-8.873785168178805e-02 1.117689268220790e-01
3.078457524536390e-01 -2.277474023949317e-01
-2.201013162664050e-01 -6.306617021037500e-02
1.071136862955237e+00 2.391929583990824e-01
-1.475696929827696e+00 -3.651350020459300e-01
-6.907925013389609e-01 2.803946297421548e-01
-1.021098923270496e-02 1.403466530419344e-02
5.889475107926793e-02 5.988183272939231e-02
6.231938488732082e-02 3.636408490245307e-02
3.425535015495750e-02 2.297712771114440e-01
3.762522401650316e-02 3.475372559165990e-02

31
-2.814514661816222e-02 -1.159179101710262e-01
-2.135016380546325e-01 1.176208012661824e+00
2.000123475510348e-01 3.001585606565915e-01
-3.032788841638286e-01 -1.305454513938460e-01
4.669271280158989e-01 6.666393697642283e-03
4.935627041764537e-03 -6.637391871085922e-03
-3.367366465051330e-03 2.245463379783776e-02
1.475680232563233e+00 -3.184570362073702e-01
-1.299261319524665e+00 -5.195211550361331e-01
1.352356137536866e-01 1.519702404637400e-01
-5.665050125680666e-01 6.921653823757234e-02

32
-6.746583121241538e-01 4.052304785709505e-01
-2.300901362121464e-01 -3.526141221442671e-01
-1.810862862998045e-01 2.446199106720887e-01
1.083798148900168e+00 4.303780532176525e-01
-9.415107248010566e-01 1.474360230692457e-01
-8.619711471280331e-01 4.605917970331408e-01
7.680802698772740e-03 1.004267730375102e-01
-2.344570534514036e-01 -4.506361031059270e-02
-3.385014065594699e-01 -3.840752161256203e-01
-3.238345932070189e-01 5.823632250344153e-01
-1.159967901168204e+00 7.003781935629612e-01

33
2.269410102694222e-02 -1.166598430930047e-02
-7.458772660065034e-02 1.070850813902568e+00
-9.875054842423231e-02 9.998007281079871e-02
-7.344956211392203e-02 -9.566572574005701e-02
7.382078271907785e-02 3.703652524352785e-02
-1.045541356022974e+00 2.575705696007513e-01
3.304968909996796e-02 -3.924194284077489e-01
-5.665471633808811e-04 4.631355401632381e-06
4.023908851540616e-03 -2.517190585172710e-03
2.359548111672582e-02 3.220594553298994e-02
6.802014135986429e-01 2.741445021374754e-01

34
9.366486024089049e-02 -2.348990296973670e-01
3.651744730864325e-01 3.664137929828279e-01
1.085830261671640e-01 7.251642239403171e-01
-4.587407700019394e-03 5.995655603639189e-02
-1.161955087216840e-01 -2.456994467467682e-01
1.305172699086933e-02 2.085637468626394e-02
-1.658743289747706e-02 -1.611228108775202e-02
1.215014591013925e+00 -4.862892337145987e-01
-9.620242847954895e-01 8.607345034341655e-02
1.176968516154211e-02 -1.359494101433004e-02
6.042983789279716e-03 -4.123731276264557e-01

35
1.431328419335124e-01 -1.389981830207457e-01
5.533455024531254e-01 -1.386262134407923e-02
5.910572749845920e-03 -6.178582619367090e-03
2.253149938038311e-01 3.213596369467766e-01
-1.121613501694591e+00 -4.001821890408068e-01
-1.737414095018240e-01 1.595285688398971e-01
1.785124927207086e-01 -1.797314992878798e-01
1.101892563330854e+00 -7.569042138135385e-02
-7.318554614608853e-01 -3.989741840999833e-01
2.003285055480745e-02 -2.993954951514690e-03
4.046335226827803e-02 -7.952380898909416e-02

36
4.663774756834380e-02 1.842925735243056e-03
2.861021013685898e-01 2.791605627718641e-01
4.903435987854236e-02 9.367776593691083e-01
-3.499235331168753e-02 1.742449243838117e-02
7.496124977147782e-03 -3.131704317587831e-02
-1.034748559320926e+00 2.695485929385933e-01
1.141895288230818e-01 -4.143808312015633e-01
-8.247602874458374e-04 3.522705377283818e-05
-1.532080490298037e-03 1.077173125372111e-04
-2.904847682371952e-03 -2.674025108400106e-04
7.123760536469828e-01 3.366668098397764e-01

37
1.669721092325640e-02 -1.412113542490972e-01
2.887242142574538e-01 6.346505485109240e-01
-5.987755781074762e-02 4.943672916471072e-01
4.486781320341055e-02 -3.017423376516765e-02
-1.197405835480908e-01 -1.806828331412905e-01
5.566871696661614e-03 1.895960808425488e-02
-4.177596450840001e-03 -1.227489357263842e-03
9.619399758853310e-01 -6.787182788913657e-01
-9.770316739165896e-01 4.523265317922271e-01
-1.038986837221422e-01 6.483155144307040e-02
9.845257068963111e-03 -2.851629248431240e-01

38
-8.178653544504002e-03 -4.794235191252511e-01
3.651765852991073e-01 -1.447933963595472e+00
4.672893330313808e-02 4.768910288433179e-02
1.472920424087006e+00 1.514474418304870e+00
-1.816376358640999e+00 -5.458429073935936e-01
6.408659891875572e-01 3.690711395439626e-02
-3.979384652720114e-01 -5.461233996902485e-01
6.326604379183439e-01 1.759901484600055e-01
5.242434941450174e-01 -5.350000689043211e-02
-7.360541168143834e-01 8.571398602481411e-01
-4.882285983972963e-01 -2.145072347782204e+00

39
-2.595172902768984e-01 8.571757401383789e-01
-3.967115261469289e-01 1.989220377799562e-01
2.829466102619561e-01 5.688385804691974e-01
8.078893663959200e-01 -9.656101675598736e-02
-2.788918595891793e-01 -9.298730584501259e-02
-1.704626894793821e-01 1.250019219389908e+00
2.933710122791985e-01 5.543216708655446e-01
-4.351295649128527e-01 5.090736597008186e-01
-2.666125522876427e-02 4.009847209577489e-01
-3.962785047277280e-01 5.229278920227377e-01
-2.990646273335593e-01 3.756747977703134e-01

40
4.788357806101244e-01 -2.602137293556310e-01
7.813910781166016e-01 7.758225052952578e-02
2.455541367232636e-01 -1.937254784709377e-01
2.595343454566791e-01 3.495699988341734e-01
-1.281983488569317e+00 -9.184823035626222e-01
2.002646303672052e-01 -1.374110133735120e-01
4.466542768008609e-02 -9.596797050455835e-03
1.920885330694303e+00 1.082195475193373e-01
-1.002137142683758e+00 -7.043550319319696e-01
5.865783623042844e-01 -2.153416545540675e-02
1.123289821203272e-01 -2.209939498565016e-01

41
6.095763219631770e-02 9.215771050375315e-02
1.029513796786941e+00 -1.145983389281830e-01
3.437795110806214e-03 -1.433451659321782e-03
1.711194683203751e-02 6.279611568576952e-01
-1.213306735679686e+00 -7.227191787175455e-01
-2.563158437784308e-01 -2.822981059876659e-01
4.610817536871673e-02 3.418573007505742e-02
9.949259746841310e-02 -5.087103877132968e-01
-1.661359274150208e-02 9.186338483364030e-01
8.744324930548941e-02 4.156080397248017e-01
6.404268086758248e-02 4.491070570339619e-02

42
-5.337289407558803e-01 3.277031750433326e-01
-4.131622064978532e-01 8.536712059251941e-01
2.396670730718574e-01 -3.350189872610470e-01
4.032095154053567e-01 -1.027772807951434e-02
-3.697238280027292e-01 -1.975271190589372e-01
2.328488602992967e-01 1.296888696220034e-01
4.789040473324376e-01 3.841178845144959e-01
-1.073202114164461e-01 -1.211439712923663e+00
-6.485725352443059e-01 1.375709707917219e+00
-8.949081205620514e-01 4.279066472068996e-01
-1.186719299614378e+00 4.472723544057892e-02

43
2.627581041413521e-01 -5.023399496120130e-01
4.583437695220872e-01 3.315543121235974e-01
1.511647504844240e-01 9.118692480378285e-01
-1.706228099222952e-01 9.732903030358102e-02
3.406021004846656e-02 -2.446690171005228e-01
-1.307825842058624e-01 -1.007613792993781e-01
-3.132056241659653e-02 -4.167724175586379e-02
4.631002218997237e-01 1.646252725815369e-01
9.825745233273931e-01 6.374622141475168e-02
-3.066816626501187e-02 4.278020298855223e-02
1.525987974453352e-01 -1.697934114527834e+00

44
-6.688745771935220e-02 -2.756909644978254e-01
4.535567481856430e-01 4.204557124888330e-01
-1.396475412176307e-01 5.129911187024491e-01
1.018527250969237e-01 6.616294225978579e-02
-3.389844565691230e-01 -2.106914078404962e-01
-5.286749412846376e-02 2.209872318459021e-02
-8.876965039149018e-03 -8.838481703355067e-03
1.147778279153800e+00 -8.745134692668788e-01
-1.225811247023946e+00 3.399718430625910e-01
-1.860758787343780e-01 -1.124668269724740e-01
-9.232027184943309e-02 -3.916968539008391e-01

45
8.554484793759828e-02 4.868740202400469e-02
1.148228414958783e-01 3.802786377709472e-01
1.571521610637915e-01 7.207142723014982e-01
-1.558104901596381e-02 2.068511960779636e-02
-7.458757581860152e-03 -4.974447713939201e-02
-1.038234502979487e+00 2.505865984433673e-01
2.503714801956633e-01 -4.078021151455672e-01
-6.932778843653905e-03 5.256957384727302e-03
-2.811072052730636e-03 -3.810866400223652e-03
1.507222878254086e-02 -3.898879623195686e-02
7.188859353802304e-01 5.161391101955444e-01

46
-9.887865085631996e-01 -6.443187635860018e-01
4.090527293193773e-01 -9.573126758883254e-01
7.983642365218226e-02 2.977195188531763e-01
8.122919471632832e-01 1.082445895013300e+00
-1.292461781926203e+00 -3.502051245629811e-01
-1.272660545337860e+00 -4.976333990702506e-01
-3.440218221513353e-01 1.793531451990052e-01
8.317557083299346e-01 -9.178978531562852e-01
-6.755398549110316e-01 -1.302060854823600e+00
-8.497299203676181e-02 -6.652481634621567e-02
-2.251926296828640e+00 -3.815799882645819e-01

47
2.969406449794222e-01 -1.852192535299967e-01
5.091576685654207e-01 4.508474973197306e-01
-6.733877188429093e-03 9.282559572922900e-01
-1.642014354352064e-01 -1.234939771798214e-02
5.501055024497344e-02 -1.865866090593274e-01
-9.009300113746870e-02 -7.375514993170360e-03
7.939845530561689e-02 3.786473950701471e-02
4.577025914853242e-01 -3.226563163763053e-01
1.163686446093275e-01 8.024101993174165e-01
2.139183774672979e-02 -1.129118561440031e-02
6.054257879537425e-01 -7.909188818816473e-01

48
-1.992306645118393e-01 8.094911838791691e-01
2.089382599633214e-01 7.393874805616741e-01
1.346982141255799e-01 7.331144169953713e-01
-2.555094495514000e-01 -8.927694598274852e-02
2.685784611105287e-01 -1.201564956220721e-01
1.945384681584214e-02 -8.978716815995373e-02
-6.634407988956260e-02 -5.872598660325984e-02
1.727464798994073e+00 -3.486047725160578e+00
-5.928241939862508e+00 3.060560083622454e+00
1.231340044377455e-01 -5.667334750936924e-02
1.318915613744548e+00 3.758486779093027e+00

49
1.134336975313821e+00 3.043749738199865e-01
1.182594811512601e-01 4.130466304379188e-01
3.028023129970688e-01 1.114564435027301e+00
-1.135191361231436e-01 -3.420121334326961e-01
1.939016073282583e-01 -4.384370819704331e-02
7.168797824541039e-01 -2.705254300365114e-01
8.248021821013415e-01 1.679359492221210e-01
6.110347502163109e-01 3.509237629752383e-01
6.443329623692489e-01 1.172446195656255e+00
5.739287881376387e-01 2.420863990663974e-01
1.206149580927454e+00 -2.055348938875318e-02

50
-1.282900985828417e-01 -1.033022496634082e+00
-9.128449582284212e-01 1.903823733359110e-01
6.236537948492284e-02 4.122303720802933e-01
1.193047587425577e+00 -6.348810420280151e-01
-6.008234960450375e-01 4.420949761378378e-01
-1.885350559387179e+00 -7.093146710912132e-01
-6.701258854368269e-01 -1.278424306848770e+00
-1.261721105614843e-01 -6.333800232139838e-01
6.431221859084562e-01 -1.680080613702314e-01
-2.283911362916654e-02 -9.479072430286092e-02
9.773191751800155e-01 -8.567748609031951e-01

51
-1.712563689496829e-01 2.512631679714713e-02
-2.914089039857897e-01 1.699468463273013e+00
7.973372500220586e-01 -5.939850479873244e-01
-1.118326817062107e+00 5.989718207911890e-01
8.090135503848092e-01 -4.291673116092489e-01
-1.108430686865914e+00 4.990375277047586e-01
-1.594658971443017e-01 -1.357208105852106e-01
-3.441389566669371e-02 -4.712261079374372e-03
-1.187605847581860e-01 -3.878201973432198e-02
-1.321963570513722e-02 2.475756080922731e-03
4.483469536889033e-01 7.474568788484648e-02

52
-8.220682966513844e-02 1.365583772581714e-01
-8.623056603080582e-01 9.735456700711840e-01
8.201283422331057e-01 1.420623581623526e-01
-5.129084798653624e-01 8.373843459592063e-02
6.587698843739038e-01 2.142379796290086e-01
-8.000883207268796e-01 4.937054950650176e-01
7.473093808625925e-02 9.946569916360586e-02
1.439937771245449e-03 3.715918662803575e-02
5.464066539944810e-03 1.287590746304143e-01
-1.073202695739563e-02 6.196300489641883e-03
2.672688825467914e-01 4.434996735427606e-02

53
1.314203644768136e+00 -2.464307939860184e-01
-6.359472670920974e-02 -1.164579120948396e-01
-1.309082453565771e-01 5.578066349325992e-01
6.999245132490424e-01 1.505413337740358e-01
-6.094546383251296e-01 1.442132330921965e-01
5.870907603711769e-02 3.935644963593333e-01
2.693516276110575e-01 -1.373553334483358e+00
6.633571298069063e-01 7.535106269782780e-01
3.954098467321971e-01 5.302740998368731e-01
2.822268389544227e-02 -5.979938742250232e-03
3.222723326020066e+00 -6.039217540214419e-01

54
9.666330009604919e-02 9.053982218982938e-02
-1.677643191984722e+00 6.538999850849628e-01
-1.125028031128752e-01 -2.360659020620553e-02
1.181622584585134e+00 -8.951751731000196e-01
-3.803182330825258e-01 1.112345793092990e+00
-5.823923123265600e-01 1.855801086644892e-01
1.470027772938106e-01 -3.656823059586611e-01
6.675715112656136e-02 -2.967848881012863e-02
-1.838188653699915e-02 2.537377913553949e-01
-8.984317979725984e-02 2.539928350565821e-01
5.108905904366200e-01 2.271105939044097e-01

55
-9.175680969223922e-02 1.051349742852405e-01
8.768774611174144e-01 1.989454740442032e-02
1.956406628467992e-03 1.638052965014937e-03
5.466891349193358e-02 5.096927172417661e-01
-1.091417794721034e+00 -6.435948026654010e-01
2.259081762316317e-01 -1.708020946663329e-01
-2.022230699752803e-01 -1.492510316702333e-01
5.727862287545511e-01 -9.968896254311769e-01
-1.150746711932783e+00 1.191210464402888e+00
-2.450213357556055e-01 6.282727878090176e-01
-3.766435020278351e-02 8.512508659624698e-02

56
-1.928042343957877e-01 7.235270536976274e-01
4.914766609415313e-01 1.388283587054118e+00
-5.289739365709379e-01 -1.945330499764698e-03
-9.588572043888442e-02 -1.829125289453367e+00
-1.070339151443369e+00 5.905856208453920e-02
-1.632724917228136e-01 8.335955820241284e-01
-1.919850251800196e-01 4.482757194202495e-01
-2.459010866937205e-01 4.770189994732602e-01
-5.473924548544336e-02 4.162055236386946e-01
-2.324951317817331e-02 8.262181232717178e-01
-2.309932797712635e-01 2.429461750098169e-01

57
1.898142145348023e-01 8.362174239450131e-01
8.399637193592961e-01 9.361357257180974e-01
6.227054138684880e-01 2.421253709523702e-01
-1.028942619278310e+00 -6.539125839964097e-01
-4.555558987251545e-01 -7.290302131765758e-01
4.828871674772187e-01 6.289441326199080e-01
4.445048460676532e-02 2.896852822316066e-01
1.072941580743965e-01 6.356786167228502e-01
-1.364022677023531e-01 5.801045171889850e-01
7.059634404710952e-02 1.072598412708216e+00
-7.930923254217242e-03 4.168997655662171e-01

58
-1.020993668425739e-01 2.843193032305329e-01
-3.018834320514801e-01 4.732015640422768e-01
-1.474205338286535e-01 3.275796806949869e-02
6.409937245824735e-01 7.725943632989883e-02
-4.638279829422011e-01 1.063163683010077e-01
-1.240208002107114e+00 2.316471788515470e-01
3.544531311810262e-02 -5.672333522757232e-02
2.970012836747510e-02 2.742597331142563e-02
-3.628300036191393e-01 -1.934708639030822e-01
3.824362128385514e-01 1.226961462536739e-01
2.712308442834498e-01 1.101790592909664e+00

59
8.845041811352966e-01 -8.057325595261505e-01
9.340115927554856e-01 1.509249370957932e+00
-5.241395770153376e-01 4.787704096610521e-01
-5.524030320085697e-01 -8.642623323718644e-02
4.083732572347002e-01 -3.984958701132482e-01
1.026217341246802e+00 1.460451787826724e-01
-1.434217629635750e-01 2.941678401992633e-01
-3.810960264765405e-01 -7.308753464531476e-01
2.167165062684423e+00 3.551319840741169e+00
-7.291110589839775e-01 -3.515577893830493e-01
2.347219477658273e+00 -4.405134910315326e+00

60
-1.491573085569063e-01 1.254570052006606e-01
9.494001908863955e-02 -8.371647831528932e-03
4.281964653036678e-02 1.865280465301384e-01
7.168464213943246e-01 2.304444247434299e-01
-8.619721421466788e-01 -2.717645228833406e-01
-7.402262061534394e-01 3.883431176929268e-01
-8.375488963021618e-03 2.785154499414644e-03
6.927614514131700e-03 7.350594390251615e-02
3.261609109787601e-02 -1.319230842643999e-02
-5.176628732391376e-02 2.088534231408657e-01
1.027983093597061e-02 3.241845750036769e-02

61
-1.350044165407105e-01 3.933891185562193e-01
-3.962035951956636e-01 3.669791059607532e-01
5.797565241164344e-01 -6.592962882159518e-03
1.083090917508253e+00 -7.332817911179396e-02
-6.563902245998273e-01 -6.669994263561072e-01
-4.549731089002919e-01 7.273583575350036e-01
2.336797460826874e-01 6.167807678487996e-01
4.459766434006478e-02 3.158811971011891e-02
-1.562563952603226e-01 3.732469653310495e-01
-2.160289111050554e-02 1.284261124722315e-04
-1.094213332519761e-01 8.556961673124952e-02

62
1.059275110458716e-01 5.628034680751180e-02
3.990616811831617e-01 -1.515799155298577e-02
-4.794995612083776e-03 -3.663342853528925e-03
2.601350732293783e-01 2.950414308179723e-01
-1.071178494847747e+00 -2.618271297380769e-01
4.306028230170823e-02 2.124495721460019e-03
-2.227953476305019e-02 -1.627752841081700e-01
7.336404753010950e-01 -2.506071024055904e-01
-6.451443888679249e-01 2.944847261672305e-01
-5.222340922284659e-03 4.447669837813839e-01
4.181541895382122e-02 1.096891032373542e-02

63
8.466729413495848e-02 7.737257259322117e-01
-3.884621005993570e-01 6.840579565365170e-01
6.728760273439094e-02 1.999062853496045e-02
8.801938346050451e-01 -6.575049937358898e-01
-7.036605662086249e-01 -1.264851617807458e-01
-2.576954436223272e-02 1.320552852100488e+00
1.628593352523855e+00 1.778109943615899e+00
1.095500012909861e-01 -2.270260842371533e-01
-1.984771918978771e-01 1.066296320199782e+00
-1.960913725443265e-01 -1.109043970389684e+00
-2.255374098194910e-01 3.629840615917441e-01

64
-1.308618425403645e-01 -7.732719273279813e-02
-2.825426775525617e-03 1.067567779862705e+00
-4.187410921733583e-01 3.154872542055837e-01
-1.191991382522366e-01 -3.535973687651434e-01
5.774274078542677e-02 3.569622209663624e-01
-9.495731606085892e-01 4.294463682896123e-01
-2.753991738127244e-01 -2.375685705603106e-01
-6.335784261435323e-03 -1.003549854094712e-02
6.229250105131845e-03 6.104172268395366e-02
-8.611295518909483e-02 1.016805508792788e-01
5.094924269682074e-01 -2.838274352340130e-01

65
-3.577641207487729e-01 -2.158891924291514e-01
5.822976085033631e-01 4.628840009007610e-02
-4.022521054150244e-01 1.508840755026467e-01
4.911461429366020e-01 6.241762249832503e-01
-8.354212260072490e-01 -2.799505294253058e-01
-9.482303181281140e-01 1.365183485681685e-01
-4.315138331072093e-02 -5.002361186923430e-02
-1.077023257750681e-01 -1.476129229864056e-01
4.506207083003216e-01 -2.017262856642537e-01
-2.567724664096575e-01 8.266130248493102e-02
-4.701654634385792e-01 -5.635131793432688e-01

66
5.027722689127306e-01 2.011743510033604e-02
1.061181920293895e+00 3.949230206801892e-02
1.961395613381176e-01 3.444612793527383e-01
-1.593924080501299e+00 -4.696497144457876e-02
-8.774141031552420e-01 1.204808123434697e-01
1.844314185785237e-01 -5.479888055674204e-02
9.035315132584780e-01 -1.639024967988709e-01
7.619256837204693e-01 1.254099718935932e-01
1.259477421297845e-01 -6.775134290841109e-03
-5.350944354022900e-02 -7.907109793041755e-05
1.534542896559931e-01 4.691202109857032e-02

67
1.843161016611385e-01 2.486160897806157e-03
1.365850759319802e+00 1.168193111659803e+00
1.218405268539794e+00 -1.223016975631495e+00
-8.890493667579225e-01 2.117001309175281e-02
-1.390663487790425e+00 -2.210512653524719e+00
-4.200089857189497e-01 4.182984001749968e-02
4.867273380490342e-01 -4.244718343540695e-02
3.035577197307042e-01 4.117158893582645e-02
2.746336711289434e-01 1.517676008182797e-02
1.625381957529108e-02 5.336468212205864e-03
8.025997360156743e-02 -5.031165338545684e-03

68
8.395485945729525e-02 4.144971823823534e-02
3.949127443899735e+00 -3.461076210933495e-01
9.315908129261900e-02 -3.177558462989508e-02
-1.447911323242685e+00 1.547239378600705e+00
-2.007095884102016e+00 -2.702226968583982e+00
-4.384550122487004e-01 1.626960416341306e-02
2.903405050037993e-01 -1.336565522667879e-01
1.030939710898488e-01 -7.389534214757762e-02
2.428141319731187e-01 2.519057736132700e-01
-6.820783048827586e-02 2.141355776309876e-01
9.015375215007111e-02 -1.690993931174616e-03

69
5.061751695378078e-02 4.136996872561102e-01
-8.576217761233355e+00 8.562189536286713e-01
4.764176540709529e+00 -1.118415016330809e+00
1.400789137276600e+00 -2.480828070517819e+00
1.484458744832042e+00 3.035333382093413e+00
-7.529843128523687e-02 -1.159951922015780e-01
-7.094199613405112e-02 -1.999033192944905e-01
3.390650872876075e-01 -1.150178104522285e+00
-1.542457097413109e+00 1.671978142471737e+00
8.794108891378062e-04 5.483558993352059e-01
6.938530478450743e-01 1.125107998213053e+00

70
9.937527385935382e-02 9.539558874974710e-02
1.105470421928762e-01 1.195313319974741e+00
-1.962596830520659e-02 -1.030057528709617e-01
8.439862718049743e-02 -5.503042448661626e-02
-7.834424809134516e-02 -3.876781560557163e-01
-6.921643496475103e-01 2.262347584315510e-01
5.807160181094794e-01 1.112822276195846e-01
-5.786959962269855e-06 -2.502789501037531e-02
3.541435275327140e-01 1.924565397427173e-01
-2.033147713658225e-02 -1.825179681737956e-01
1.920811656090444e-01 1.544513556760928e-01

71
-1.813129761434076e-01 4.667966857625346e-02
1.215445393577249e-01 2.014141909596229e-01
-8.131113233258840e-02 9.713448917351526e-02
5.155722809313255e-01 2.948939472785329e-01
-6.978259912151765e-01 -1.788331928804756e-01
-8.075715248642521e-01 2.289362103640588e-01
-7.621017601695734e-03 -1.720573033234776e-02
-1.262107221066614e-02 2.007141602426017e-02
1.624202104037245e-01 -8.339998095465490e-02
-3.094785936468003e-02 2.129142600230335e-01
-1.469671707748552e-01 -2.281880109459775e-02

72
1.103298695322111e+00 2.689655643037919e-01
-5.213188317191804e-01 9.398763883932586e-01
-1.348013538296604e+00 1.751409909511830e+00
7.243981875553156e-01 -2.033221469118822e+00
2.523225623127623e-01 1.666247038703879e+00
-2.915240308250638e-01 8.486506523663179e-01
6.082462623785709e-01 -1.011929125363286e+00
2.137271281977725e-01 1.214208058318670e+00
4.897316380818336e-01 9.150111342264428e-02
8.590731855663995e-02 3.104521177286956e-02
2.732967364604175e+00 3.549747353955939e-01

73
-3.542787552811614e-01 -1.777692641976232e+00
2.231523373296469e-01 -8.638584038653204e-01
-4.311726025218020e-02 3.807073534566419e-01
7.973277567937503e-01 8.295173383832896e-01
-1.203348686053513e+00 -4.702401879447925e-02
-2.194848289951989e+00 -1.667945433316341e+00
-2.673722168607057e-01 -2.010606369771326e-01
6.916355006682164e-01 -4.893088451549708e-01
1.820242947030522e+00 -1.949912827480581e+00
6.468289378787404e-01 -8.398845701116525e-01
-1.429912961972921e+00 -2.001678273389326e+00

74
-7.219056558141013e-02 5.238924754460242e-01
3.818434436074449e-01 -4.508321256371106e-02
7.782272171886585e-02 2.344722312322394e-04
1.697032606893099e-01 3.907680787390749e-01
-1.006463091359360e+00 -2.691213970673036e-01
-1.606243424007918e-01 7.594991020776985e-02
2.399169066176157e-02 4.011938354385224e-02
-7.556581885917064e-01 -1.494134642291681e-01
5.386559779203487e-01 1.330438026879566e+00
-2.144607594678538e-01 9.468691994752794e-01
7.672447065689538e-03 1.908039915215351e-01

75
4.389797127660806e-01 1.924640520133848e-03
2.994931505739726e-01 9.228564902400027e-02
-4.844454028594570e-05 -8.210765053699071e-02
3.142840029305595e-01 1.918781510831946e-01
-1.067348534929086e+00 -2.454053735133377e-01
-2.755110551540349e-03 -1.507693254586674e-01
1.567818293195888e-02 2.634264319637804e-02
1.151055949281107e+00 3.865286709556719e-01
-2.562663882582205e-01 -4.171218171350291e-01
6.356515863226432e-01 3.296230231661517e-01
1.235593847142188e-01 -7.055521285039162e-04

76
-1.719537250888205e-01 2.414765234957742e-01
-1.495808076974631e-01 2.127460883470436e-01
5.491316410001602e-02 9.152342099730235e-03
8.387733536671117e-01 -1.003571853977057e-01
-9.233246834966099e-01 -1.903089433807571e-01
-4.050526720901368e-01 4.764212403857307e-01
-1.667659242736485e-03 -5.840745920765945e-02
-3.440362860457555e-02 5.762287103162669e-02
-7.411693525185842e-02 2.024908153882210e-01
-2.740190818086477e-01 4.508435754541585e-01
-8.608556993756877e-02 -4.269596107193663e-03

77
-1.989396665365525e-01 7.993168211621992e-01
-8.500935401445189e-01 4.987598746749446e-01
4.669287056243062e-01 3.493496913348992e-01
1.340922871161393e+00 -5.794790382267935e-01
-3.550465647791644e-01 -2.365574029899684e-01
-3.410900760532273e-02 1.023237517189497e+00
1.133046910597559e-01 6.011878300791227e-01
-2.139821254223326e-01 3.862955439783122e-01
-1.842371055923408e-01 5.191344147751702e-01
-2.005688785413837e-01 6.182525080151851e-01
-3.056574113253230e-01 3.056805021523955e-01

78
-2.503782804048514e-01 8.570900262473645e-01
-8.708194359216547e-01 5.175587023403018e-01
-1.313875738012154e-01 5.099162060232874e-01
1.559791748411885e+00 -9.395207838672583e-01
-4.905219490964772e-01 2.675486050267318e-01
7.188656466656634e-02 1.193339573161251e+00
2.537511561416425e-01 3.700937035490913e-01
-2.960351685532588e-01 5.163972415909248e-01
-1.847246589609517e-01 3.452591122720285e-01
-5.109985424084922e-01 7.359011868279864e-01
-4.031075132839652e-01 3.682408832989126e-01

79
6.360118884450553e-01 -8.708033993817034e-02
6.268817601062472e-02 -5.922764626448850e-02
2.521573540553514e-01 4.327562926241819e-01
3.749358684319511e-01 4.293099308858300e-01
-4.700910084527526e-01 -2.153346482294801e-01
-1.652957951798838e-01 7.280749034176864e-01
1.027879844797659e-01 -9.030205079870448e-01
5.165580130006064e-01 6.186152106284926e-01
1.473975150283243e-02 5.988360562872547e-02
-2.395808979233160e-01 8.942341997708639e-02
1.886142904367059e+00 -5.019634308477530e-01

80
-2.243896237609906e+00 8.992675315816171e-01
6.755347228049493e-01 8.235581243310351e-01
-6.214404019644964e-02 6.392810858858913e-01
-3.686571092681036e-01 1.175707661218614e-01
1.692979142239056e-01 -3.912050438273035e-01
6.192784193311103e-01 -1.056001691055876e+00
2.700180524873878e-01 8.584516967105572e-02
3.861394530501534e+00 -1.962156848985942e+00
-6.937060934913163e+00 -3.916433907524726e+00
-3.080394831202677e-01 1.981913787601695e+00
-7.488168737055629e+00 5.226996593281757e+00

81
-6.814313169076998e-01 -1.401585136258438e+00
-1.566217843762530e-01 2.441930587194887e-01
-4.098409584826544e-01 7.959762936112034e-01
6.392462163836760e-01 -4.380201321060062e-01
-3.808624354675554e-01 4.785086958117604e-01
-1.117760022386594e+00 5.203225295066458e-01
-1.255942469098702e+00 -4.944666315853439e-01
7.637696245659520e-01 -8.847080041131964e-01
-3.656918429493535e-01 -3.419470261879811e-01
-8.510434241176345e-01 -6.115524997849727e-01
2.309243680722377e-01 -3.119966345652830e+00

82
-3.364094606715023e-01 2.908494656108356e-01
5.519361174890476e-01 3.545907549768684e-01
-7.294550302211604e-01 8.498636896322933e-01
2.459770311378708e-01 -2.604098690389586e-01
-4.137318597350308e-01 2.693716502622205e-01
-7.308113654446060e-01 5.288568066190644e-01
3.555703846791323e-01 6.274329698168248e-01
-5.226932689290487e-02 -1.276075921773031e-01
-3.140665148489497e-02 8.389200175075945e-02
-8.722072072350333e-02 -8.689430951511287e-02
-6.416630556271938e-01 1.935797819742311e-01

83
4.112564036935132e-01 -4.580616121639734e-01
2.295464667967431e-12 5.661839088113537e-12
4.401551032073902e-01 1.046182433948049e+00
-3.666323527425123e-12 -9.780800530854629e-13
2.869689660214192e-12 -2.337333915535104e-12
1.342145460662643e-12 -2.104253552580466e-12
-4.901042193234288e-02 -3.790140722376641e-01
9.913621089912600e-01 2.083950321892736e-02
4.290221534471575e-12 3.241018454816271e-12
-4.202550670767559e-13 -6.933121766196707e-14
6.820121545380791e-01 -1.126611189232757e+00

84
8.039387041326623e-02 6.311624333076228e-03
1.426109524029187e+00 1.137219103701823e+00
1.493415500926422e-02 -1.122275767350794e-02
-8.317422359473085e-01 -2.410506085953555e-01
-6.147447255194083e-01 -1.027487777082654e+00
-4.232559723134793e-01 1.757087105081215e-01
5.015702637373372e-01 -2.596225463202435e-01
1.910583496713824e-01 6.123298474186236e-03
1.850589163398841e-01 -1.826662968319010e-02
-2.719532753578193e-01 7.707822284875332e-02
6.023490280443340e-02 5.901645036689985e-03

85
6.553256709009560e-02 -8.757107675292826e-02
-1.084887300994367e+00 1.055747937985169e+00
8.587090568221020e-01 -2.505803623325271e-01
1.336759693501353e-01 -1.900957645126977e-01
2.057125294731725e-01 -3.040629971512599e-02
-3.815595251853487e-03 9.444970253652008e-03
1.021544034960953e-02 -1.685697812984061e-02
7.508138149809501e-01 -6.491856820389472e-01
-7.634910632673533e-01 6.754683616229025e-01
-1.054057201571853e-01 1.225106269875867e-01
1.774374122164282e-01 -2.817087962048450e-01

86
2.034539810061338e-01 -2.928135931461119e-01
5.493001011173470e-01 2.311992550658419e-01
1.040254386081868e-01 3.764950925897392e-01
1.434913220388054e-01 1.928579170918527e-01
-5.943186761003039e-01 -4.945268650850912e-01
2.065110281984016e-03 -8.314229796222376e-02
2.025869609079770e-02 -3.612510900988176e-02
1.544338874063942e+00 -4.260852058881425e-01
-1.151686415215985e+00 -1.984794210300869e-01
2.188498908656034e-01 -1.133462475277236e-01
5.164199848553807e-02 -2.555016998960261e-01

87
-2.249637352153384e-01 7.363242181866526e-01
-4.181931369607196e-01 6.350103727016647e-02
5.700555289317994e-01 7.087566638982584e-01
7.332789863030494e-01 5.206976733953229e-02
-1.381946415472389e-01 -2.407296496352187e-01
-1.617239737822550e-01 1.036217967992519e+00
3.623508802970715e-02 6.792754406316592e-01
-1.689246373040516e-01 3.231973508385854e-01
-2.376746349265121e-01 5.038858698109299e-01
-1.251016131827002e-01 4.905303293044862e-01
-2.524908434572046e-01 2.287971144402111e-01

88
1.235768635075343e-01 -4.061648826990789e-01
1.008571367320771e-01 4.438251236222004e-01
3.173137476531204e-01 7.077082887245045e-01
-1.236414945455997e-01 9.269667530097638e-03
7.299644456080244e-02 -1.472491226535287e-01
-2.759478467769574e-01 1.703592174616542e-01
-4.200097637482365e-02 -5.988417277060449e-02
5.344701505689901e-01 -1.745315930469585e-01
2.258558871636843e-01 2.434854115006952e-01
-1.726851893685140e-01 -1.385170757884101e-01
3.605949300124521e-01 -1.266578667192936e+00

89
-3.261679468493979e-01 -2.157546280297459e+00
3.647998292450753e-01 -1.615158951468784e-01
1.491393287846289e-01 8.667899031004049e-01
1.544803503474145e-01 3.082568542644203e-01
-3.534215772112042e-01 -1.615537904837798e-01
-1.087861989444138e+00 -6.133175589656470e-01
-9.787025090025014e-01 4.075199719824257e-02
1.683338404200739e+00 1.666910865747598e-01
1.557432055226858e+00 -2.438662497494119e+00
1.489840103012508e-01 -8.838017455684667e-01
-1.371980633103536e+00 -4.476672365456899e+00

90
2.222627206503561e-02 -2.336510814924565e-02
7.305682872265182e-01 1.228609066607278e+00
-8.769370048668512e-01 4.017755729734837e-01
-1.509989000592211e-01 -4.022238184576495e-02
9.689140717965691e-02 -1.094944634248918e-02
-1.058415482533074e+00 2.676652348831148e-01
9.924419946956520e-03 -4.060143106972109e-01
-1.395765381868947e-03 -8.870187589174717e-04
-7.270484049500490e-06 6.146198008276474e-04
2.074054067503085e-02 2.700522354910816e-02
7.141733391188164e-01 2.486098379522876e-01

91
-1.534783032172662e-01 3.485563880558078e-02
1.186388523207603e+00 -1.114331416608885e+00
1.079581008443882e+00 1.881843683216245e+00
2.033929461717879e-01 1.120894505509053e+00
-1.306974672924716e-01 -1.414224840167416e+00
-9.870313896741426e-01 4.889100239343570e-01
1.523824858313152e-02 6.340197296609948e-02
6.090266179466094e-03 -2.587113539115410e-02
-1.202037059925817e-02 1.473575470154645e-03
-2.243729159251128e-02 -1.021798283468960e-01
2.524904351348854e-01 -2.612980128268736e-02

92
4.151774964224542e-02 -1.870983216881719e-01
4.386531526883747e-01 3.356978577138091e-01
6.161057373744321e-02 6.583605829776744e-01
7.541760654242297e-02 1.129487938927256e-01
-2.267247734971390e-01 -3.205102069083430e-01
-8.471572994073544e-03 -9.073747185710565e-03
-1.041711413508903e-03 -5.545140751787434e-03
1.171569922226555e+00 -5.890039474953024e-01
-1.069246290723557e+00 1.599946973672620e-01
-6.727211082612858e-03 1.980016993932680e-02
-7.400489160853448e-02 -2.475066009961068e-01

93
-3.257588572691914e-01 -1.672244266256707e+00
4.473284685662120e-01 -2.464013678218283e-01
3.992859701003991e-01 7.137511872231330e-01
-1.127968035774194e-02 5.528957273687284e-01
-4.123901138665584e-01 -3.845801100986608e-01
-1.523763531100023e+00 -1.223177288755210e+00
-2.622549943133293e-01 -2.390829699318437e-01
1.004212802266804e+00 -8.946069255435367e-01
9.013592848435235e-01 -1.231112529858458e+00
1.650079038691716e-01 -8.623270202788113e-01
-1.030094632015144e+00 -2.203430352733134e+00

94
-5.845586104353018e-01 5.672765052265756e-01
-1.964259465458411e-01 -3.994086195479900e-01
2.439250026241117e-01 1.081366443168043e-01
9.088214163802303e-01 7.817337017864561e-01
-8.448337573676076e-01 -2.195507411196282e-01
-1.645440302321436e-01 5.939004782254355e-01
1.119653467044489e-01 1.365486432000481e-01
-3.088482157317106e-01 -9.672922221543542e-02
-3.152089229516085e-01 2.479928537892088e-01
-6.636156564281015e-01 8.620572841850734e-01
-1.142890153382572e+00 3.778844123549183e-01

95
8.624819084412219e-02 -1.653619470654980e-01
9.135754474197768e-01 2.695189459934581e-01
-5.611015517397322e-03 8.955470434558186e-01
-1.075109676475443e-02 2.764463233824824e-01
-1.859288751266899e-01 -6.263721126000995e-01
2.504709583878076e-02 7.186112808918303e-03
2.591091989847609e-03 -5.152709254424166e-03
1.247652052320572e+00 -3.319727872375269e-01
-9.456642676420645e-01 -1.321433733449989e-01
8.113106844800667e-02 9.156381427776422e-02
-1.713831680375272e-01 -2.471538141393125e-01

96
3.553522099900204e-01 6.085106737818917e-01
2.143806737041962e-01 -1.592215590346024e-01
2.008106079254650e-01 1.151957613593204e+00
-2.144050640740326e-01 1.754655497484480e-01
-3.082225357848657e-02 2.023736326939685e-01
2.945316668855666e-01 4.443873401330590e-01
4.829345212447640e-01 4.917917400175512e-01
3.247703898360931e-01 5.717065564674246e-01
1.602568936565872e-01 3.494027140336526e-01
2.450247216094756e-01 4.796643212315753e-01
-2.592914475355468e-03 2.912594555604481e-01

97
3.366433510200036e-01 -7.310400596656463e-01
-5.983099084469621e-01 -1.159145617879863e+00
-2.951156691243419e-01 6.784816034947094e-01
1.650439148371763e+00 4.521129222925312e-01
-1.220512867309405e+00 6.673285426947170e-01
-5.309218200569541e-01 -8.024366580791611e-01
5.871413200918082e-02 -5.498551114955652e-01
3.375397564149090e-01 -5.131564914885326e-01
8.585449210745180e-01 4.754016226238790e-01
4.258278517487430e-02 -4.927458615233363e-02
5.572336139145688e-01 -1.151499268060718e+00

98
2.081839550138914e-01 2.163731963916346e-01
-2.264199546468450e-01 2.100947433447138e-01
1.991476793453297e-01 1.994609708123030e-01
-7.281473585131292e-03 -1.879000930909251e-01
-6.081921879857792e-01 2.939886344327622e-01
2.037524839362649e-02 5.529988599244813e-02
2.991786184163371e-02 3.690400578119254e-01
6.597978575745670e-01 1.074558124200191e-01
-2.041018006880063e-01 2.367661875880569e-01
4.026214248190990e-01 3.759325135979125e-01
-9.036194054118711e-02 -1.903767762049839e-02

99
6.441331005605192e-01 7.874103394193190e-01
-1.540702548446904e-01 3.070815069848684e-01
5.761058168570777e-01 9.487367705256278e-01
2.035122524251560e-01 -3.085619637324669e-01
6.046127002300256e-02 -2.027315456969481e-01
5.692313288392840e-01 4.657947463642124e-01
6.441592488430439e-01 7.031351787003977e-01
4.099034366326008e-01 9.134047274831945e-01
3.888494252805367e-01 4.407063836629182e-01
5.274438614288862e-01 5.233269405166930e-01
2.161577037122457e-01 3.894728795316691e-01

100
3.529659564591488e-02 8.707203469757430e-01
8.242882777430691e-01 -4.384459175550905e-01
-2.290224930393870e-02 1.621068352535447e+00
-8.857130884965595e-01 4.495554463054045e-01
1.144292662787321e-01 3.689704879193241e-01
1.435743770018503e-01 7.922859107088686e-01
3.802750610319082e-01 7.846701419168980e-01
-1.980926035894791e-01 4.615003059818365e-01
1.368251423828099e-01 7.095477873384618e-01
3.540698085804023e-02 5.845808620842158e-01
-2.642039381151851e-01 4.154130422457396e-01

101
-1.321106907245984e-01 6.440934166920808e-03
-2.751083477461524e-01 1.010570037831748e+00
-3.517212201890443e-01 1.494669773031677e-01
-3.132158406459989e-02 -3.360327148059929e-01
-1.876242904671351e-02 5.053737011316825e-01
-9.722519477516356e-01 5.131538565129996e-01
3.336593135368549e-02 6.567627935153549e-02
-3.545043915017153e-03 -9.998787903995211e-03
6.057124429823158e-02 2.265327417094225e-02
-4.927932671626942e-02 -1.439386355929496e-01
3.041769866364064e-01 -1.371824652783325e-01

102
-1.180161961787487e-01 8.845494776531244e-02
3.892476073194850e-01 1.795172926706807e-02
4.763352610422887e-03 5.340696159247631e-03
2.403076717360174e-01 3.262295734495649e-01
-1.004240163447985e+00 -2.695448592844927e-01
-4.201096773940790e-02 1.612338687072289e-02
-4.536101822229734e-02 -1.634476306019823e-01
3.746311292593226e-01 -7.134323735650783e-01
-7.683732453107097e-01 8.356312183911090e-01
-3.087363666290516e-01 4.615150173350206e-01
-4.070095344216124e-02 3.931629933440503e-02

103
9.896936119889624e-02 -2.912074529708155e-01
5.748689880458070e-01 2.084788013627491e-02
1.276346625511989e-02 -1.326814999332647e-02
2.177178682522690e-01 3.214135639903012e-01
-1.103783998792109e+00 -4.389002031902459e-01
2.194047834108780e-02 -1.545258634290732e-01
1.286104985559126e-03 -1.697289383554719e-01
1.449126637917123e+00 -7.215806560155578e-01
-1.361372455297672e+00 5.409250069295088e-02
3.107519998085306e-02 -2.862533234347739e-02
2.161169736223197e-03 -1.431714464659423e-01

104
-5.550744258892039e-01 -5.177415304682121e-01
4.185067571428766e-01 -8.540894804673507e-01
-1.213026761309760e-01 1.688777489716766e-01
9.009893769540819e-01 1.062167862999443e+00
-1.364548269665747e+00 -2.847479046875205e-01
-1.189570241280783e+00 -2.085564394905617e-01
-2.019201449581322e-01 -7.892814701541666e-02
4.832010363131046e-01 -3.148652883766892e-01
1.283370304189265e-02 -1.052575785461338e+00
-5.812217303878404e-02 -3.869814363619541e-02
-1.172481717219472e+00 -5.169511957672502e-01

105
-2.303941416553030e-01 3.702503731916974e-01
4.395714837086229e-01 3.929125931225611e-01
-4.184765194111139e-01 7.320660165186622e-01
1.641362332746457e-01 -9.209489404875414e-02
-2.891064887884696e-01 8.075718892955357e-02
-6.034345437587463e-01 2.952746753048366e-01
5.780769575458365e-01 5.587651348688893e-01
-3.905916831819076e-02 -1.107118934562111e-01
5.001412052000027e-02 8.820943943397402e-02
-2.151423561941392e-02 3.270510027506104e-02
-7.594517800390540e-01 5.284594427650673e-01

106
-6.008100884892054e-02 7.790718398728029e-01
-4.496079035136534e-01 7.905081955731201e-01
2.684360960817325e-01 -1.181743511599769e-01
9.908893365079239e-01 -5.436916098887503e-01
-6.343830726536763e-01 -4.028374329261618e-01
-3.007350112371864e-01 1.055511547538050e+00
5.852697556120957e-01 8.750237426209181e-01
-3.519496197887421e-01 5.251083003565148e-01
3.327757502598888e-01 4.068989348694136e-01
-5.975404235821733e-02 1.281744309692666e-01
-2.119689432073787e-01 3.540051569210904e-01

107
-2.006162347502953e-01 9.482518723503979e-01
-5.707242561212167e-01 1.314189748200383e+00
-1.270001063005927e-01 3.864192136219004e-02
1.077819724348447e+00 -1.724788311224740e+00
-7.089859542155457e-01 -5.535249943960423e-03
-2.176006702859273e-02 1.176624531592350e+00
1.544851787005103e-01 9.123622381681682e-01
-2.833788319464437e-01 4.977910671553498e-01
-1.269063819881751e-01 5.949602179702734e-01
-8.059816857112483e-02 5.682367453501778e-01
-3.675657405318523e-01 3.684280431166830e-01

108
6.551916172554541e-02 4.068784576579090e-02
4.533210891337581e-01 1.034447105162672e+00
-4.800861836659833e-01 1.916717137949214e-01
-1.541016665366887e-02 9.350806788588011e-02
-5.393618585277394e-02 -1.490812480897866e-01
-1.031056694214254e+00 2.695333799304657e-01
2.250251447782551e-01 -3.354225142932918e-01
-2.779097007471125e-03 -2.110347030343644e-03
1.434546792416116e-02 1.065501655239938e-02
2.395344280245216e-02 -5.964523558921130e-02
6.706878622446922e-01 4.319692062935132e-01

109
2.499462069107755e-01 3.425592003251266e-01
-3.647396648168075e-02 -1.252212199914013e-02
5.019850482075429e-01 9.944686725237970e-01
-4.327851667559252e-03 -5.215315279419780e-03
-3.879827844551779e-02 -1.794081388436488e-02
1.283373496188797e-01 2.073581198143534e-01
2.382642274402573e-01 5.026709996704184e-01
3.600660531872164e-01 3.715654713601445e-01
3.065398281059193e-01 3.124747968451324e-01
2.952127534907514e-01 4.151545236028437e-01
-1.648245887101287e-01 -1.619485590342811e-01

110
-1.324557297629995e-01 9.900304927392389e-02
3.219608824540892e-01 5.227533473323387e-01
7.980691914222399e-01 6.496934399424606e-01
-3.812645463360013e-01 7.504929703054164e-01
5.261982509645559e-01 -8.099762306801557e-01
-8.519212716392138e-01 3.739193479138243e-01
-4.452635712825628e-02 3.954901947217617e-02
2.432163701680316e-02 2.694587232745035e-02
-7.858826411962738e-03 1.671161746539822e-02
4.171942812935212e-02 1.146761062561579e-01
1.341248331792156e-01 6.526941271528310e-02

111
-2.742919186910039e-01 -2.788644685111291e-01
-2.472388226728421e-02 3.556932426749281e-01
1.261199886452121e-01 7.907979399324429e-01
1.891668091729756e-03 -1.925900104480189e-01
-3.548605771252977e-02 1.534714636517381e-01
-1.231001952275975e+00 5.574244115490250e-01
-6.009192864599978e-01 -3.479680114216976e-01
-6.906258125263741e-02 -5.171889624070163e-02
2.343041762628443e-02 -5.513098597288825e-02
-1.766394298557623e-01 5.443687402413445e-03
6.569021919800614e-01 -7.114042504820960e-01

112
1.413587382977501e-01 -3.778976864800260e-02
-3.219224908831127e-01 1.185054956914471e+00
3.388811267827126e-02 3.053940998123236e-03
2.621166415969489e-01 -4.732450770048633e-01
-6.669592250391081e-02 -5.290870742296613e-02
-1.797671214744263e-01 1.690701957716407e-01
4.599703992758610e-01 -6.272378245939616e-01
3.616044704271971e-01 -2.507394324070151e-02
-8.174186545560219e-02 -2.037596018510827e-02
-4.748306885740899e-01 2.521976777050544e-01
2.324560085758567e-01 -7.221899007871736e-03

113
5.502209172935756e-02 -1.539836994718699e-01
-2.070312396128896e+00 2.219352863660407e+00
7.125046212632022e-02 -1.313788966689270e-01
2.837171569157241e-01 -1.739801707133026e+00
8.300345287941526e-01 1.256710377117197e+00
4.118328257987217e-02 9.242301724955518e-02
-2.103073183081596e-02 -3.339465868368616e-01
6.137992331130018e-01 -1.421890930994235e-01
-2.240249964111331e-01 1.288081997443495e-01
-3.094524179154351e-01 3.859049634580634e-01
-3.113545722682730e-03 -6.218928573172129e-01

114
6.028713042356010e-01 -4.440547840299064e-02
-3.234344508765956e-01 4.328566014992493e-01
-1.055856078984255e+00 1.179568272438759e+00
8.942558257601858e-01 -1.102742245037876e+00
-2.793366911549721e-01 1.134691978966005e+00
-1.428344864119062e-01 9.316806055628908e-01
2.010943432286515e-01 -8.735865114602908e-01
4.234320500835865e-01 7.605576417441686e-01
1.382448353417408e-01 -3.339008189977180e-02
-3.859158791604980e-01 5.073654686644029e-02
1.832622026787439e+00 -5.999177744692697e-01

115
2.147811378966373e-01 8.654605956374083e-02
1.715832990429352e-01 1.468627273303123e+00
-4.217579845501137e-01 3.027317083327377e-01
-7.540898523943199e-02 -2.395404979180601e-01
4.001295220153465e-01 -3.846939370178853e-02
-1.471286723279072e-01 2.059364598687950e-01
1.628133933674925e-02 3.393078808597264e-02
1.384942827861695e-01 -5.248649469804446e-02
1.913761549877763e-01 7.730715208369618e-01
-2.416533608896831e-04 2.739682588407779e-01
5.563705931073609e-01 -4.417959225110968e-01

116
-2.203922197462445e-01 2.656349648425988e-02
-5.914260843294213e-02 -4.629358236923413e-01
1.240143096341955e-01 1.278617583727291e-01
1.127516656396086e+00 3.724383893274580e-01
-1.246478395400941e+00 -2.673691050436168e-01
-1.102143020125870e+00 5.166254051233173e-01
-1.095753385703551e-02 3.238486657520102e-02
-1.874144225854741e-02 -1.321699883141260e-02
-4.419354192326349e-02 -1.341520509265225e-01
-3.967194303060985e-02 -1.099672419666871e-01
1.792387655102106e-01 3.717442951831011e-02

117
9.857501547495010e-02 -2.392415007473689e-01
5.590985064553913e-01 3.833688219727345e-01
-3.248165831452583e-02 7.365627657651684e-01
-7.971791735224705e-03 8.207334378210426e-02
-1.796327575241151e-01 -3.062579062163948e-01
2.013728601573219e-02 2.204636900412033e-02
-1.025419900591156e-03 -1.445616798115626e-02
1.227791087215165e+00 -4.586058128929663e-01
-9.381336840658222e-01 4.358657712257622e-02
1.232349045931039e-02 -1.710487409778709e-02
-1.772909352800146e-02 -4.253283343979546e-01

118
1.950010604051383e-01 -4.573276607578541e-03
9.302245456838910e-01 1.351476821581766e-01
1.274271325173890e-01 -1.589092650255401e-01
-3.680553681591503e-01 3.034663344718175e-01
-1.195649216417797e+00 -5.860018874476854e-01
-4.296264236005339e-01 5.852496091098871e-02
4.918629946636424e-01 -7.430517570247733e-02
3.205599156798502e-01 1.001644732646845e-01
2.957510217128445e-01 -6.831309088047495e-02
1.667890609089702e-02 7.082625525386074e-03
8.915435405374318e-02 -7.452840744003790e-03

119
7.805798962580565e-01 -7.677642331064365e-01
-6.635598307907669e-04 -2.517832838418762e-02
6.042944553506863e-01 4.801256559721957e-01
1.211623137469999e-01 4.772571035552258e-01
-2.600693308476619e-01 -3.456998763696789e-01
-3.756755650729011e-02 -3.048268696217058e-03
-3.680573849985164e-01 -1.153562324154528e+00
1.191819826996536e+00 2.197350233879596e-01
1.196965479859532e-02 -1.698858545873869e-02
1.250324502235401e-03 4.495049142888891e-03
1.957794150068985e+00 -1.518083255349401e+00

120
2.437766953695032e-02 -9.230931190170716e-02
-1.096568254300126e+00 9.165966326770114e-01
7.521543023120640e-01 -4.891988497456783e-01
1.659172168214010e-01 -1.626347996611710e-01
-1.363547670894611e-01 9.738607242721366e-02
-1.087070631263818e+00 3.356629983022172e-01
-1.125437794089466e-01 -4.374958104983340e-01
7.172723957564318e-03 6.733268586786822e-03
1.070001465465427e-02 2.964476196497651e-02
9.276310639442566e-04 -1.015777990065112e-02
8.720703181206939e-01 3.123891434485913e-02

121
-1.997137701542872e-01 5.485847198921272e-02
1.044835638411151e-01 -3.234689444778659e-01
8.087084943662588e-02 1.061862729358228e-01
1.007683189702324e+00 4.436985294942693e-01
-1.152758199282449e+00 -3.879921136211776e-01
-1.009383581827235e+00 4.399989958897842e-01
-1.243113242169983e-02 2.358527269109283e-02
-3.316636903604273e-02 6.857514314812273e-03
1.479220096609078e-02 -9.004713080887339e-02
-2.473947079691787e-02 4.989018866656086e-04
1.102094467178568e-01 5.040918782188086e-02

122
5.877215686531094e-01 3.517101744242793e-01
5.871163268785963e-01 7.862847321796351e-01
-9.170814563897943e-02 7.959623964296846e-01
-3.291322877734205e-01 -7.705286432250477e-03
2.343238792250253e-01 -2.518667898693855e-01
-1.270373432437930e-01 3.760256563275884e-02
-3.387792036512639e-02 -3.904169341465975e-02
-5.676791193026433e-01 -1.837043728518801e+00
-8.492288419075746e-01 4.172523954106187e+00
-4.083529363316876e-02 -8.128016594232000e-02
3.024827326183563e+00 3.350080863427090e-01

123
6.486693492933214e+00 -6.623708827446112e-01
-3.123876495041015e-16 -2.764761624755875e-16
4.401551032076216e-01 1.046182433949544e+00
-3.115158770472360e-16 1.678034128559323e-16
3.059577366933850e-16 -2.102702651023193e-16
-2.183926839085581e-15 4.142122523804248e-15
2.566586147428592e+00 -1.019811096628860e+01
1.758794522425407e+00 3.640317285254504e+00
-4.218568578284835e-16 -1.433662598635652e-15
2.779837829088330e-16 1.313939732235713e-16
1.637741602774321e+01 4.328848689169268e+00

124
2.436594752873307e-01 7.667542656538916e-01
1.363396319542879e-01 -3.099511388116719e-01
2.672570140873842e-01 1.258854491370059e+00
-1.422495979646243e-01 2.780558078469804e-01
1.838651016030959e-02 2.333197550444969e-01
2.436974627684941e-01 5.376250493951483e-01
2.299115941491805e-01 5.738564855479140e-01
5.189417298867578e-02 6.120071440012175e-01
1.808635340606546e-01 5.686373724565436e-01
2.795364466006856e-01 7.295696269355869e-01
-1.557944238330524e-02 3.670753370276757e-01

125
2.113884094775988e+00 -7.877732417772961e-01
5.100285681512141e-02 -8.836773951479757e-03
1.716899082876928e-01 5.190817478054957e-01
3.659532842895704e-01 3.014428059395632e-01
-4.213804435164814e-01 -1.187457728416635e-01
5.765829746978646e-01 -4.489406440087126e-01
-1.683565269478871e-01 -2.012004621245714e+00
2.037148270353028e+00 8.879425130698876e-01
-3.542302039315001e-02 2.027804838018303e-01
8.338031924680029e-01 8.814266925727465e-02
4.299773943999071e+00 -9.777944683330401e-01

126
1.557965703828911e-01 -4.255686898864927e-02
4.379316716313833e-01 6.906732758028757e-01
-1.379686298793714e-01 7.825865696230092e-01
-1.719009266059965e-01 -9.573078008767738e-02
1.179148759341892e-01 -1.061727390857151e-01
-2.117510595956134e-02 -5.226801999226925e-03
7.610675961558436e-04 5.818186755396629e-03
5.171052407385730e-01 -7.807476377457511e-01
-6.350236308603321e-01 1.191930131066300e+00
-8.184301801776733e-02 9.319525651484714e-02
5.843467968639714e-01 -2.953826317794327e-01

127
4.075644593907625e-01 -1.589970485730886e-02
-1.580494335746387e-01 8.160294454812707e-01
9.860958770611343e-03 -2.368122316263451e-03
5.022617261384857e-01 -5.880822364962395e-01
-6.064598562629652e-01 -1.367759690259359e-01
7.044799696301366e-01 5.465877675420265e-01
1.495638672553191e+00 -1.527318963636199e+00
7.762106158344524e-01 3.149323857875985e-01
-3.098106141777417e-01 -6.188464100796669e-01
-1.524095586470825e+00 2.774636949929444e-01
2.247120279231855e-01 1.395592989136379e-01

128
5.737940461353059e-02 -1.096032425795891e-01
-1.302791865650192e+00 2.610375192991226e-01
3.416185504104481e-03 7.828663207793461e-03
1.618366547546332e+00 -7.312910332948964e-01
-8.604038715517104e-01 5.504328470785353e-01
-3.677584983205235e-01 -3.098515138029577e-01
3.707446973440431e-02 -6.590817818715052e-01
1.182573860655756e-01 -2.971406120471612e-01
9.336084044277546e-02 3.499453410802999e-01
-2.219089208143929e-01 5.608147936320036e-01
1.745562033150684e-01 -2.348531026645690e-02

129
2.560169949897821e-02 -1.039700749699903e-01
-1.178897213431775e+00 -1.470766139273437e+00
5.996840186346331e-03 1.281986716496658e-02
2.267635341379889e+00 5.653109671569451e-01
-1.861458751167366e+00 6.266087252999166e-01
-2.327906434791129e-01 -1.703765629787162e-01
3.159305177240709e-02 -3.581537809056299e-01
1.552603714172819e-01 -2.851635584647105e-01
1.642357512914996e-01 4.458871749447847e-01
-2.346690790766347e-01 4.607152261177134e-01
2.453549426524134e-02 -3.613164439916891e-01

130
-1.148522662711455e+00 2.352474283368704e+00
-7.830238750318150e-02 -1.107415973061884e-01
3.224728031583093e-01 7.568881546486853e-01
3.252288131816402e-01 1.896482276582947e-01
-2.847047606878026e-01 -2.277443725738861e-02
9.803479067334101e-01 1.100219927760378e+00
8.748319152201158e-01 1.124056414653781e+00
-1.158028151671395e+00 3.111595284130151e-01
-8.944733722142664e-01 6.851466932752858e-01
-1.002488072342136e+00 2.406604389346404e+00
-3.557658791217942e+00 2.850590194684040e+00

131
-3.555631525759517e-01 3.086904866111018e-01
-7.961018770369122e-01 -1.058340016238009e+00
-8.316665931266691e-02 2.058162710809174e-02
1.881677654303470e+00 5.051949483897805e-01
-1.625677433190104e+00 4.017658225171341e-01
-8.980741381005555e-01 -9.733867122778869e-01
7.303577480827854e-02 1.347531896783841e-01
9.962545442659432e-02 -7.587429253602250e-01
-4.814417543087886e-01 1.470197168375545e-01
5.809102465143984e-01 7.427440185610997e-01
-1.262719871124751e+00 1.639351298351305e+00

132
-1.910121223700129e-01 8.798289376115040e-02
-6.740886895898614e-02 1.618623551477242e-02
-1.369944179449126e-01 2.686236164346459e-01
7.139568457845071e-01 -1.242200378434630e-02
-8.502860431602262e-01 8.469014407168235e-02
-7.846045488364689e-01 4.377358897349203e-01
7.822332628181656e-03 1.095677688991078e-03
-3.564247001542017e-03 6.370601423103328e-03
-3.240291918971773e-03 -6.422896597564079e-03
-1.274750764898562e-01 1.280210968619638e-01
9.050109838017959e-03 -3.079675800625181e-02

133
3.087646178319536e-01 -1.789550188706575e-01
-6.223504035391181e-01 8.245013249820468e-01
1.776329771626430e-03 1.307854490869408e-03
1.208587178626897e+00 -1.091864405335732e+00
-8.053235123994318e-01 -3.827993889854132e-02
4.004146759152034e-01 -2.465689851606510e-01
9.117902412311080e-01 -1.768438984860456e+00
2.779657081614818e-01 -3.112355969973673e-02
2.088631925521294e-01 -9.952687413703186e-02
-1.247525090956737e+00 8.065756701856399e-01
1.831711870204652e-01 3.654154518470937e-02

134
-1.563842572710373e-01 7.284327260017140e-02
4.328290198825162e-01 1.239990180509147e-01
4.398886238644749e-01 1.002090393077034e+00
-9.228724758267449e-02 4.470028118991057e-01
1.586928791673610e-01 -4.881375464299478e-01
-9.567995333725582e-01 4.563274646651370e-01
-3.007377378482386e-02 5.728407938463818e-02
-8.939764470640488e-03 2.519193948671648e-03
-1.528871505373496e-02 9.278088943671128e-03
1.129013202453005e-02 -4.182402247757388e-03
2.121760396060497e-01 3.152717231217356e-02

135
-1.988511878116584e-01 5.176687032751486e-01
-1.092047500428505e-02 -3.639048891194620e-03
4.605270369168363e-01 1.039365937945709e+00
-3.083940462594198e-02 -2.161878578806272e-02
-1.038261120973387e-02 1.498555606345233e-02
-3.378218690580144e-01 1.008885743732423e+00
-1.535604968095281e-01 3.949985588286831e-01
-1.405720968771029e-01 3.337144424076564e-01
-1.614837700133817e-01 3.785491630302993e-01
-1.658794097934071e-01 4.279455166257324e-01
7.253614676486236e-02 -6.941545054957247e-02

136
5.601558783457915e-02 -3.050684408372110e-01
-3.771759261145226e-01 9.395476008555741e-01
5.559946748024154e-01 2.129684168331420e-01
-1.776487811811716e-01 -7.481941012691511e-02
2.867938071914470e-01 -1.494559853055276e-01
-4.632573232430216e-01 -1.432341681102233e-02
7.221513254739986e-02 1.789778688897483e-01
2.166308127235169e-01 8.145728557742038e-02
8.559695972115365e-01 6.048850271839040e-03
2.489313176013032e-02 -1.676247177579887e-02
-1.596798162283443e-01 -1.129580176051976e+00

137
-1.474277527325185e-01 7.136763870526688e-02
1.328161069281294e+00 -7.702185526766930e-02
1.004903223959439e+00 9.381030017984096e-01
-7.844825709042685e-02 1.600572179071377e+00
2.386723022713279e-01 -1.963085166132037e+00
-8.991028475738446e-01 4.311448665528888e-01
1.170203779405478e-02 5.935149095559780e-02
1.921902240030417e-02 -7.863526239600800e-03
-1.277711269030103e-02 8.913248506603405e-03
-8.650409406729209e-03 4.218340562208731e-03
1.575796053889673e-01 2.322412548905831e-02

138
-1.865655085025224e-01 2.707613665671441e-02
3.591745843748482e-03 -2.668213133534026e-01
2.380894777739476e-02 4.946911560123561e-03
1.003116126302614e+00 3.596820505969998e-01
-1.200552480139220e+00 -2.598137813021572e-01
-9.641209688863465e-01 3.592495693933440e-01
-7.412432181179676e-03 1.778318766388031e-02
2.824698990252357e-02 -6.120315395325379e-02
-2.705913981158516e-02 -5.770328370813289e-02
-1.014101603604321e-02 4.575361909241431e-03
7.729260515050874e-02 4.288714511870751e-02

139
9.231990597351208e-02 7.525166000824408e-02
-2.354289645169356e+00 3.250358479430789e-01
2.637050796325767e+00 -3.523568216389312e-01
-7.406670210335146e-02 -7.832042129798453e-02
2.897560425730218e-01 -3.583766675901990e-02
-1.015737327972715e+00 1.491724262322393e-01
3.528748630514400e-01 -4.372177598865451e-01
-7.189163303451197e-03 -1.662990699487226e-02
7.516796344435547e-03 -3.934995354899219e-02
1.797635202627330e-02 1.643353584411490e-03
5.972841019122810e-01 6.794379775433473e-01

140
-5.644335405455567e-02 -3.182681329598757e-01
8.097107729905056e-01 1.179303040928318e+00
3.018607469012062e-01 -6.057753782026181e-01
-4.775055788830880e-01 8.119306822232597e-01
-2.312963978353560e-01 -1.185213646162191e+00
-8.432296478413354e-01 -4.130138512406441e-02
2.154708831918438e-02 -1.098222689401341e-01
1.477226211819725e-01 -6.569464436470761e-02
5.401578311784558e-01 -1.625136723796951e-01
-5.978458852908031e-03 -4.196324420928203e-02
-3.142396280734091e-02 -6.396191915091366e-01

141
-2.531934400927053e-01 2.439947233017104e+00
-4.368978815895773e-01 2.261146107721662e-01
-1.215179172212535e-01 1.229936634645618e+00
5.801192845303046e-01 -4.780508085496210e-01
1.437688325686229e-01 5.667184399727195e-01
7.275525530997247e-01 3.157572372735133e+00
2.270502378558003e-01 3.819049764002372e-01
-1.614304569336329e+00 1.783301507979908e+00
-5.027662431748251e-01 1.299731237863114e+00
-1.150422126396919e+00 1.860624930406162e+00
6.608574010696220e-01 1.675682327945033e+00

142
-2.430839098219190e-01 7.712554572225278e-02
3.451179207427356e-02 -1.718174502471870e-01
3.804757595169702e-01 5.599639565841363e-01
5.063919071460264e-01 3.083541766708525e-01
-5.296342378201823e-01 -3.007346181723043e-01
-9.675492589557847e-01 5.864730524583706e-01
-6.741808141380624e-03 3.138541430140339e-02
-6.634751870922899e-02 -2.514915295159117e-02
-6.774471576688898e-02 -1.538081381427609e-02
-1.556406069246746e-01 -2.702356542212199e-02
1.404371562630375e-01 -1.854384585478057e-02

143
-2.382510052066660e-01 -1.118291534172772e-02
1.283108967086400e+00 -2.404812914452511e+00
4.208919679813324e-02 -6.399529334257228e-02
1.696062838740739e+00 2.684429505860479e+00
-2.575354373526813e+00 -1.299210912211832e+00
-4.298301484962213e-01 -2.577131467362889e-01
-1.421396828644554e-01 -1.683653029610387e-01
5.744210990563814e-01 4.618194734552044e-02
-2.180326127038293e-01 -6.983847266980183e-01
1.175806370443898e-01 6.825891170581107e-01
-1.014412537523907e+00 1.796591427450961e-01

144
-2.072127147803356e-01 6.750999099184495e-01
-1.783326241153448e-01 -4.244367348474740e-01
8.897303080707216e-01 1.287165232818845e+00
2.581765069783824e-01 8.018068745579303e-01
3.882824558471514e-01 -3.199387917312090e-01
-2.185194098697462e-01 9.921948222714546e-01
-1.665516669876730e-01 5.648802206644952e-01
-1.239488011079170e-01 5.241499997216548e-01
-1.204384119262970e-01 2.572698414188221e-01
-1.942089227172071e-02 6.243078873172573e-01
-2.231297294318519e-01 1.046813677194321e-01

145
-1.982916021021914e-01 -8.201005354335837e-01
-2.931684803748704e-05 1.562400993009692e-02
4.330240470955211e-01 1.027564276814576e+00
6.168455096261448e-04 1.363668337428675e-03
-2.391551835621143e-03 -3.057445643583791e-03
-8.667801737868216e-01 1.300081567122773e+00
-1.202562849898277e+00 6.380185091836642e-01
4.549722225128690e-01 1.650471060238708e-01
4.862883709758154e-01 1.510998402956616e-01
-1.165999126795243e-01 -7.932031977052970e-01
1.032942535790492e+00 -3.384132004647025e+00

146
-3.060795193059186e-01 1.592397439779041e-01
2.076788958375284e-01 4.797375224132662e-01
-1.925923436001978e-01 3.918879679084395e-01
1.903315327500721e-01 -2.798941996073300e-02
-3.565278621497021e-01 -8.290509106834005e-03
-7.685027242086181e-01 5.858530157097850e-01
3.782310873183773e-01 5.100634652450591e-01
-5.180215749371452e-02 -3.641731962400097e-02
1.648264422696297e-01 -5.489351661193509e-02
-1.939697150741364e-01 -1.886608107589831e-01
-5.307102151506525e-01 -1.063675589449145e-01

147
-5.910310447799602e-01 2.632768485446940e-01
3.806738561836547e-01 -1.468420171529478e+00
5.180984706133291e-02 -4.424507591286277e-02
1.526049158591914e+00 1.598525939290526e+00
-1.885067781530589e+00 -6.104440616604138e-01
-1.031514908615520e+00 -1.663774096870197e+00
-7.947215032627011e-02 3.048184527140032e-01
2.015567868697853e-01 -6.341842640226451e-01
-1.524841483953738e-01 -6.188402998443282e-01
9.800995202543152e-01 1.182066814601475e+00
-2.597600384003364e+00 1.884256602789970e+00

148
-8.642845630004174e-01 2.305788551601435e-01
2.230032623575481e-01 3.939070212756840e-01
-2.603158733793856e-01 8.370136720428566e-01
8.047383979369628e-02 -2.681809768487877e-01
-1.679348336723229e-01 2.282945224481455e-01
-9.468273793672299e-01 1.057860285048998e+00
-6.892785427256485e-01 1.347131672349725e+00
-7.259021144713705e-02 -5.971609806667868e-02
-2.230092820645725e-01 -1.872652345786222e-02
5.311062165863404e-02 -3.009934317469082e-03
-1.163042663637111e+00 -8.558994001086607e-01

149
-2.150310809085368e-02 -7.803853111854488e-02
2.126378053335143e-01 5.994074577500419e-01
-8.086677168756083e-02 7.028104453735129e-01
-1.120623914812947e-01 -6.421221463862313e-02
7.885090292686073e-02 4.584698434413809e-02
-1.100545043103436e+00 3.464699454426945e-01
-1.173608639209785e-01 -3.800149718234677e-01
-4.109759516814981e-03 -1.176710488121892e-03
2.756885350642150e-03 -8.077106487395977e-04
-1.495883103090742e-03 -5.792492261291257e-03
7.556476020031162e-01 3.781836059159298e-02

150
6.595896908268656e-02 -5.549297882561145e-02
5.735548977530672e-01 6.300316347314527e-01
-4.997838622241514e-03 -2.701990622614578e-03
-9.764940334068194e-02 -2.539538307496590e-02
-6.805833736573120e-01 -4.550548268702227e-01
-6.429560211559511e-01 3.560276781780430e-01
7.022775197279015e-01 -1.332907018103042e-01
2.459366509623752e-01 9.454516668184008e-02
2.486688039703624e-01 -3.225475813520845e-01
-2.758736789660095e-01 -2.849988902146481e-01
5.147954888059499e-02 -2.447357787833183e-02

151
-6.377873161653694e-01 -4.288315834776237e-02
-5.948330577863262e-01 -1.001618702782106e-01
1.428424870339808e-01 3.423665155256952e-01
1.365816854842545e+00 -1.833707385000501e-01
-8.352678975578763e-01 1.813800640207395e-02
-1.302463699491214e+00 8.210696200431682e-01
-8.257551148770323e-01 2.439888297787340e-01
7.493047592565064e-02 -1.627263810689132e-01
-6.082095119340509e-01 -2.231465833966839e-01
-2.856705724874008e-02 3.031828026466124e-02
-7.874608433449438e-02 -4.086617624293036e-01

152
5.255557830305712e-01 1.782356442281405e+00
-1.915385166055961e-01 5.052850388780512e-01
6.522153351265195e-02 -1.793966914642977e-01
2.494644319131319e-01 2.247492753014953e-01
-5.036323781550116e-01 -1.526796389788418e-02
2.835571457062336e-01 2.216100394759207e-02
1.119841788829321e+00 6.894242212167597e-01
-4.303205469987367e+00 5.477635261098972e+00
9.035259924609859e+00 -1.282708810732948e+00
3.519790086428793e-01 3.583135728451416e+00
-2.693034081112943e+00 -1.111073520597424e+00

153
-6.925937811583355e-01 -1.304401307083266e-01
-2.249606738982603e-01 -1.864251984266261e-01
-3.635274638019564e-02 -9.404219849484722e-03
1.091882476320628e+00 4.007453183363485e-01
-1.027645638181709e+00 -9.078583762270002e-02
-1.811623545038414e+00 1.816417176864142e+00
-2.625369873530863e-02 8.129622990837515e-02
-6.335990735253796e-01 -1.269985714139454e-01
-8.731412112324984e-02 -8.129209871866232e-02
-9.520650851948377e-01 -9.618922004604334e-01
7.443759298086502e-01 -8.032040846360168e-01

154
-3.817523975295942e-01 1.042010589364568e-01
-6.148968899552352e-01 5.786166566435046e-02
8.513894236929596e-02 -6.350969743345256e-02
1.694588130839168e+00 -4.295963609382684e-01
-1.261391490128588e+00 -1.770256546503973e-01
-1.026993766611225e+00 5.082988252594295e-01
-8.278499552522404e-01 3.761999055919325e-01
2.418456406374266e-01 3.604728986848632e-02
-4.939636474604221e-01 -1.344032704767605e-01
4.072005708057297e-01 2.910107037345447e-01
-6.053827538252569e-02 -1.398895421559695e-01

155
2.691136546385481e-01 2.598323944295228e-01
2.405597550119303e-01 2.816012427479815e-01
-1.854254601467954e-01 9.560514484608280e-01
6.315537381510675e-02 1.111299297118572e-01
6.696130055374210e-02 1.512881119714579e-01
5.099181337096571e-02 3.779715196938158e-02
8.959009718769646e-01 6.030675901744279e-01
1.370047159820355e-03 5.171851944659338e-03
8.175516074401827e-01 7.152733387297818e-01
-1.006252917705880e-03 -1.881382847316762e-03
-2.859242415970277e-01 -2.048939205279769e-01

156
1.247329616900653e+00 4.537553485105210e-01
1.412641097833595e-01 9.327980795106672e-01
1.381722383708557e-01 6.090983685399783e-01
-2.678613022766468e-01 -1.327916428741356e-01
3.434661737653910e-01 -1.469752876653214e-01
-3.497288424251377e-01 -3.389033385947894e-01
-1.703772914836416e-01 5.670664887615685e-02
-3.086442674916731e+00 -7.305735995362779e-01
3.349641124523020e+00 5.996930738292757e+00
2.466488953982805e-01 5.278713679171563e-01
4.515151341403649e+00 -1.354686638577632e+00

157
-4.095559600195121e-01 -6.063724244325027e-01
4.459514930720286e-01 4.453028062742725e-01
1.627715180175391e-01 8.761771955673520e-01
-2.034873066022615e-01 9.394004528431858e-02
1.181409822446326e-01 -2.798190958214582e-01
-2.060966587892835e-02 -9.994152497971676e-02
5.374619479468482e-02 9.789565814945193e-02
2.349419961593917e+00 1.717387916974135e-02
-1.327016748949704e+00 -2.455489974639156e+00
-1.349632743438341e-02 -4.662617754812647e-02
-2.275404149472005e+00 -6.333138396113154e-01

