158

0
2.725183704887053e-01 -7.986160126949783e-01
1.000000000000000e+00 0.000000000000000e+00
2.159729063426604e-01 2.195738991739429e-01
-4.215384510400400e-01 2.514588995123147e-03
1.671448856160164e-01 7.450041918209573e-02
-9.766642252790742e-03 -7.584217699272718e-02
-8.684146391716879e-01 3.010807597403609e+00
3.249472975756946e+00 -4.995151857260780e-01
8.771836256274010e-02 2.485901537487658e-02
2.173799610943478e+00 -1.889905632651638e+00

1
-4.980420304410139e-01 1.171003613213970e-01
3.811942518846408e-01 3.411354720166032e-01
-2.886011899921370e-01 -1.230113313297056e-01
1.000000000000000e+00 0.000000000000000e+00
2.643083317202783e-01 -9.340543320453032e-03
2.409711235964764e-01 -6.400975320470151e-02
3.125997267375835e+00 2.314514350080737e+00
-7.741562903155647e-01 -2.594059300154953e+00
9.351351889158517e-01 3.047618485336872e-01
4.707967240581703e-01 -1.353346592227029e-01

2
1.000000000000000e+00 0.000000000000000e+00
7.194138509730601e-02 -2.261680353354544e-02
-1.896208952555422e-01 3.128824553000087e-01
-2.189333657555375e-01 -3.621802210656618e-01
-3.196431046551831e+00 -8.714703658552539e-01
1.619709519855737e+00 -9.717707206418749e-01
-3.305456187373657e-01 -1.053450841877041e-02
3.069497521117808e+00 2.543242952637240e+00
-1.676126594710035e-01 9.122641420849259e-01
2.478624208008570e+00 -5.028231795264633e-01

3
2.500773139228675e-01 3.274497254981364e-02
1.000000000000000e+00 0.000000000000000e+00
-6.119585477687337e-01 1.259602931304273e-01
6.792367505139772e-01 -1.660348242354342e-01
4.464610111730698e+00 -1.683736054588715e+00
-5.052078525675691e-02 -1.551997610298885e-01
2.422041051631632e-01 1.910593159666308e-01
2.387808062353859e-01 7.713320947111511e-02
7.682689751686196e-01 3.337479452716755e-01
-5.808424779870358e-01 3.287002160588957e-01

4
-8.515005259912507e-02 -6.690912344681926e-01
1.000000000000000e+00 0.000000000000000e+00
1.670725864047996e-01 1.354581591332647e-01
-3.101094878815737e-01 1.039693783314153e-01
3.695584267447232e-01 1.413504665940185e-01
7.091853566124862e-02 -6.142497790701890e-02
9.922439237054081e-01 2.163851876576440e+00
1.413170478110197e+00 -4.075786909865800e-01
1.651948616834983e-01 4.756358509708847e-01
1.507442286815464e+00 -1.720167418427285e+00

5
-7.564651484898844e-01 1.976979309469851e-01
-3.573740922291291e-03 -7.463941903109125e-01
1.446879297245187e-01 -2.797059516612027e-01
1.000000000000000e+00 0.000000000000000e+00
-2.482427213267800e+00 2.938731556711833e-01
2.773897187868709e+00 -3.077287751581945e-01
1.923447154615706e+00 7.356690892116721e-02
1.531998645060946e+00 1.617660787410572e-01
1.082576543216448e-01 2.924979857041909e-02
5.068517175734375e-01 -2.200922611301472e-02

6
7.012285432737734e-01 -3.473040481361013e-01
1.000000000000000e+00 0.000000000000000e+00
-6.887779131495249e-02 1.769656186646689e-01
-1.846233959030036e-01 -1.296500933275365e-01
-2.226557375226720e-01 -1.926981800295412e-01
1.419203054854607e-01 3.440354895512726e-02
1.738696603937696e+00 6.214686151530779e-02
-8.838184412403487e-01 1.874556263904658e+00
8.578627152119944e-02 1.066747913630822e-02
2.772788519118866e+00 -8.529912636292579e-01

7
2.477371503226384e-01 -2.971746029715791e-01
1.000000000000000e+00 0.000000000000000e+00
3.719947769432814e-02 -4.144221690306862e-01
7.468525145577679e-02 4.365758580591865e-01
-4.824784323069531e-02 -4.018867750127366e-01
4.272562166550651e-01 -1.351488975631516e+00
1.113797250118594e-02 8.836077113453199e-02
1.500475839041124e-01 1.159651253619678e+00
-2.399696043148738e-02 2.607313583664846e-03
2.919880258987017e+00 7.064566942235094e-01

8
1.000000000000000e+00 0.000000000000000e+00
4.501755906101003e-01 -4.514630181485976e-01
-8.887991948579285e-02 -2.230846615226982e-01
-1.373182290777689e-01 5.712469821809559e-01
2.249283972882847e+00 1.701349151718593e+00
9.865813357900498e-01 -2.298534835047882e+00
2.202636960409617e-01 -1.370711902850810e-01
2.538500126781080e-01 -1.094368593873822e+00
4.858057699128300e-02 5.600199324661498e-02
8.312290561804092e-01 1.080037492695248e+00

9
1.000000000000000e+00 0.000000000000000e+00
1.471246249255715e-01 3.704167697395176e-01
-8.496233392901086e-02 3.218604905913316e-01
-1.186241159048207e-01 -3.574151844158731e-01
1.590644671234195e-01 1.338836314709304e-02
-2.101177550370852e-02 1.858908536111439e-02
-9.891703931081516e+00 2.158811495691423e+00
1.181856940078032e+01 5.512406468980208e+00
-9.666390550963970e-01 -8.353081377503758e-01
5.097089677703455e+00 -4.476645699697285e+00

10
1.000000000000000e+00 0.000000000000000e+00
6.534555752871074e-02 1.779375670221778e-02
-3.526739991648988e-01 2.088209404608213e-01
1.031057107533180e-01 -2.261485421694231e-01
-5.922767002994187e+00 -2.164119758483550e-02
1.203337394148493e+00 -3.576052490413159e+00
-1.789335697884478e-01 -6.385940931154814e-02
1.672741422568195e+00 1.077234694919368e+00
1.756297380949627e-01 1.369807468105334e+00
4.598543907152342e+00 2.250295122461584e+00

11
-2.474051728302710e-01 -8.624555668267826e-01
2.386173513954244e-01 -6.647248236490051e-02
1.000000000000000e+00 0.000000000000000e+00
-7.881581207860155e-01 4.677460271416125e-01
-1.111246246423579e+00 2.126285950378265e+00
2.323935261252608e-02 -1.163769411416160e+00
-4.825757463920005e-01 2.508937121522519e-01
5.181891507742793e-01 1.232024450225818e+00
2.028593091618495e-01 -9.352290815029238e-01
4.583587580343980e+00 -2.252255604429116e-01

12
-8.470665062660802e-01 5.023901187313856e-01
1.537034152568274e-03 -4.099559686301976e-02
1.543539195201812e-01 -4.880773982698577e-01
1.000000000000000e+00 0.000000000000000e+00
-3.958993467620501e+00 2.981085927964035e+00
3.658452762197396e+00 -3.574410387132945e+00
3.183827471093587e+00 -1.103929962404142e+00
1.097424315241956e+00 5.466902942672514e-02
-1.354283926613008e+00 2.242067666608728e+00
6.307434940611866e-01 -9.391239856109343e-02

13
1.000000000000000e+00 0.000000000000000e+00
-6.021576412884512e-01 2.981427680022420e-01
-3.162260319257894e-01 9.243715566328012e-02
8.065750990427556e-03 -3.874847474511283e-01
8.938632304195256e-01 -8.813288309745035e-01
3.667409322997472e-01 7.868887539350183e-01
7.587471403404163e-01 4.470975187019481e-01
8.401819875567054e-01 2.023180781608193e+00
1.051362420770971e-01 -9.636836063125438e-03
1.595991640155065e+00 -1.637537396992253e+00

14
1.000000000000000e+00 0.000000000000000e+00
-3.682495723851606e-03 6.638236584640412e-03
-3.462125752868260e-01 1.638941580487719e-01
-8.447594907317819e-01 -1.377603284395375e-01
-7.595395020701551e+00 1.959311815648216e+00
8.836482826082817e+00 -2.118561262654329e+00
4.879341452617526e+00 -1.937563564528292e-01
1.080750614831415e+00 -1.630397364843379e-01
-4.524387300292419e+00 -4.854976850459178e-01
6.366317478255089e-01 3.304932384416903e-02

15
4.640290117024094e-02 2.892473807619903e-01
1.000000000000000e+00 0.000000000000000e+00
-2.220547861645459e-02 -1.556154510781498e-02
1.513394727337963e-02 -5.407128106321387e-03
-1.801520997496544e+01 4.351056263550037e+00
1.324112075826728e+00 -7.782086386715527e+00
-8.501653166457607e-02 -2.079081912619975e-03
-1.170620230008573e-01 1.542322106442319e-02
5.887717040441696e-01 2.526907997413723e-01
1.325999224616013e+01 6.473240695820788e+00

16
1.000000000000000e+00 0.000000000000000e+00
8.907524656726642e-01 3.184488755880491e-01
2.601013175895147e-01 1.148540604153375e-01
-8.841594448899213e-01 -2.441651778073636e-01
1.588121473163233e-01 -5.861297729864257e-02
3.926150086537100e-02 -6.649772167042814e-02
4.152081457405611e+00 3.344038658273750e+00
-1.873091115937741e+00 -3.439674925713799e+00
4.489197237002280e-01 3.049145729248838e-01
9.367146066687999e-01 -4.121261563995692e-01

17
3.083603761326334e-01 1.723023156882415e-01
1.000000000000000e+00 0.000000000000000e+00
-3.184172893036245e-01 -1.697778792542007e-01
1.295428079711033e-01 1.059961707156331e-01
1.071014638148554e+00 -1.003683684776580e+00
9.284923415259793e-01 -3.578730492517945e-01
5.523456763878547e-01 2.632171348984205e-02
3.934350086558232e-01 2.997306561592580e-01
6.379708804093120e-01 -2.318501574621744e-01
8.097565714362422e-01 8.723369001009351e-01

18
1.000000000000000e+00 0.000000000000000e+00
2.739001937044086e-02 4.288768465403525e-02
-1.022306764325078e-01 1.938663432263322e-01
-4.583109579756229e-01 -1.244067171759514e-01
-5.609419849475528e+00 1.092274978455857e+00
4.036227334932724e+00 -1.252050155490754e+00
-2.680336247784981e-01 -3.103408450357177e-03
4.898463628658067e+00 7.785595562090236e-01
-2.036429244578886e-01 1.858993931402894e-02
1.423293402115637e+00 1.311118617642323e-01

19
-4.674750985979937e-01 4.106882909621133e-01
9.964510117204041e-04 1.515742746990640e-03
-3.097666555441647e-01 -3.101028401365011e-01
1.000000000000000e+00 0.000000000000000e+00
-1.244585540091175e+00 1.776041961040195e+00
-9.888597660779015e-01 -2.126010001441070e+00
3.210996049297408e+00 -8.227982303555439e+00
-1.628576103874463e+00 8.002941274874583e+00
2.921416763424892e+00 4.573466375106127e+00
5.591766387123863e-01 -3.373366785404128e-01

20
5.206730316372166e-01 -2.000686440470602e-01
1.000000000000000e+00 0.000000000000000e+00
1.413100053124124e-01 -6.498932397733435e-02
-3.937640837264558e-01 1.122541097585427e-01
3.881257631952441e-02 -3.047577907090761e-02
2.727183586170337e-02 -6.363892134821954e-02
5.134283666803626e+00 5.483832962839453e+00
-2.651237465349021e+00 -5.766296957620797e+00
-7.165959294820488e-02 -4.190243201678512e-02
1.190814136906558e+00 -4.830704130106435e-01

21
4.480637309976760e-01 -2.395081743825289e-01
1.000000000000000e+00 0.000000000000000e+00
2.362541609577616e-03 -4.562438937989004e-02
-3.846896591183106e-02 9.970769467352640e-02
-1.517053411505340e+00 2.011342277525040e+00
3.134914202667856e-01 -2.919514361381205e+00
5.386989247731364e-02 1.506734930687433e-01
-1.252840859604095e-01 -9.788050072226671e-02
6.766222354307130e-02 3.277015045718427e-02
4.138068476312522e+00 1.379187628219990e+00

22
-8.854893667765787e-02 -1.920166850772747e-01
7.575252139680467e-01 2.718362604277577e-01
1.000000000000000e+00 0.000000000000000e+00
-8.019261644664338e-01 3.854150521778784e-01
-8.454699473249325e-02 6.013576477724022e-01
2.431333367801295e-01 -1.158280180160976e+00
6.735893457496369e-01 8.302916185190921e-01
9.184016314038612e-02 1.778534365267599e-01
5.218656003110219e-02 2.247163732618159e-03
2.758590962940915e+00 -3.611621471143373e-02

23
-1.327696536238996e-01 7.251400219284228e-03
1.000000000000000e+00 0.000000000000000e+00
-6.837289475503361e-02 -1.074722085042012e-01
1.387800412194607e-01 3.904235563008643e-02
7.882172815097661e-01 -1.932643396991583e+00
2.521463786526444e-01 -2.753261881902139e-02
3.862801273269264e-01 5.765761392234832e-01
2.498457175065923e-01 6.873029515704188e-01
7.260970841727600e-01 -1.611767270933340e-01
1.579818622443554e+00 6.975175094097839e-01

24
1.000000000000000e+00 0.000000000000000e+00
-1.008304460109370e-01 1.845106924788643e-01
-4.519221841231034e-01 6.045601271644708e-01
9.064154548758363e-03 -6.930585219027203e-01
7.624141140094933e-01 9.828416072812077e-01
3.169780148063857e-01 -6.156127537468042e-01
6.096992795136039e-02 -4.828781018361630e-01
-3.568742406780253e-01 3.020552812432035e+00
-9.353867998557681e-01 -6.351077456511156e-01
3.991399416129068e+00 -1.253952090344336e+00

25
1.000000000000000e+00 0.000000000000000e+00
1.135058480877424e-01 1.730285985324715e-01
-3.001249826741426e-01 6.052052133794938e-01
-9.918770011455466e-02 -6.270957888222647e-01
-9.283947508971141e-01 2.529093631290280e+00
-2.316778360483385e-01 -1.478079750973125e+00
-2.219176635043731e-01 -2.237684161189572e-01
4.790616833534594e-01 2.165301692619798e+00
-1.427967858507316e-01 -1.476451414849156e-01
4.639337256969688e+00 -1.099204558477278e+00

26
-1.270874539206534e-01 4.507612535237539e-01
-1.507529670918909e-01 4.169504770551353e-02
-8.304905118395250e-01 -2.957937241797709e-02
1.000000000000000e+00 0.000000000000000e+00
6.903808846612941e+00 7.174581765809231e-01
2.221213370538531e-01 -1.021281869540792e-01
5.819745868066842e-02 -4.845856121325630e-02
-5.031422892529637e-01 -7.723013939840781e-02
-2.189796780712343e-01 -8.642449622737214e-01
-3.752924142455880e-01 -7.196020192334700e-01

27
-3.558134593102480e-01 -7.757536242905401e-01
1.589614388192912e-01 3.227734676676411e-01
1.000000000000000e+00 0.000000000000000e+00
-7.524734359547847e-01 6.274810098533552e-01
1.361956433223288e+00 -8.172676934696671e-01
1.731255828572532e-01 -2.364031550010086e-01
4.610495647789962e-01 1.035673565993098e-01
1.296134022636570e-01 1.625203401258546e+00
7.646798014035625e-02 8.170932411193491e-02
1.917966487081185e+00 -4.600022329184401e-01

28
-2.731034246077241e-02 -1.395958430048183e-02
-6.055422617050153e-02 -2.007904757521317e-02
-7.904253380874205e-01 1.923584974373474e-01
1.000000000000000e+00 0.000000000000000e+00
3.196688931906756e+00 9.216951576478942e-01
4.105464433439646e-03 1.462056253897221e-02
7.725539838444000e-01 -5.281921769570320e-01
-1.314830609423126e-02 -3.857107879735745e-02
1.437826139055596e+00 -3.440473346773711e-01
3.305410273359263e-02 -1.336538484964344e-02

29
-2.991625510313829e-02 1.099506096697454e-02
1.000000000000000e+00 0.000000000000000e+00
-7.284563187608764e-02 -5.233687074859493e-02
5.647094831581948e-02 5.977222804917515e-02
4.111904152833579e+00 -4.734236177625273e-02
1.613472427592851e-01 -3.317157403085678e-02
3.854001678607433e-01 -1.538320890011319e-02
4.193790152216083e-01 1.446553889912944e-02
7.852927948250015e-01 -7.500010699424964e-02
-3.666013583769576e-01 -2.993541359212520e-01

30
-1.276984895268586e-01 1.798846178717717e-01
1.484420427507557e-01 2.651304548025220e-02
-7.398872671711753e-01 2.450437197307423e-02
1.000000000000000e+00 0.000000000000000e+00
5.018014911845440e+00 2.207822827827566e+00
1.055228008529375e-01 -1.298371347475278e-02
9.751078599654633e-02 -5.330334719239640e-01
-4.158692633586061e-02 -4.511625381911746e-01
1.039910684490563e+00 -1.202713899588408e+00
-1.116269465172767e-02 -3.162563990231686e-01

31
1.000000000000000e+00 0.000000000000000e+00
2.225814535468661e-01 -2.052898248875620e-01
-6.860298725103230e-02 2.591806380266122e-01
-5.404542512489628e-02 -3.778513389609203e-01
4.178545026953245e-02 5.295959945892841e-02
-1.687356685253817e-01 -7.276435799635064e-02
1.201528724879650e-01 1.303954716433941e+01
6.755298583237325e+00 -1.004293366036651e+01
-1.494004084922758e+00 8.065385660504754e-01
5.207626399416643e-01 -4.812330350655286e+00

32
-3.546007446951098e-01 -2.338778898936956e-01
-1.202389742080127e-01 2.120356990239256e-01
1.000000000000000e+00 0.000000000000000e+00
-6.899431830196575e-01 4.253245629168494e-01
1.454881605420665e+00 -6.398000561562711e-02
6.595384140688128e-02 -1.352735206346374e-01
2.818080871916354e-01 2.338270787774374e-01
2.118835809121354e-01 7.375529705486943e-01
6.598607079438060e-01 -4.467163665182946e-01
1.812050402355882e+00 -7.237115935742222e-02

33
1.000000000000000e+00 0.000000000000000e+00
9.967022610515271e-02 8.573741503138196e-02
-7.886652059954639e-02 6.555316924997528e-02
2.909295942063467e-02 -6.400380912708775e-02
-4.529162562977521e+01 -9.291477146845258e+00
8.526461361274512e+00 -1.456236140700549e+01
-1.784719354912442e-02 -9.668964151017683e-03
1.688488004859597e-01 -8.645189755248556e-03
2.473753815992827e-01 1.543939125018449e+00
2.139844654446083e+01 2.326278252802696e+01

34
5.699480845484588e-01 -4.209591666465249e-01
1.000000000000000e+00 0.000000000000000e+00
7.586976217314449e-02 1.487454980640825e-02
-3.386085959019832e-01 1.007616646049097e-01
-5.712843671965898e-02 7.217356228270934e-02
3.595716746222535e-02 -7.812668520440987e-02
3.984112417534909e+00 3.839359401355498e+00
-1.887133584709179e+00 -3.517030367818418e+00
6.779235436519376e-02 2.325159719951699e-02
1.594460275180216e+00 -6.343265189343670e-01

35
-4.567673457274562e-01 1.862402259553720e-01
-2.954649064542780e-03 5.293741507684659e-03
-2.676337611933498e-01 -1.881911502475342e-01
1.000000000000000e+00 0.000000000000000e+00
-1.257910366414512e+00 -9.197786790483331e-03
1.343424150297704e+00 -4.137231022546728e-02
4.628113761813803e+00 3.638819043624451e+00
-1.320760338155791e+00 -4.126114514325746e+00
8.998850014107693e-02 6.090955899559247e-02
4.445919911433852e-01 -1.628728259836069e-01

36
3.132074696823234e-01 -2.891414079375818e-01
1.000000000000000e+00 0.000000000000000e+00
1.366548808546113e-02 3.606968757516885e-02
-2.988532362422556e-02 -1.044936096715864e-02
-2.327820608972925e+01 8.282613050344155e+00
1.746479521252899e+00 -9.809177671846728e+00
-1.634334147672531e-02 6.014187899913164e-04
-3.040768696144092e-02 1.931972683629328e-03
-6.230158649660669e-02 -3.335562545829490e-03
1.712891597499086e+01 6.471241318809035e+00

37
1.000000000000000e+00 0.000000000000000e+00
6.019948031208775e-01 3.579174655361783e-01
-4.848090583442995e-03 -8.052145205584546e-02
-2.976085015212859e-01 5.446377797282222e-02
-1.267592272107770e-01 4.808552726118816e-02
6.164346947702272e-03 -2.902994373354702e-02
6.014603031765213e+00 6.198993560918877e+00
-4.235110202961700e+00 -6.541649842024144e+00
-5.375733968431881e-01 -6.818550631307146e-01
2.087428508832876e+00 -1.801903157075133e-01

38
-4.277291591574774e-01 -6.080472556544955e-01
2.768364581680017e-02 2.421080794767145e-03
1.000000000000000e+00 0.000000000000000e+00
-7.804293081351832e-01 4.336256080490478e-01
-2.043646387939693e-02 1.412558799132526e+00
1.156861561646664e+00 -9.362561788905387e-01
-3.127711285952434e-01 1.396739572282887e+00
1.699881105690059e-01 1.145081130515676e+00
-1.903731272982635e+00 -1.582293808612853e+00
4.735767136103900e+00 -1.064189832478237e+00

39
-7.117898664645241e-01 1.840748358143339e-01
1.864302247630997e-01 7.518657996082068e-01
1.000000000000000e+00 0.000000000000000e+00
-2.722842147567356e-01 -1.772899304141267e-01
1.415675702845079e+00 -2.835663171210537e-01
5.577664072754607e-01 -5.447418614679821e-01
6.653219324919152e-01 2.845735320613282e-01
6.234683400243453e-01 -7.671311813221991e-02
7.213352719614584e-01 1.652991785936108e-01
6.053621142348502e-01 2.866916394441309e-01

40
-4.701628188492032e-01 2.448336111547267e-01
-6.262027672109288e-02 1.589229363724819e-01
-2.701918477416794e-01 -8.237123140561944e-02
1.000000000000000e+00 0.000000000000000e+00
4.430668702054674e-01 -4.498269145612813e-02
8.639038905457014e-02 2.761189114340950e-02
3.295543545490328e+00 1.908877262145802e+00
-1.028252447456438e+00 -2.118569888650199e+00
1.031047443259972e+00 4.594213260769786e-01
4.116892781953257e-01 -2.614438430986938e-01

41
-6.065909611522371e-01 4.772420222319592e-01
-1.460516087330489e-03 1.718588133408827e-03
-2.376647168923565e-01 -3.746835807986443e-01
1.000000000000000e+00 0.000000000000000e+00
-3.553023158924905e+00 6.033515961182736e-01
5.102060578321904e-01 -1.920026709104469e-01
-3.583437990371322e+00 -3.382747681453922e+00
7.473194461786921e+00 4.837652152625085e+00
3.793943062954600e+00 1.400903510308189e+00
6.873013014752877e-01 -2.863573974329495e-01

42
1.000000000000000e+00 0.000000000000000e+00
-4.159400161135018e-01 -5.901819589909907e-02
-2.287883392582906e-01 -3.967239403784895e-01
3.946817179134601e-02 4.321866986740051e-01
-1.826795914271864e-01 -4.149081644536418e-01
-3.120915867151154e-01 -1.006515557528380e+00
-6.906734411331238e-01 1.676330761922844e+00
1.992042323207486e+00 -1.285557081299514e+00
1.586725489768208e+00 1.455724097266002e-01
1.779363816615521e+00 1.008390196561874e+00

43
4.407594201246264e-01 -4.249724707910784e-01
1.000000000000000e+00 0.000000000000000e+00
4.717099205462325e-02 1.875870118142850e-01
-2.258468966870234e-01 -8.770665225633509e-02
6.947043938387945e-02 -2.597654997346843e-01
4.196213282428536e-02 -7.443199823024352e-02
2.083186466937453e-01 9.169332620416412e-01
9.192630507825919e-01 1.648316481602892e+00
-9.027307817178867e-02 -1.484580876028129e-02
2.873795684861496e+00 -1.310313275204814e+00

44
1.000000000000000e+00 0.000000000000000e+00
4.115868248790532e-01 7.556558394780850e-01
1.910006207556715e-01 -2.556445590010964e-02
-6.176851532800788e-01 9.965734709686958e-02
-1.678356756635558e-02 -1.901872815891905e-01
3.718383808340221e-02 -1.962018204903342e-02
2.508547336357132e+00 4.771133447083560e+00
-3.511068242603516e-01 -4.649349291494900e+00
5.418019778646184e-01 -5.436225049149711e-01
1.470136871986659e+00 -3.646323602232565e-02

45
5.339509578416297e-01 -4.381244467473103e-02
1.000000000000000e+00 0.000000000000000e+00
2.019854957609103e-02 2.676238317755283e-02
-6.353888901517146e-02 -7.514778987697357e-03
-7.813101318069849e+00 8.351755897031662e+00
-1.823377243848707e-01 -5.216874288641538e+00
-3.728753998764983e-02 7.440021957762075e-02
-4.044431003711153e-02 -2.102511193999761e-02
-6.376082167456404e-02 -4.145309555803179e-01
9.550666995823516e+00 6.317951890734523e-01

46
-4.488464933213861e-01 -6.693224277075071e-01
1.589538090596053e-01 1.343848422714261e-01
1.000000000000000e+00 0.000000000000000e+00
-7.515851763398665e-01 6.056177418299018e-01
1.155146625504056e+00 -3.711727964136110e-01
1.973533666610231e-01 -3.371311449608392e-01
-9.666830562895651e-02 1.044376008300840e+00
1.213004536461973e+00 6.624739239118973e-01
9.580245272154725e-02 -2.030579734868955e-03
1.864624707606516e+00 -7.308150541728342e-01

47
4.900406065043498e-01 -5.588138019316653e-01
1.000000000000000e+00 0.000000000000000e+00
-1.518511218866288e-02 1.634954426428888e-01
-1.876866511412742e-01 -5.413296295500895e-02
-1.864887748090620e-01 -1.508905576830003e-01
1.121214016015559e-01 1.979005548915545e-01
1.736539884047352e+00 -1.792647494414813e-01
-8.887871142343167e-01 2.329006037374121e+00
7.022376287836604e-02 4.821958216632234e-03
2.835088085239959e+00 -1.097793144967910e+00

48
1.000000000000000e+00 0.000000000000000e+00
9.539214405117072e-01 9.355046301009512e-02
-2.020564069703949e-01 2.608882202049067e-01
-3.851471020683303e-02 -3.561844875692193e-01
-1.049113029502136e-01 -2.390282475903734e-03
-5.107725331495838e-02 8.650521897806925e-02
-4.854117404185093e+00 -8.161322496942576e-01
5.957383863156648e+00 6.100005263188853e+00
-1.023702715063781e-01 -1.259439481262948e-01
4.111729479778139e+00 -2.858747706578938e+00

49
3.110065740789935e-01 -4.076946050446117e-04
1.000000000000000e+00 0.000000000000000e+00
-2.327137413023482e-01 2.107821420466478e-02
-9.068697266165889e-03 -1.236609679332789e-01
6.049964716981218e-01 -3.922154672228431e-01
6.906905265075286e-01 -1.063151471695405e-01
6.701140569630096e-01 1.916386098149210e-01
8.690446994958358e-01 7.360696292981799e-01
6.021218836265811e-01 2.923657801819152e-02
1.072278342573596e+00 -2.134450406839236e-01

50
-7.433420044370896e-01 -2.069010486000341e-01
-9.689005507467513e-02 2.306299702325371e-01
1.000000000000000e+00 0.000000000000000e+00
-5.448458348292364e-01 8.255479251594261e-02
9.601622049433998e-01 -1.870648805757069e+00
1.310016661809340e+00 -5.843583362336113e-01
6.719052233754222e-01 -5.176856960678271e-02
1.655185065113451e-01 6.648664730621405e-01
1.037713701224144e-01 -1.519817878838968e-02
8.079358982871392e-01 1.142429844873363e+00

51
1.000000000000000e+00 0.000000000000000e+00
-3.657359462003643e-01 -4.413720988237191e-01
4.755398626312787e-01 7.753451681922057e-01
-3.447703706312462e-01 -5.755944478762919e-01
6.346993675092531e+00 -2.022840603728093e+00
8.181751077446351e-01 6.242844581667730e-01
2.041908352503805e-01 6.883544110141895e-02
7.019732590316441e-01 3.517293407109474e-01
7.082072365241406e-02 -6.776405233282342e-03
-2.057910882410309e+00 -5.159655048202590e-01

52
1.000000000000000e+00 0.000000000000000e+00
-3.380072095055741e-01 -5.532871476517682e-01
3.644399159690834e-01 3.064978281774630e-01
-2.414752360458837e-01 -5.432179943427556e-01
5.569140760810832e+00 2.206314036487068e+00
2.812856750060749e-01 -7.319730198639970e-01
2.054733309697781e-01 -1.076845671119779e-01
7.125720192296945e-01 -3.744868153014891e-01
6.517917923258820e-02 3.382972996219100e-02
-6.475132208230112e-01 -1.409460777626689e+00

53
-2.120103654124553e-01 -1.664372333390736e-01
-4.702621803981075e-02 7.071238220783278e-01
1.000000000000000e+00 0.000000000000000e+00
-7.704538268106929e-01 3.808497337480808e-01
8.325071829012912e-02 4.482603776587938e-01
3.021633625185428e-01 -1.064232701334472e+00
4.297349670800959e-01 6.646745730116582e-01
3.365133934525224e-01 4.898969586626548e-01
3.227253030762763e-02 -8.326318826385411e-03
2.654813642531611e+00 -1.099853714925478e-01

54
1.000000000000000e+00 0.000000000000000e+00
4.355387289976718e-02 3.141187894777502e-02
-7.791384877476610e-01 2.180584790461793e-01
4.191289593128018e-01 -4.908387134374679e-01
-2.051673960979984e+00 4.183684178782364e+00
-1.240117094759067e+00 -2.884435643135684e+00
2.791817494369892e-01 -5.489804296933591e-01
1.334791863658853e+00 1.564348401374555e+00
8.910629189823738e-01 1.961123036746060e+00
4.091646217805663e+00 -1.527270255602864e+00

55
-6.238441039362468e-01 3.695873850340821e-01
-1.693617386941886e-03 -4.035161205652477e-04
-2.424746278343467e-01 -3.243890948224956e-01
1.000000000000000e+00 0.000000000000000e+00
-2.083232918228414e+00 -4.051142995956573e-01
2.066619972377161e-01 1.877971640462962e+00
-8.388220226797859e+00 1.911700660914017e+00
1.258406768472188e+01 3.415023020340717e-01
4.721758427815940e+00 -1.825709487916427e+00
6.626853898613975e-01 -2.241142562605704e-01

56
-8.789225858304611e-01 2.721697111040213e-01
1.097009287115311e-01 -2.626865789255046e-01
1.000000000000000e+00 0.000000000000000e+00
4.185246503715213e-02 -5.871499518919792e-01
1.276535390160294e+00 -1.012479103855612e-01
6.716423064608873e-01 7.279100601698762e-02
8.144497895388281e-01 1.692480166815133e-01
6.167656134627507e-01 -9.668320286918804e-02
1.083736882118403e+00 -3.205767227748525e-01
4.473345378371926e-01 2.231794752922743e-01

57
1.000000000000000e+00 0.000000000000000e+00
3.658686836952507e-01 -1.984342801870427e-01
-7.024855801209812e-01 2.771431371726349e-01
-8.059388385359876e-01 -1.987697885297640e-01
8.338796040809179e-01 -4.544209328119012e-01
3.368325666836473e-01 3.900194147399637e-02
8.890693401063612e-01 4.342887755301839e-03
7.574907450981693e-01 3.916942757147725e-01
1.319630994236023e+00 2.138123418592384e-01
5.164376295793995e-01 7.799802015629077e-02

58
-5.527454203565478e-01 6.125206326030594e-01
-1.827289772546091e-01 2.298031906392649e-02
1.000000000000000e+00 0.000000000000000e+00
-6.897340441308154e-01 2.865699647744278e-01
2.162854197411671e+00 3.321475345831443e+00
-1.915819167160612e-01 -9.362828748661446e-02
8.328446630794613e-02 -1.311965463199894e-01
-2.045201040229154e-01 1.515194281692357e+00
-1.187746065462524e-01 -1.407413407950726e+00
3.370117310737323e+00 -1.964506535040067e+00

59
1.000000000000000e+00 0.000000000000000e+00
6.778513635450489e-02 3.856672746084990e-01
-2.022188870325194e-01 2.089693058805119e-01
-5.357904217465630e-02 -2.875393648566076e-01
4.859818548216351e-01 6.866878164893480e-01
-2.465281623399099e-01 7.257210334349910e-02
1.344446757787824e-01 -7.109354893942151e-01
-3.638359244473912e-01 3.636762793296464e+00
-2.475002297327154e-01 -6.318239851344895e-01
4.118090679008630e+00 -1.527756617307275e+00

60
-4.350613572301502e-02 2.921427477662558e-02
-6.756112783800239e-02 -2.229604949086473e-01
-8.516327174009091e-01 -7.943006578396583e-03
1.000000000000000e+00 0.000000000000000e+00
4.586671815851102e+00 5.061189160434862e-01
2.253636316406726e-02 3.864191337785820e-03
2.221996832978008e-01 -2.504532495834648e-01
-8.554260279186854e-02 -1.539037789471960e-02
8.588604991408648e-01 -6.328767600069345e-01
1.421354287278729e-02 -8.761456368346475e-02

61
-4.829523847431925e-01 4.495754481262947e-01
5.009458054746594e-01 1.657827764191998e-02
1.000000000000000e+00 0.000000000000000e+00
-5.795293417339560e-01 -6.793040513732708e-01
2.214717777290266e+00 5.068770957074392e-01
1.185007296896200e+00 -1.170142447481086e+00
5.486131296035127e-02 -1.401292061905543e-01
1.068524798028427e+00 4.520491305749053e-02
1.895511673934604e-02 5.694509483311386e-02
3.749989631589491e-01 2.192535281807680e-01

62
-3.682874628432051e-01 1.233000456929734e-01
4.068440054030811e-03 2.126713448253914e-03
-2.918735735433833e-01 -2.055813326879810e-01
1.000000000000000e+00 0.000000000000000e+00
3.406234805501466e-01 -1.809511726635765e-01
-8.856378865245708e-01 -1.156917903611987e+00
4.642630444432085e+00 -5.148019085626667e+00
-3.618885135454418e+00 5.138323430956726e+00
1.873581295464010e+00 3.472325044050947e+00
3.718509302167559e-01 -1.048497607173601e-01

63
-7.325167486413064e-01 3.648496727560873e-01
3.210267269069595e-02 4.690865286230200e-02
1.000000000000000e+00 0.000000000000000e+00
-4.457719348027845e-01 -4.942946833307586e-01
1.912633556403559e+00 2.620083636489021e-01
2.516626929320029e+00 -2.060423041649608e+00
-2.890503556575140e-01 -1.982962460191031e-01
1.486536880140686e+00 4.042167953357286e-01
-1.519127338305805e+00 1.510572764147895e-01
4.994798439230097e-01 3.610104355222830e-01

64
1.000000000000000e+00 0.000000000000000e+00
2.860345196095241e-01 3.921877131628967e-01
-2.929009264877901e-01 7.828410539350873e-02
2.925512872631117e-01 -2.745764371416584e-02
3.868359603104947e+00 -6.560222555525244e+00
2.551631368245520e+00 3.024288074601105e-01
6.082098652289528e-02 3.734259115490041e-02
-2.000123361302679e-01 -3.073041538793723e-01
1.465352453591945e-01 -8.607152633266699e-01
-1.955135003849660e+00 3.943675276697590e+00

65
-5.472754979375440e-01 3.121661300751010e-01
4.584444582730459e-01 -2.852250048877913e-01
-7.871504502458839e-01 -5.404468392464099e-01
1.000000000000000e+00 0.000000000000000e+00
1.755084070048421e+00 -1.442923572067772e+00
1.545446420376409e-01 1.332502582395591e-02
4.199035417049232e-01 1.959268791163389e-01
-3.437201332376248e-01 1.049758882352320e+00
4.606360132414216e-01 -4.294844777456481e-01
1.713859017937905e+00 4.383558751635082e-01

66
-8.005224526024047e-01 -1.311535539192309e-02
-8.765629092590210e-02 -1.765014931070678e-01
1.000000000000000e+00 0.000000000000000e+00
5.770578437963051e-01 -1.406763966479126e-02
4.218945850148651e-01 -1.647313811845105e-01
1.826335440098076e+00 -4.741833285380442e-01
1.680885957975786e+00 2.107539354322455e-01
3.118720063483644e-01 -3.446190042850992e-02
-1.362548153189621e-01 1.077888757332375e-02
3.732936718309054e-01 7.879350983017429e-02

67
-7.058767039499028e-01 2.461509836328112e-01
1.190550743279857e-01 6.663044858326979e-01
1.463366869259256e-01 -2.920774279774641e-01
1.000000000000000e+00 0.000000000000000e+00
-2.424693724711779e+00 3.336651924687587e-01
2.760555937643691e+00 -3.328914287933530e-01
1.826880300931384e+00 1.781184508004204e-01
1.663368445784107e+00 5.472228875298019e-02
1.017134058623358e-01 2.929219446391694e-02
4.819056310216532e-01 -5.459852526523640e-02

68
1.000000000000000e+00 0.000000000000000e+00
1.992090133171160e-02 -4.470852960745945e-03
-3.799797893589261e-01 3.406196356547068e-01
-4.235621781680877e-01 -6.942572751792890e-01
-4.224559180271625e+00 2.414990240323599e+00
2.196765297033284e+00 -2.866733196773926e+00
7.270104217775361e-01 -1.280327428734296e+00
3.776849551720604e+00 1.271942716711662e+00
4.012880745339138e-01 2.502185447200488e+00
8.924353335085424e-01 -4.681467057800321e-01

69
1.000000000000000e+00 0.000000000000000e+00
-5.325282757393294e-01 6.300692311917516e-02
-1.879210317469916e-01 2.470462283102499e-01
-1.185309361760426e-01 -3.484865696809751e-01
-2.963541671857324e-01 1.305375767552209e-01
-4.921397944250101e-01 9.042071744198006e-02
-2.747005022728282e+00 -1.065293410325076e+00
3.950173481396559e+00 4.256497701522073e+00
1.316365126756553e+00 1.586990200413093e-01
2.994838335489692e+00 -1.470389486953683e+00

70
1.000000000000000e+00 0.000000000000000e+00
-8.048118713378496e-02 2.218942325040296e-03
-4.718990029326256e-02 -7.362957221602275e-02
-3.096363387025415e-01 3.205644688475742e-02
-2.327425529859746e+00 4.671643512962588e+00
3.650061886161510e+00 -2.475432310253794e+00
-1.232467976195040e-01 -1.381167425643758e-01
3.010736306300378e+00 -7.538910680429591e-01
-1.077582401621298e+00 -8.423356879277232e-01
1.837215682446868e+00 -1.634071883309309e-01

71
-1.682159813564068e-01 -2.369789094843305e-01
8.902811520229417e-02 -1.354581095820409e-01
-7.921523996953070e-01 -1.996324213916279e-01
1.000000000000000e+00 0.000000000000000e+00
5.101097591498495e+00 -4.096957005317443e-01
5.978185348002145e-04 9.480716905031482e-02
8.285175639241664e-02 -5.717257829505282e-02
-8.742748433757459e-01 2.047913396245214e-01
4.052358675225358e-01 -1.080045259427848e+00
5.779483912817792e-01 3.494662839450605e-01

72
-5.424703938804679e-01 -1.715144287603153e-01
-8.843307583720721e-01 -3.865045401266184e-01
1.000000000000000e+00 0.000000000000000e+00
-6.888727919791824e-01 3.925981911277300e-01
-2.732744848210922e-02 8.573719813976501e-01
2.335689071623113e-01 -1.092809162157887e+00
4.715416760159218e-01 1.016737184150554e+00
5.523282781789265e-01 4.235247611308804e-02
8.416357982941118e-02 6.585382927028378e-03
2.638955570040015e+00 -3.306667043741951e-01

73
-1.167120680951010e-01 8.436842960997168e-01
6.237317674337962e-02 -3.236218255348010e-01
-6.814509351769483e-01 -7.150049450811127e-01
1.000000000000000e+00 0.000000000000000e+00
1.191968636819721e+00 -1.002991482167260e+00
1.452461901286728e-01 -1.456900819269028e-01
2.574848208674154e-01 4.419421091840274e-01
1.018108088469027e+00 1.197302462530789e+00
4.348634214134212e-01 3.999960116960858e-01
1.312816763475579e+00 -5.764634150987822e-01

74
-3.636858227298490e-01 1.728833423406094e-01
-6.549896816475818e-02 1.115915672563145e-02
-2.552554252262325e-01 -3.240653871321180e-01
1.000000000000000e+00 0.000000000000000e+00
2.210801615455812e-01 2.831828113611373e-01
7.180722684869428e-02 -6.658814863844707e-02
-9.675856883873402e-04 1.581919241859759e+00
2.564476827626232e+00 -1.488546802422460e+00
1.899981885297597e+00 1.241029393551715e-01
3.836526040737777e-01 -9.285527448626937e-02

75
-3.045808213624436e-01 -8.802726323642748e-03
1.150643603083117e-02 6.330902605005369e-02
-3.204881394782833e-01 -1.065372659258233e-01
1.000000000000000e+00 0.000000000000000e+00
-2.950468519723735e-02 -3.491780020309987e-01
4.026585526666775e-02 6.125641960194170e-02
2.980263640706566e+00 8.521479831009180e-01
-6.647416210915361e-01 -9.863151126141990e-01
1.525016616622666e+00 7.696629786821302e-01
2.998368664429719e-01 -1.645165096696240e-02

76
1.550565233864678e-01 -2.971048625826007e-01
-4.971602773628897e-02 -1.947922865291841e-03
-8.778502585879735e-01 3.013331318106085e-01
1.000000000000000e+00 0.000000000000000e+00
2.337946134678842e+00 5.520865139814868e-02
-2.099600574233427e-01 1.287255974506066e-01
2.674501230756697e-01 -1.163848573130899e-03
7.889925710246669e-01 -2.128758322556388e-01
1.864645410977764e+00 -1.873844709315059e-01
1.790844377214192e-01 2.986825963232445e-01

77
-7.559757918194104e-01 8.761748534226216e-02
3.366027476134822e-01 2.935791130689367e-01
1.000000000000000e+00 0.000000000000000e+00
-1.666747018652083e-01 -2.029498749445335e-01
1.357995373806319e+00 -3.334282075225459e-01
6.667592593209779e-01 -4.214158100335696e-01
5.907918039865488e-01 1.527897958567196e-01
7.435901187695535e-01 6.926853751713019e-02
7.714928937096271e-01 7.285229696099452e-02
5.344257488571659e-01 3.042748706498484e-01

78
-6.195988381303954e-01 6.603592189829424e-02
-4.636246714137719e-02 2.065947926147907e-01
1.000000000000000e+00 0.000000000000000e+00
-3.416971829814052e-01 -9.306591908447091e-02
1.484548194262750e+00 -4.749958392427007e-01
3.605982771527463e-01 -5.893208563623035e-01
7.384921623990548e-01 1.760741023852835e-01
4.907043166830697e-01 3.381413256880414e-02
8.539114918709017e-01 3.700405057243719e-01
5.585835135851233e-01 3.557433290569977e-01

79
-1.256491097310613e-01 -1.513494126322808e-01
7.368186039686275e-01 1.510148942500972e-02
1.000000000000000e+00 0.000000000000000e+00
-8.049720931874111e-01 3.751080239081351e-01
-1.576583969054582e-01 1.370348384407340e+00
2.055851257277471e-01 -1.559885766070694e+00
8.711296348683122e-01 1.146462872399067e+00
8.816284674204131e-02 9.957705625646235e-02
-4.924471736501426e-01 2.880142921745972e-01
3.122055706059876e+00 -7.207133739406546e-01

80
1.000000000000000e+00 0.000000000000000e+00
4.189092656704145e-01 4.117484313324062e-01
-1.416910156578948e-01 3.041794333659357e-01
-1.590119424123654e-01 -3.347854384500366e-01
-4.081087634237885e-01 2.584595106730101e-01
-7.756414022503653e-02 -7.732628810475221e-02
-1.841121420771368e+00 3.514692968123577e-01
2.459216009576501e+00 2.538098628037881e+00
4.226079631701930e-01 -7.273323085219148e-01
3.772239066273045e+00 -9.920909461554701e-01

81
3.668645312457963e-01 1.665121510049747e-01
1.000000000000000e+00 0.000000000000000e+00
-6.755817733346781e-01 -5.102279771786744e-01
5.985785234993412e-01 2.149870884150335e-01
1.458246677046147e-01 -8.934529535066794e-01
5.994149990771293e-01 -6.097649841142417e-01
3.424301309146963e-01 6.678199588967120e-01
4.186059827541100e-01 -9.019238209537553e-02
6.842689994198206e-01 -3.387913103090266e-01
1.780748151277543e+00 1.061716069877454e+00

82
-7.281128760445807e-02 -5.782072960001265e-01
1.000000000000000e+00 0.000000000000000e+00
-2.659806030665326e-01 -1.942043399402883e-02
3.646745690020325e-01 1.157237285129102e-01
2.268323812402583e+00 1.121774472977228e-01
2.453405618618467e-01 -1.777126474305979e+00
-9.811873676033192e-02 2.569787703875640e-01
1.666629611370938e-01 -7.634049972523940e-02
1.047682727716209e-02 2.726120844420308e-01
1.540186117246524e+00 7.451094556739918e-01

83
6.748673182337588e-18 -1.196514863538972e-16
1.000000000000000e+00 0.000000000000000e+00
3.575233764844032e-17 3.935250378840912e-17
-5.299719132307854e-17 1.434687799470478e-17
-2.331288926032476e-18 -7.488978524868431e-17
3.683747181645393e-01 -3.602708566400257e-01
1.387501407091942e+00 1.356977815993818e+00
2.319892057428780e-16 -2.990574478533229e-17
-1.333018113290978e-17 7.686120952767030e-18
2.192357286102820e+00 -6.361181794058037e-01

84
1.000000000000000e+00 0.000000000000000e+00
2.553308734955758e-03 -7.720121560218816e-03
-4.114445920162290e-01 1.680060760108666e-01
-5.733814249919095e-01 -2.310169127359507e-01
-5.232633619217068e+00 2.811146396855127e+00
6.178410313970389e+00 -4.031092663565617e+00
2.562192795128590e+00 -1.541193561990732e-01
2.453232799901005e+00 -4.630870354434883e-01
-3.461286708906177e+00 1.350599028630944e+00
8.037639847396570e-01 2.751166412591488e-04

85
1.000000000000000e+00 0.000000000000000e+00
-5.024714529709824e-01 -2.676021267727580e-01
-1.431018583409194e-01 1.866845546331635e-02
-1.022484870242206e-01 -7.038973329121243e-02
-8.840106131742430e-02 2.029113697350974e-02
1.764095449316527e-01 -1.135200990125315e-02
9.306756575296706e+00 1.718239215857992e+00
-9.461012531350043e+00 -1.637932731205328e+00
-1.484944009769164e+00 -1.018717764043945e-01
3.206187704517285e+00 -2.732657878211993e-01

86
-7.854433004826944e-01 2.381833185264898e-01
-4.603425405125314e-01 -3.604185986205668e-01
-3.061374717969719e-01 -7.079476067175150e-02
1.000000000000000e+00 0.000000000000000e+00
1.858025286319868e-01 -1.154413748612199e-01
1.175330244104937e-01 -1.188560428817982e-02
3.826033521281420e+00 2.938067541715569e+00
-1.491298725778211e+00 -3.090088630511826e+00
6.559864022039731e-01 3.202344556347700e-01
7.157905499858057e-01 -3.121348982770414e-01

87
7.802894348885220e-02 4.449144156516679e-01
1.000000000000000e+00 0.000000000000000e+00
3.832911824549534e-02 -5.634733977154994e-01
-1.567526334148550e-01 5.420263078882667e-02
1.331118236720620e+00 -2.131480646476957e-01
7.740453088331744e-01 -2.972594866559264e-01
6.077917841522815e-01 8.611795549230099e-02
7.478196489539513e-01 1.389935716694240e-01
7.514985032618106e-01 -7.971263652404491e-02
5.396080622643906e-01 2.356877324973858e-01

88
5.750033702572273e-01 1.194429875675249e-01
1.000000000000000e+00 0.000000000000000e+00
-6.962217182963476e-02 1.398177401521544e-01
-1.160993990111306e-01 -1.644580753184088e-01
-4.683921034888670e-01 -5.421179810900718e-01
1.131352457003666e-01 -1.196798403433901e-01
9.300196916954322e-01 1.044774614648318e+00
-3.221773721131408e-01 7.811032022860305e-01
2.058516477766635e-01 -4.762872948608678e-01
3.138991810824339e+00 -1.513387072811477e-01

89
-1.060472798595452e-01 -4.055780494311192e-01
1.000000000000000e+00 0.000000000000000e+00
3.910494805611757e-01 -7.307646173037159e-02
-2.686513420755581e-01 3.201053725148006e-01
3.559824545905281e-01 -4.844900119798476e-01
1.006136485398664e-01 -5.252838005517527e-01
-5.723176056735470e-02 6.928998129037492e-01
1.026015342319605e+00 8.518378484080855e-01
4.465296837560244e-01 7.583686984832384e-02
2.201787810191594e+00 -1.802842316803767e-01

90
1.000000000000000e+00 0.000000000000000e+00
-7.269596064712802e-02 6.712262749761233e-01
-7.422584522748188e-02 6.798209866577025e-02
2.774212374237436e-02 -5.647309863847862e-02
-3.168923975140848e+01 -1.863395066922531e+01
9.819275189109083e+00 -9.463162681364279e+00
-7.615045619487931e-03 -4.657120337126628e-02
-1.321243075368525e-02 1.156433367921950e-02
-1.636957525254875e-01 1.041717636846065e+00
1.129003041868244e+01 2.294742359116005e+01

91
-1.786887292659325e-01 -7.393178000213830e-01
1.000000000000000e+00 0.000000000000000e+00
4.272771500949247e-01 2.082663954598128e-01
-5.178234337532289e-01 -3.100209124111021e-01
7.462999804212739e+00 -2.032039183643303e+00
-5.349096875540058e-02 -4.508090666916727e-01
-7.464719993448815e-02 1.349858387190894e-01
6.885226231713792e-02 7.448505343761555e-03
-1.328785998450008e-02 6.672435939273028e-01
-1.759107948516514e+00 -5.424337328782242e-02

92
5.683538439534999e-01 -6.082805833405842e-01
1.000000000000000e+00 0.000000000000000e+00
1.757200564015324e-01 -9.019416182633037e-02
-4.945125021391178e-01 2.759227823802574e-01
3.644833289088262e-02 -4.892722288006531e-02
2.568947182370797e-02 -9.974196623367491e-03
4.798132858901425e+00 5.451458690205278e+00
-2.224897738092431e+00 -5.473704440439059e+00
-1.069842074790943e-01 -1.291826304953814e-02
1.230751783547815e+00 -6.984335044946772e-01

93
7.303760505858634e-02 -4.744799817156109e-01
1.000000000000000e+00 0.000000000000000e+00
3.360172462196275e-01 3.511083495506889e-01
-4.616129829340397e-01 4.195772253744623e-02
9.530688317485554e-01 -7.569747687997782e-01
1.802639249413471e-01 -1.395348617139976e-01
5.289752728656525e-01 6.458343297972027e-01
6.652983470336477e-01 6.268956210671590e-01
5.688773805276988e-01 1.268791603848615e-01
1.425931743433316e+00 -2.774820703859896e-01

94
-4.116755488602150e-01 -1.398426061116867e-01
1.827520840979452e-01 -3.481082819247124e-02
1.000000000000000e+00 0.000000000000000e+00
-6.418170839308173e-01 3.026031825593197e-01
7.555898281585192e-01 -4.821469390868958e-01
6.345307068629652e-03 -2.595302191231360e-01
2.498964987088073e-01 3.872821170056534e-01
5.708586270830587e-01 2.243610365644810e-02
1.362852305291841e+00 -2.459314706721160e-01
1.427772307394085e+00 7.160957800647850e-01

95
1.000000000000000e+00 0.000000000000000e+00
2.434530117240453e-01 9.126682182438856e-01
6.559638645917495e-02 2.662289477211655e-01
-3.586636221592851e-01 -5.455073423272964e-01
2.578068111212697e-02 1.301354892710739e-01
2.976267948028817e-02 -2.156292887304356e-04
5.024678843689148e+00 5.267326012549381e+00
-1.780133707162480e+00 -5.002584967461553e+00
-2.223113115415187e-01 6.087134504544365e-01
8.058866267239111e-01 -1.482411234311141e+00

96
-4.548930877703530e-02 -1.692185215593608e-01
1.000000000000000e+00 0.000000000000000e+00
5.003836942828210e-02 1.413154179827121e-01
7.756240196326770e-02 8.146670692768168e-02
7.994235686344082e-01 -1.239548475482811e-01
9.178258419445218e-01 -2.426132169854417e-01
1.008735013314229e+00 7.273227316484854e-02
6.845334577599129e-01 4.661376142652179e-02
8.272225697406521e-01 1.660313562109095e-02
4.465508238634788e-01 2.029260453006435e-01

97
-6.808181417111303e-01 -6.312089594235153e-01
-6.517722897894274e-02 3.620060156456658e-01
1.000000000000000e+00 0.000000000000000e+00
-5.302751848845149e-01 5.949663715425295e-01
6.798754653442458e-01 -1.116831225130595e+00
6.803373032725085e-01 -2.090991323168930e-01
8.232524884689413e-01 1.241619865952370e-01
1.073251861503517e-01 1.304291114229480e+00
9.300867024278117e-02 2.060392828032212e-02
1.634281322540464e+00 -3.508904344491393e-02

98
3.389478266411499e-01 -1.767395043143479e-01
-1.578695038478628e-01 -3.865433794891530e-01
-8.099089932476027e-02 2.055335716271030e-01
1.000000000000000e+00 0.000000000000000e+00
1.647002744372808e-01 4.092601822895519e-02
9.928459777690026e-01 7.238124630631732e-01
1.929825024586568e+00 -1.254994924315428e+00
2.205741309619488e-01 9.621116580802926e-01
1.843890672839511e+00 -9.777900248636440e-02
-1.922877456836611e-01 1.718397844688946e-01

99
8.567863433482874e-02 2.428386335804716e-01
1.000000000000000e+00 0.000000000000000e+00
-5.968878186917359e-02 -2.125246962749877e-01
-6.290654846960253e-02 -1.379382005786339e-01
7.694060735758981e-01 -1.566111634092534e-01
9.030617171128487e-01 -9.572183103296678e-02
1.004607557055064e+00 2.638910590149318e-01
7.351099451561602e-01 -2.354880877979632e-02
8.103657767299972e-01 -8.598581848918668e-02
5.054963777927144e-01 8.518732830361658e-02

100
-2.164433854511404e-01 -3.760941010703289e-01
1.000000000000000e+00 0.000000000000000e+00
2.275926127242098e-01 3.198240947398375e-01
1.098354530883768e-01 3.486711327686724e-02
8.763549637930467e-01 -2.462025136960304e-01
8.876487851538652e-01 -3.883305719106484e-01
5.996872770819253e-01 2.798215094837816e-01
9.867757508311322e-01 -6.332326134841584e-02
7.533580503684081e-01 -1.366056062414464e-02
5.691764186027550e-01 3.063236315387287e-01

101
1.000000000000000e+00 0.000000000000000e+00
2.250429829202631e-01 2.867571462024651e-01
-2.900390715320617e-01 1.012854479489554e-01
4.472348524403769e-01 -9.406962901889451e-02
8.067021982056234e+00 -3.880472906381304e+00
-2.572486641846106e-01 -5.397147732952308e-01
2.122838576291553e-02 7.195253034341104e-02
-4.110536120244734e-01 -1.847286900819556e-01
3.176513232323306e-01 1.102270102749080e+00
-2.464776966332284e+00 1.049027960793532e+00

102
-3.838942870811376e-01 1.078164609369040e-01
-4.675791343703116e-03 -3.669470635438078e-03
-3.058382472271357e-01 -2.446733092189564e-01
1.000000000000000e+00 0.000000000000000e+00
3.190498810167189e-01 7.238968939956353e-02
-4.013806475862209e-01 1.140793696546746e+00
-5.023568347514822e+00 2.706121795942203e+00
8.009056431660403e+00 -1.762268981307905e+00
3.665659011371546e+00 -1.412975318230384e+00
4.024634927369037e-01 -7.363468334260503e-02

103
-4.777518340789506e-01 1.810130237477836e-01
-6.000374804123120e-03 1.151773213369378e-02
-2.703618932893467e-01 -1.829113937265919e-01
1.000000000000000e+00 0.000000000000000e+00
5.242949795312972e-01 -1.129364191701522e-01
5.489117365561410e-01 -1.891545392948130e-01
4.107672015966162e+00 3.806422981823923e+00
-1.688769176873400e+00 -4.290760705827607e+00
1.279946499208238e-01 6.782601644613709e-02
4.639815097515513e-01 -1.607172651972173e-01

104
-3.528307542575038e-01 -6.391407267567799e-01
2.901425193911282e-03 1.265927403018164e-01
1.000000000000000e+00 0.000000000000000e+00
-7.620004892947554e-01 6.178854125650737e-01
1.451858450561353e+00 -9.468333642592087e-01
2.616928744588650e-01 -1.296077332449956e-01
-6.414243864209490e-02 7.621515278854198e-01
1.010170547468336e+00 1.045082625093749e+00
1.000469051296512e-01 -2.681515835353243e-02
1.658404817118756e+00 -5.749336010764675e-01

105
1.531865981550314e-01 -6.776107854504559e-01
1.000000000000000e+00 0.000000000000000e+00
-1.595385416351058e-01 -1.034982739486219e-01
2.158977106803537e-01 2.272421696449413e-01
1.454423527491995e+00 8.228699849868363e-01
3.064337668181428e-01 -2.007519667553074e+00
-1.618624461590692e-01 1.792337254919995e-01
1.142682434740120e-01 -1.847965928809356e-01
8.917573117506805e-02 5.990281807024267e-04
2.173099314853971e+00 9.538204798145031e-01

106
-8.136638726706005e-01 4.149264713272383e-01
1.971982272551031e-01 5.828706209655113e-02
1.000000000000000e+00 0.000000000000000e+00
-2.577445611791895e-01 -5.289670677948033e-01
1.475035795001547e+00 1.785635581552500e-01
1.040959933461589e+00 -8.940701310569867e-01
7.497840260838463e-01 4.135976944424009e-01
6.230399419627799e-01 -4.517097016661893e-01
2.109947139969885e-01 6.556607087641979e-02
5.428058089995403e-01 2.721475141269150e-01

107
-8.043884929614511e-01 1.043004761504498e-01
-2.141578763622128e-01 -3.200527800972108e-02
1.000000000000000e+00 0.000000000000000e+00
-1.510863171475144e-01 -2.580033939090579e-01
1.319961294976918e+00 -3.075845798437629e-01
8.160287376658947e-01 -3.605496828325928e-01
6.232345075093523e-01 1.894796835744780e-01
7.229664938433867e-01 1.189062622079137e-02
6.900132706865100e-01 -6.895047104964230e-02
5.323976129397978e-01 3.193409201604561e-01

108
1.000000000000000e+00 0.000000000000000e+00
-1.718098833032150e-02 4.637604187539875e-01
6.617195576471416e-02 5.023565624409966e-02
-1.358806374172756e-01 -1.721692582001895e-02
-8.991694507707788e+00 1.084686458392259e+01
-2.080374829685696e-01 -5.453308123172130e+00
-4.375061605014470e-02 -6.691248846109377e-03
2.213125199676527e-01 3.254528585433206e-02
-1.450060272855675e-01 -8.156623958636960e-01
1.072616603251956e+01 -2.692981821110161e-01

109
-3.821845751416000e-02 4.872525795575487e-02
1.000000000000000e+00 0.000000000000000e+00
-9.042882773302041e-03 6.081227897799175e-03
-7.367528760062100e-02 5.823465913952128e-02
4.174244291282840e-01 6.247685019154930e-03
1.287388372512954e+00 2.268400146375570e-01
1.399842309554350e+00 -1.696708487679255e-01
1.088135487982342e+00 -1.223964979521372e-01
1.286754387461120e+00 1.150144718212864e-02
-3.994612232632533e-01 1.072610158225692e-01

110
-1.747688776767355e-01 5.280801096969894e-01
-3.303139260702420e-02 9.354896373431318e-01
-8.585496244784581e-01 7.220890299838811e-02
1.000000000000000e+00 0.000000000000000e+00
5.946697463862701e+00 9.619571933536095e-01
2.950511064357486e-01 -8.222908047389287e-02
-3.922267528868623e-03 -2.053269957590794e-01
9.561842354246311e-02 -4.642101808774819e-02
2.121259286869352e-01 -7.135689407115442e-01
-4.410117464949787e-01 -6.839919260025893e-01

111
4.503022302573345e-01 1.010427911975211e-01
1.000000000000000e+00 0.000000000000000e+00
-1.645948415297764e-01 -4.296272564751524e-02
1.312133364494588e-01 6.737583398725605e-02
8.243318709166503e-01 -4.638718786026610e+00
2.069007989706413e+00 -7.133818903082785e-01
1.676420532946625e-01 -9.916090610586195e-03
2.510526237873772e-02 1.074206154175367e-01
2.579521129357373e-01 -3.563436706863417e-01
1.788782809133507e-01 3.542928157704035e+00

112
1.000000000000000e+00 0.000000000000000e+00
-2.755490181772999e-03 -2.220494302447466e-02
-4.034273671189678e-01 -9.955588259553826e-02
-1.851998731358721e-02 5.486369795626042e-02
-1.450471424513072e+00 7.973841627331613e-01
4.255848615769912e+00 -3.627495456247798e+00
2.631759860126233e+00 4.934027832616590e-01
-5.123531898410325e-01 -2.883780262125173e-01
-3.801381299559267e+00 9.505865505313393e-01
1.678807073943041e+00 3.780053666359686e-01

113
1.000000000000000e+00 0.000000000000000e+00
-4.117753589582323e-02 5.051021839929334e-03
-4.646036183409634e-01 2.905364136899281e-01
1.214603791000449e-01 -4.492472578666354e-01
-4.462353401899055e-01 4.486646567235563e-01
1.944632897178654e+00 -9.773486516540796e-01
2.285157581853308e+00 3.365564909047033e+00
-1.155753367267500e+00 -1.037699367180152e+00
-3.052518670508785e+00 -9.172626871435970e-01
3.747366880078044e+00 -1.418020090408918e+00

114
3.004713378552425e-01 -3.962674812676172e-02
1.000000000000000e+00 0.000000000000000e+00
-6.418549335962003e-01 1.274034593111718e-01
4.279874354761644e-01 -3.256796727147681e-01
-4.038655967158298e-01 1.631142449453286e+00
4.512689189343445e-01 -1.568879186949988e+00
6.834422128088250e-01 1.423167345005222e+00
2.990384168782102e-01 -3.232368485890504e-02
-7.789615357530378e-01 -1.258506305539132e-02
3.429222686290668e+00 -8.408285969387058e-01

115
1.000000000000000e+00 0.000000000000000e+00
1.634183403255795e-01 3.079701426484212e-01
-1.614090869160948e-01 3.565524699420718e-02
5.029666045459000e-04 -2.624387644438708e-01
-2.297069893729917e-01 9.887523915152081e-01
1.116358569745124e-01 1.039357333416533e-01
5.192308955351322e-01 -4.680809148963411e-01
2.177975185738824e+00 2.960436796178502e+00
4.524399075149758e-01 1.096633596289800e+00
1.647273270035419e+00 -2.743921486570367e+00

116
1.779988912185992e-01 3.421755556060218e-01
-1.063176247683357e-01 -7.820476263806264e-02
-9.186993128534783e-01 -9.534719051009116e-02
1.000000000000000e+00 0.000000000000000e+00
5.653204162251475e+00 -2.020423681251403e+00
4.860787076734269e-02 -1.559857448610623e-01
7.769211071188727e-02 5.707957689256118e-02
1.731428728601154e-01 6.664920523060711e-01
1.125434580862495e-01 4.821493206281524e-01
-8.347713052826984e-01 -1.679866853737189e-01

117
4.816972041982810e-01 -7.820354476731792e-01
1.000000000000000e+00 0.000000000000000e+00
1.030794501814786e-01 8.546436122023075e-04
-3.793498090941104e-01 2.499946521349684e-01
-5.007459578676819e-02 9.663829256444392e-02
4.835504106846989e-02 -2.205934329931717e-02
3.857006988807506e+00 3.800242016802601e+00
-1.696062153687560e+00 -3.393974057355063e+00
7.985681699710875e-02 1.884651695654535e-02
1.571165281192034e+00 -7.393431334134934e-01

118
-7.161687327486630e-01 2.599927134009865e-01
-2.181578891046787e-02 1.107745607732309e-01
1.207839920525089e-01 -3.304148599921631e-01
1.000000000000000e+00 0.000000000000000e+00
-2.334064239592131e+00 3.457023752883730e-01
2.637113595640976e+00 -4.184140262339980e-01
1.758424305617176e+00 6.069221448085493e-01
1.754972976606687e+00 -4.120376518245463e-01
9.512396904662390e-02 4.062600921070950e-02
5.043963395749381e-01 -4.814437677595372e-02

119
-1.115584939895924e-01 -9.604848101232528e-03
5.971185072206351e-01 -3.983067593145012e-01
1.000000000000000e+00 0.000000000000000e+00
-7.946312129565745e-01 3.349494090175678e-01
-6.215296417781419e-02 -1.033744086652123e-01
5.017732216640012e-01 -1.112812172811223e+00
7.581501986900341e-01 9.386928425224921e-01
5.540280847490081e-02 -8.892901021228656e-03
-1.026485165022295e-02 1.427366946746993e-02
2.420488908259584e+00 3.426192602467510e-01

120
1.000000000000000e+00 0.000000000000000e+00
-6.141428730920702e-01 -8.593519103953273e-02
-1.461898040466967e-01 1.773417179271169e-02
1.048865189100226e-01 2.686313787776833e-03
-6.890254314695607e+00 -1.153060652212617e+01
4.552776588804431e+00 -2.520960118626267e+00
-4.237566088779270e-02 8.148230529667504e-02
-2.393958638684541e-01 1.739331470633542e-01
1.059922646570479e-01 -1.703318130450738e-02
2.039351766965444e+00 1.000271674845358e+01

121
6.005156831818832e-02 2.750982143877206e-01
-8.717940041361633e-02 -5.664109107281769e-02
-8.958726171384488e-01 -7.650565823004365e-02
1.000000000000000e+00 0.000000000000000e+00
5.695528441004477e+00 -1.048764769747671e+00
6.859347762955970e-02 -1.115202433119942e-01
1.552442171707624e-01 9.444592683866538e-03
-1.138468357346132e-01 4.223535252503672e-01
1.231228703371467e-01 -2.805944888536763e-03
-5.071208023567049e-01 -2.794533057808116e-01

122
1.000000000000000e+00 0.000000000000000e+00
5.857502696196363e-01 5.539923664750731e-01
-2.057818879241533e-01 2.354379602968303e-01
-4.568603640795460e-02 -3.219351557452825e-01
-1.322574595655734e-01 1.275652524073601e-01
-6.635115945507536e-02 -2.632014278857210e-02
-2.322760957803613e+00 -1.851506689403504e+00
2.614866541779720e+00 6.105126348228319e+00
-1.115668499175156e-01 -7.114665922054496e-02
4.187205053792747e+00 -2.056347225600402e+00

123
-2.551862840478368e-17 6.661797566002037e-18
1.000000000000000e+00 0.000000000000000e+00
4.143279690679222e-18 1.204366561040527e-17
-3.016290341276307e-18 -1.255753175514558e-17
-3.999121470744218e-17 4.784824003981237e-17
5.040307056544850e-01 -1.876684998788186e+00
1.334829365374716e-01 4.970042931586611e-01
1.288892551916607e-18 -1.359557775566593e-17
2.508316259233693e-18 2.273198976468378e-18
2.759826122510642e+00 1.233497658758839e+00

124
-1.554053291741079e-01 -9.360109952733442e-02
1.000000000000000e+00 0.000000000000000e+00
1.234844335568648e-01 7.215150691572982e-02
1.125144024044065e-01 3.141236684798782e-02
7.662802367227053e-01 -1.359580241186629e-01
8.049695999575259e-01 -1.087191734153974e-01
8.585112918148219e-01 1.868301077047978e-01
8.667191171470499e-01 1.324461462631943e-02
9.680804189964599e-01 -5.641157203758790e-02
4.920611966525629e-01 1.438742780463750e-01

125
-7.188647785570806e-02 -8.012074241973233e-02
1.000000000000000e+00 0.000000000000000e+00
7.940834118051961e-01 -2.558120804156090e-01
-5.407437475022888e-01 4.980792797394586e-01
1.662079021414121e-01 -2.950727594499297e-01
3.199016557797235e-01 -8.954955438121934e-01
7.089877183721411e-01 6.974546845756826e-01
6.883696967700505e-02 9.008545057366499e-02
3.896360241551094e-01 2.186006190229617e-02
2.138818835356722e+00 4.828420324825257e-01

126
1.000000000000000e+00 0.000000000000000e+00
7.068329362133049e-01 6.468649489232554e-01
-2.023356997066895e-01 9.920952734804808e-02
-2.464957990527511e-02 -1.757369340114258e-01
-1.102282884148454e-01 -6.768093025007085e-02
-6.026764997266967e-03 3.419545570718231e-02
4.443306126467219e+00 -4.203952296625330e+00
-5.726447247949367e+00 6.658612234273551e+00
-6.427719786476507e-01 4.260573959187751e-01
4.205160892609269e+00 -9.102051043396100e-01

127
1.000000000000000e+00 0.000000000000000e+00
-3.524163307507657e-03 -8.605753034400348e-03
-7.405478212760411e-01 -4.269524437095303e-01
-3.974004481139141e-02 6.794113950723982e-01
1.879152184159276e+00 1.483524690503934e+00
3.955056276795843e+00 -3.940365781187589e+00
2.017672819046649e+00 8.801368898677054e-01
-6.720865775719872e-01 -1.645073605166898e+00
-4.020222885030325e+00 6.343453740821825e-01
5.890935220174629e-01 3.801531346817920e-01

128
-7.929200163305148e-01 -1.696060179337879e-01
-3.917904574533590e-04 3.948642457350480e-03
1.000000000000000e+00 0.000000000000000e+00
-5.686605511490408e-01 9.281977477719028e-02
8.174224957312233e-01 -4.131053592222818e+00
5.080788127030748e+00 -2.494469809833604e+00
2.766321063980760e+00 -3.346640862541869e-01
-2.193259443677088e+00 2.205799482294469e+00
-5.187511172545819e+00 6.812582530158455e-01
9.542089780081984e-01 1.248511090848021e+00

129
-7.031500458624950e-01 -4.979933978687277e-01
2.731718580626955e-03 4.250964579664670e-03
1.000000000000000e+00 0.000000000000000e+00
-7.034808040154507e-01 4.514239684965247e-01
1.022729798359960e+00 -2.742476466463796e+00
3.510626662840222e+00 -7.018648194918286e-01
3.158583264075932e+00 7.334145102753350e-01
-3.717478384490539e+00 2.759818730080961e+00
-5.050862779558378e+00 -9.789633718092035e-01
3.503311787830236e+00 -6.495012413278782e-01

130
-1.943244750574496e-01 4.237038716233184e-02
1.000000000000000e+00 0.000000000000000e+00
3.970143095778799e-01 -2.564009364066109e-01
-1.871923963515056e-01 2.988241701893810e-01
2.215503372639214e-01 -6.327481316895690e-01
2.497281425614045e-01 -5.979813806783962e-01
3.738290855461914e-01 3.717838193790274e-01
4.630075812152983e-01 1.971354610787673e-01
9.922301561864657e-01 -6.460900902330152e-02
1.719466810157433e+00 8.316242735239604e-01

131
-5.955603014324991e-01 -4.407812596287411e-01
-3.512428854733256e-02 1.317961050867021e-02
1.000000000000000e+00 0.000000000000000e+00
-7.494682967422934e-01 4.167443076620898e-01
2.584378551954205e-01 2.888624121379555e+00
5.982144544662840e-02 -3.563649578402837e-01
-1.246045198041755e+00 1.185595730605439e+00
1.110974284914053e+00 4.724379357218333e-01
1.414998981640769e-03 -2.130097299867834e+00
4.556156375200784e+00 -9.919352588325379e-01

132
1.044447374464327e-01 -9.225486331346358e-03
1.855024882427598e-01 -2.278811956346074e-01
-8.339655036813092e-01 -6.676351811196157e-02
1.000000000000000e+00 0.000000000000000e+00
4.799609784073275e+00 -4.956733416358279e-01
-3.944100747406273e-02 -2.794168112857030e-02
4.583266441702059e-02 -2.843910259939669e-02
3.018106612933728e-03 5.323354105131143e-02
7.536968331777124e-01 -3.888957338833566e-01
-1.358390172226650e-01 1.424903231885325e-01

133
-6.962325101795994e-01 1.491561886908712e-01
1.701353726732175e-04 1.118499252000113e-03
1.000000000000000e+00 0.000000000000000e+00
-3.472186679062011e-01 -3.455226535842937e-01
1.479517241718615e+00 -7.373103595024511e-02
4.892205626640903e+00 -3.339843759415948e+00
8.162684703059975e-01 3.331408231638874e-01
7.279875375428173e-01 4.119491432999156e-02
-4.462364671470754e+00 3.081159517133407e-01
4.517654748195272e-01 3.762867484096110e-01

134
2.650138735570958e-01 -3.229760150201306e-01
1.000000000000000e+00 0.000000000000000e+00
2.909823748803742e-01 3.158679412108247e-01
-3.006958455591340e-01 -3.943133181894767e-01
6.659156903748093e+00 -4.536138716365010e-01
2.455255745733756e-01 -2.831391621844760e-01
4.900380055865361e-02 1.064580954994578e-02
9.550440165561339e-02 -4.855798467419951e-03
-6.994838136706212e-02 -8.563983923942021e-03
-1.104655200135971e+00 -5.127133434287243e-01

135
3.046942271377244e-03 -1.366432385653638e-02
1.000000000000000e+00 0.000000000000000e+00
-3.670095672906347e-02 3.305687829762732e-02
8.893605245852563e-03 1.527210789667335e-02
1.698497831523868e+00 -1.168463650264072e-01
7.329641099182778e-01 -1.369380040122628e-01
7.194516412875549e-01 6.747157766819201e-02
8.159978654234844e-01 7.693373897712405e-02
8.351348449524634e-01 -9.666537661755487e-03
1.724908837876648e-01 -3.292761749231148e-03

136
1.000000000000000e+00 0.000000000000000e+00
-1.193822190909966e-03 -5.753314222468890e-01
-9.064996774559742e-03 1.903750313838597e-01
-2.309983508578003e-01 -2.106822365227181e-01
-1.404172600938710e-01 -1.447662712328924e+00
-5.361380546474880e-01 2.817835537198224e-01
-9.059630736680957e-02 7.570783687670588e-01
6.687364285726125e-01 2.769672528363270e+00
6.910826495875783e-02 6.873963540706136e-02
3.591521500611795e+00 -1.254737365199638e+00

137
2.576871230620290e-01 6.651395235904547e-01
-3.106041288880877e-01 6.661261775242431e-01
-7.967048764096665e-01 4.761722709864846e-02
1.000000000000000e+00 0.000000000000000e+00
6.731749786630804e+00 -3.451319256639747e-01
2.716593525005216e-02 -3.745568584567802e-01
-1.154071495477610e-01 -1.519574685278890e-02
8.275160115063981e-02 -9.201318656123371e-03
6.009884755063466e-02 -2.545382180012934e-03
-9.431241898916912e-01 -4.380116746095039e-01

138
7.532597137464141e-02 2.110096953537986e-01
-1.667220127188085e-02 -6.257514183963586e-03
-8.691373072180502e-01 -1.106410320306566e-01
1.000000000000000e+00 0.000000000000000e+00
5.708385626665939e+00 -1.421260669236793e+00
4.179301962027435e-02 -9.740686242008902e-02
-1.338880757734583e-01 3.110031050324391e-01
1.455960948110573e-01 3.408741961453857e-01
5.476302686950744e-02 -2.620149003346672e-02
-4.308760874970161e-01 -2.251319871763101e-01

139
-8.941951743889094e-01 -7.298177353341484e-04
1.000000000000000e+00 0.000000000000000e+00
-2.152646747820289e-02 -3.307343638733760e-02
1.036537061989677e-01 6.217552616192542e-03
-5.831857296789030e+00 7.066187186634561e+00
-2.798834021688235e-01 -5.038109508565645e+00
-1.234849190998480e-01 -7.186233912223559e-02
-1.354063512383828e-01 -2.854911599251133e-01
1.242235302163602e-01 -8.515118049361892e-02
8.048740620305615e+00 1.046508240625268e+00

140
1.000000000000000e+00 0.000000000000000e+00
-1.800495452088034e-01 -3.858953271202844e-01
2.129336395523995e-01 6.919448108328794e-01
-7.551000440995264e-01 -4.573584313863749e-01
8.330873934957600e-01 -2.465690695445607e+00
3.168873310786572e-01 8.772621233111069e-02
1.544324543404281e-01 4.694224672230461e-01
3.859264426841484e-01 1.772155592788445e+00
1.320648800853981e-01 -1.036422081740334e-02
1.978604470417763e+00 1.328981668832743e-01

141
1.768352092757396e-01 3.054742706810994e-01
1.000000000000000e+00 0.000000000000000e+00
-2.894427181269805e-01 -2.990013217962004e-01
2.908771843628203e-01 -1.252523601112409e-01
1.244916099711159e+00 -4.513044035072665e-01
1.811120544557806e-01 -1.295025770644218e-01
8.207537680798903e-01 5.726400867145497e-01
7.062788419776250e-01 2.261237353749516e-01
8.168131484090525e-01 3.112493269057584e-01
8.037884375338459e-01 -3.408550046311047e-01

142
-8.366560926672344e-02 -1.087625590700902e-01
1.000000000000000e+00 0.000000000000000e+00
4.871590330080365e-01 -8.933398531205822e-02
-5.028222945465667e-01 9.523916206629238e-02
4.552157155591827e+00 -1.017924085022512e+00
4.416486597272017e-02 -1.115432325274408e-01
2.592199994307766e-01 1.208944373891795e-01
2.717165161968138e-01 1.077370565339945e-01
6.434513527368881e-01 1.436392885367386e-01
-4.874190259932794e-01 -1.400230472110636e-02

143
-4.775035442870110e-01 -7.535614435300935e-01
-5.978594972422738e-03 -2.012587189104106e-02
1.000000000000000e+00 0.000000000000000e+00
-7.756553179158643e-01 4.634817263409204e-01
2.006645632931612e+00 9.344752964490467e-01
6.975939219116349e-01 6.325750868606196e-01
-2.460363877827299e+00 1.496691289140198e-02
1.223368598889124e+00 3.002022680729636e+00
-8.110718943122792e-01 -2.937193244497632e+00
4.433664143974334e+00 -1.068645328730067e+00

144
-2.701622257582385e-01 -1.877368156330058e-01
1.000000000000000e+00 0.000000000000000e+00
3.318616403341347e-01 2.765028850011321e-01
9.219944570557312e-02 -1.895874219247708e-01
1.454547528852392e+00 -2.466778905411297e-01
7.809530618420327e-01 -9.412754050710073e-02
7.850371972122691e-01 1.574076807723376e-02
5.493836528389543e-01 4.791996005871749e-02
9.075731216749758e-01 -2.154540201800138e-01
3.688922608601654e-01 3.178994523721621e-01

145
1.197516936446457e-02 3.645400719261132e-03
1.000000000000000e+00 0.000000000000000e+00
1.161146568396665e-03 -3.484712729869279e-04
-2.702825368752125e-03 1.298711643254679e-03
-1.230995131987067e+00 -1.534205677415017e+00
-3.611962043297410e-01 -1.725479042889974e+00
-2.663108448092600e-01 4.631581837464633e-01
-2.556146096546263e-01 4.974173474404247e-01
9.535597004566906e-01 8.447785939994099e-02
3.723820281746678e+00 2.342577562689010e+00

146
1.000000000000000e+00 0.000000000000000e+00
5.374726828017957e-01 6.268300210764377e-01
7.854664074587780e-02 -3.231772773657464e-01
-2.516039937460329e-01 5.653727845053201e-01
3.048188876041169e+00 -5.767949144806515e-01
-3.606110769929830e-01 -1.970138829364944e+00
7.251941863670218e-02 1.505823711013026e-01
-4.560577743972042e-01 -7.652567108876540e-02
2.496622179462382e-01 7.485234493130238e-01
1.324623734646407e+00 1.089416075101397e+00

147
-4.174992383320382e-01 -5.906338459220392e-01
3.572316050255420e-03 -2.543998791518760e-02
1.000000000000000e+00 0.000000000000000e+00
-7.852880530726407e-01 4.243040565504310e-01
6.309741279989910e-01 3.101641300379280e+00
2.981948382903964e-01 -4.212962482565971e-01
-6.613357140959755e-01 8.483132637420994e-01
-1.163251039209429e-01 1.042571789761762e+00
-7.839285412850581e-01 -2.413583404703230e+00
5.109590078942084e+00 -1.180684891781647e+00

148
3.377197667120526e-01 -3.660262480771519e-01
1.000000000000000e+00 0.000000000000000e+00
-2.428302427895555e-01 -2.297264877156611e-02
2.442829814187377e-01 1.056535307540347e-01
1.405628412517162e+00 -1.157975221239614e+00
1.084316482738602e+00 -1.468394293008563e+00
4.652514397229027e-02 8.092506588713058e-02
2.035736436369281e-01 1.017692540050359e-01
-5.724054290857689e-02 -1.039590777976188e-02
1.235672851125655e+00 1.558345617507953e+00

149
8.023053056794636e-01 -3.967454164141136e-01
1.000000000000000e+00 0.000000000000000e+00
-7.232173056643207e-02 1.409980963573948e-01
5.130319931930595e-02 -9.920189718880591e-02
-1.929936545857487e+00 -1.603196773393519e+01
5.502755055578327e+00 -5.507606974740294e-01
2.720047283364787e-02 -3.750246706802744e-02
-2.050198712308558e-03 3.126164290131728e-02
7.429371697502390e-02 1.423212593922175e-03
-2.572754332624376e+00 1.045390367441862e+01

150
1.000000000000000e+00 0.000000000000000e+00
-5.463696765542408e-03 1.367069263190043e-03
-9.321589050844675e-02 6.309314662261750e-02
-8.979367343696029e-01 1.934882079312246e-01
-8.725834953623250e+00 -1.536694066782596e+00
7.643071118142645e+00 4.061775905255711e+00
1.665950183379496e+00 2.758295294066081e+00
4.902344688930943e+00 -1.124355357667009e+00
-4.494450770286362e-01 -4.773345035837902e+00
6.761762477759676e-01 1.571636759525960e-01

151
-5.289259868522888e-01 -1.338766268303641e-01
2.576254792973942e-02 2.462774587442340e-01
1.000000000000000e+00 0.000000000000000e+00
-6.029880113329564e-01 -5.224226496952344e-02
1.989007369817070e+00 -1.676828646174481e+00
1.297718763533329e+00 -5.626651701113005e-01
-7.585743496018768e-02 2.803740435551889e-01
1.074498231514935e+00 3.078543946920294e-01
4.371600023586528e-02 -6.187076115433687e-02
2.672733639403227e-01 7.923043040102806e-01

152
3.414696183296629e-01 -9.030787788730249e-01
-1.129562451987500e-01 3.402452257147477e-01
-4.921047811563137e-01 -4.179620804766677e-01
1.000000000000000e+00 0.000000000000000e+00
4.893257122145897e-02 -1.359564283705658e-01
5.166752335266078e-01 -4.825111238108409e-01
2.158203434488208e+00 3.137283229264169e+00
1.037946180601441e+00 -4.784989183456783e+00
1.913027855168941e+00 3.704408193391362e-01
-8.646382392169537e-01 1.061587839934908e+00

153
-2.886750989788170e-01 -8.755990077279546e-02
-2.113629405742629e-02 2.096938362533048e-04
1.000000000000000e+00 0.000000000000000e+00
-8.555002792361756e-01 2.363000960277845e-01
2.072041355192717e+00 -3.653815360613811e+00
1.266050353233126e-02 -1.438111714833978e-01
1.064172292035684e+00 -5.906682151968867e-02
1.743558419295179e-01 1.013418077730858e-01
1.784246887707713e+00 1.207327818759242e+00
-9.743711712847127e-01 1.697212204548596e+00

154
-4.373446550046703e-01 -3.685876843075275e-02
4.274211944338682e-02 -1.058894000666914e-02
1.000000000000000e+00 0.000000000000000e+00
-6.583901685713953e-01 -2.552034345674258e-01
3.030610501199995e+00 -8.218302467098824e-01
2.492533137890443e+00 -5.143113956446970e-01
-6.358331055054945e-01 -1.936069961596943e-01
1.309552029945455e+00 7.103631457832470e-01
-1.045903921372479e+00 -1.043278281514273e+00
1.192752760024579e-01 4.758052202589002e-01

155
2.390014789580994e-01 -2.994657990789786e-01
1.000000000000000e+00 0.000000000000000e+00
8.781387616429578e-02 -7.926156574472006e-02
1.396804440330826e-01 -8.552430675624065e-02
1.487432954649034e-01 -1.745338499905530e-02
3.024649892891168e+00 -6.163257155631106e-01
9.458570988788256e-03 6.617408707041409e-03
3.264580333448883e+00 -2.116074864173410e-01
-4.495854260424456e-03 -1.665773384907044e-03
-1.003896791571905e+00 1.817292347387278e-01

156
1.000000000000000e+00 0.000000000000000e+00
6.455806900802523e-01 -5.086855038809129e-02
-1.791497862186490e-01 2.373186447496719e-01
-8.409544896469154e-02 -3.624012329860102e-01
-3.147418110738389e-01 -1.633018346050168e-01
-1.054000680350470e-01 7.460300144357972e-02
-2.435648470232131e+00 4.372656786292380e-01
4.320984613854008e+00 3.388834551575790e+00
3.074768291487726e-01 3.135599907491149e-01
2.937187973131601e+00 -2.293842011865877e+00

157
5.792004817197530e-01 -4.038459489046143e-01
1.000000000000000e+00 0.000000000000000e+00
4.767803313330377e-02 2.298650916102521e-01
-2.622772530554233e-01 -1.837397504203037e-01
1.166232885297015e-01 5.766415042485803e-02
-1.396056446652638e-01 -2.439749873001706e-02
-1.722488944590371e+00 2.973524064400860e+00
4.111975988716519e+00 1.160634726501086e-01
6.388660324441846e-02 2.015119284588238e-02
2.488888770532168e+00 -2.237032316151645e+00

