158                                              

1.860723095895065e-01 -7.074652704567606e-01
1.000000000000000e+00 0.000000000000000e+00
3.631855329417887e-01 -1.363809774149279e-01
-3.576509799406186e-01 4.588697189335849e-01
1.305784024985181e-01 -1.878884879900914e-01
-1.251673819251660e-01 -3.338293918577512e-03
-2.456604478767628e+00 -1.494872157681409e-01
8.002140211312696e-01 2.312022733976776e+00
7.819170820036567e-02 3.465973444289337e-02
1.992724784067232e+00 -4.716177710942204e-01

-2.936258859845401e-01 -2.013102444532638e-01
4.026081418575745e-01 -4.968975085194757e-02
-3.282834816131930e-01 -2.212169018912077e-01
1.000000000000000e+00 0.000000000000000e+00
1.971396044613787e-01 1.203036396513351e-01
2.620127005013501e-01 -1.627727135918845e-01
2.098029090390009e-01 1.793417485198453e+00
-7.609372701002758e-01 -1.767699079506948e+00
2.796701527008279e-01 2.118633759625886e-01
2.956982450508137e-01 2.274334004852679e-01

-6.269439761318898e-01 7.464714186514584e-01
-5.590642725732498e-02 2.910601608223048e-01
-5.979687093776680e-01 -7.738660091425688e-01
1.000000000000000e+00 0.000000000000000e+00
-2.350074565985218e+00 1.177867292645889e-01
8.601001550240386e-01 -4.718342626959737e-01
-5.909378545864764e-01 -2.998371081024002e-01
3.458650533734142e-01 1.337191931944252e+00
2.671412134655375e-01 6.851519990501284e-01
1.330581589825124e+00 1.799454013466008e-01

2.730846342723704e-01 -9.875077907988358e-02
-3.143073553570212e-02 1.266820608897947e-01
1.000000000000000e+00 0.000000000000000e+00
-9.146477095944467e-01 2.319410273195623e-01
1.173371672542920e+00 2.189505336356296e+00
8.707828577973864e-02 1.152082794647852e-01
-3.529325790160006e-01 4.161883882377419e-01
-1.931525202467847e-01 -3.421498543816717e-02
1.991789141153606e-01 7.937378241912375e-02
4.172097843117971e-01 -1.383699392129022e+00

3.071148010743551e-01 1.461799161103099e-01
-2.830988613382540e-01 -2.865582009953363e-03
1.000000000000000e+00 0.000000000000000e+00
-7.590793133402058e-01 2.612493990479652e-01
2.480288231918402e+00 1.687489739080506e+00
-1.200460520571776e-01 1.891169562995295e-01
6.524770917400929e-02 6.791987542407842e-01
-4.684983102222671e-02 -1.262919108339443e-01
-3.418309904751973e-02 9.333418980642244e-01
-7.329017403477203e-01 -2.175602938953964e+00

3.559610873163180e-01 -1.792681475211959e-01
1.000000000000000e+00 0.000000000000000e+00
1.278650665503237e-01 1.780694901791250e-01
1.935985061454396e-01 8.043294656805544e-02
-1.309723011932332e+00 -5.040990764801683e-01
1.989667355294010e+00 2.664372033327276e-01
3.345729040665018e-01 -9.473836261219072e-02
-1.499069287899456e-01 2.189073978460303e-01
4.578313534904208e-02 4.648408619883575e-02
-3.705523501815980e-01 5.703726023566597e-01

7.733467673833764e-01 -4.937774509207228e-01
1.000000000000000e+00 0.000000000000000e+00
3.602574506175876e-01 3.743835804185915e-01
-8.016433603558663e-01 9.819693777506039e-02
-3.484684742290920e-01 2.810218444215455e-01
1.449766995429967e-01 -3.876544334165731e-02
3.972498971970796e-01 1.020988935335432e+00
-1.532330696708290e+00 -3.903960884918984e-01
6.929897600513610e-02 1.866983567153126e-02
1.336204290313606e+00 3.344003206658069e-02

3.344824027732593e-01 -3.259532277356831e-01
1.000000000000000e+00 0.000000000000000e+00
-2.553202191311098e-01 -5.181904257248962e-01
4.403108618820201e-01 6.176619473087996e-01
-3.684428049405433e-01 -3.436041032195930e-02
9.853430730296597e-01 -3.707240962805554e-01
2.075696117342692e-01 -2.222235671592147e-01
-1.444307860745802e+00 2.325880255719500e-01
2.996093507319276e-02 2.900315868219280e-02
6.776575213693599e-01 9.225312189917870e-01

4.509343948803053e-01 6.994718091450641e-01
1.000000000000000e+00 0.000000000000000e+00
3.358253385341183e-02 -2.881527494830039e-01
-2.560891731056917e-01 8.717622207452802e-01
-3.729493116805749e-02 2.243708283261340e+00
1.682030203727884e+00 -1.117067778384618e+00
1.074300728887141e-01 -3.498293764806790e-01
-4.837960932037340e-01 -1.134936467330091e+00
2.747833841729569e-02 5.255845791953063e-02
-3.635565060415564e-01 7.312593748841972e-01

1.000000000000000e+00 0.000000000000000e+00
1.868019305333415e-01 3.533836847305356e-01
1.713384701452074e-01 3.235999425339597e-01
-3.622114299209520e-01 -2.385450957083575e-01
1.366815766187856e-01 -9.770981775598481e-02
-4.387556990146403e-03 2.522159690925577e-02
-8.754632115102950e+00 -5.260428457892167e+00
4.446567854402207e+00 1.180366350747108e+01
-9.815927889251691e-01 -8.701316742960667e-01
5.708177277105418e+00 -1.838042338214817e+00

1.000000000000000e+00 0.000000000000000e+00
2.582078549766792e-01 -9.383659859740136e-02
-3.748827033482571e-01 8.673074222237266e-01
-4.992528728614970e-01 -5.992704916630545e-01
-2.744722174383789e+00 1.065685209115751e-01
1.120718044158807e+00 -7.586290128237707e-01
-5.383381521203519e-01 -2.943108036972024e-01
5.594298791938789e-01 1.052453803437809e+00
2.611842023541860e-01 8.683899341664446e-01
1.119164794918826e+00 4.569875810906243e-01

1.028896861881150e-01 -6.044241203211874e-01
-1.177863037937751e-03 -2.140425389000903e-01
1.000000000000000e+00 0.000000000000000e+00
-8.073216730987902e-01 5.498306548298302e-01
-1.635694343512908e+00 1.053471131336477e+00
4.562265427539911e-01 -1.711007429958616e-01
-8.748521810534526e-01 -2.347109627781906e-01
-3.036181266379047e-01 8.673720425908382e-01
5.962452889350058e-01 -3.555166978676194e-01
1.950598567664679e+00 4.001555195339008e-01

0.275999266280597534319e0 -0.828786940774064760377e-1
0.100000000000000000000e1 0.000000000000000000000e0
0.170932449861993877825e0 0.287959955067193166265e0
0.314045456936658535154e-1 0.587727319412135650154e0
-0.279897706993781618563e1 0.159682643725848097697e0
0.282540172767282912226e1 -0.230403774709931067645e0
0.904696584489282648622e0 0.125506477609299413518e-1
-0.133050571780734315053e-1 0.218696118294738051920e0
-0.729509841994168494784e0 0.255178494933764406357e0
0.194602651582144845716e-2 0.244089560094452154526e0

-4.312800145210662e-01 -8.445560729814980e-02
1.000000000000000e+00 0.000000000000000e+00
-6.258356998817570e-02 5.147911183793180e-01
-6.016657683141826e-01 -1.671678256090342e-01
-3.071951222237569e-01 -2.160233411237142e+00
1.381958275725978e+00 1.554060022768619e+00
2.815623279878307e-01 4.200219710991984e-01
-2.362656525126994e-01 1.138831035042653e+00
7.489431657712889e-03 -3.701927993522426e-02
-4.293497715395557e-01 -3.377542365116940e-01

-0.183162933267126129533e0 -0.268608167252563807814e0
-0.226929068758319370830e0 0.141100307411973055735e-1
0.446811942284413688917e0 -0.288217310755708693509e0
0.100000000000000000000e1 0.000000000000000000000e0
-0.406094835297309447990e1 -0.112251541216574940137e1
0.411455811759401142349e1 0.126239201042739113124e1
0.138630256455020496858e1 0.835808372354485009813e0
0.850595880333858578873e-1 0.181704870284048872143e0
-0.123842861670930421791e1 -0.103291732588276211676e1
0.587193516178767234885e-1 0.157980542773868551306e0

-0.169911330827032372326e0 0.263554704829052732166e0
0.100000000000000000000e1 0.000000000000000000000e0
-0.733970829721406051903e-1 -0.721637887361410653811e-1
0.720746962205717181903e-1 -0.212922252544521463496e-1
-0.544768906154487838776e1 -0.278934286981117287273e0
0.147186963752876712912e1 -0.138491142886720757031e1
-0.295237218354397689031e0 0.773720926186599583434e-1
-0.425278768448835231130e0 0.112562513704422974812e0
0.500803586970473357722e0 0.124036424998552439271e0
0.276000967508870973747e1 0.254833884433883515975e1

-6.247815082746284e-01 -9.969808621283111e-02
-5.151941635869122e-01 -4.170658586912925e-01
-2.823058074310630e-01 -3.438131162423914e-02
1.000000000000000e+00 0.000000000000000e+00
1.239321574854468e-01 -2.481982036125218e-01
-1.081187070339504e-01 -1.618424865545575e-01
-9.377429696827400e-02 2.522354023193336e+00
-3.835242521467035e-01 -2.029114891082961e+00
2.539253546895392e-01 3.732163262757080e-01
5.752208646924551e-01 8.691059005891871e-03

-1.405033072782499e-01 -2.830149043664105e-01
4.309440749031030e-01 -4.999911201329409e-01
-8.868010152601613e-01 -1.840772541864163e-01
1.000000000000000e+00 0.000000000000000e+00
-4.441281440287549e-01 1.754122171148907e-02
8.425038068601914e-01 -4.489330818462474e-01
1.282282797350424e-01 -2.653600688763707e-01
-1.123452962095891e+00 7.472923267273517e-01
-1.543845421149386e-01 4.325540107258161e-01
7.823171778722233e-01 3.593159040851045e-01

1.000000000000000e+00 0.000000000000000e+00
2.258740829349506e-01 6.784907113850580e-02
-2.621222425194381e-01 5.592031382538052e-01
-9.154615538698316e-01 1.226411482065999e-01
-3.348310437231151e+00 -2.422488084899832e-01
2.484462371453553e+00 5.283728978496938e-02
-4.751221475289866e-01 4.987760661779303e-02
1.319664368580759e+00 8.104961311131305e-01
-1.806188357002252e-01 3.592228927995036e-02
5.023737076688171e-01 3.189527399975218e-01

-2.814594222790120e-01 9.706726130805596e-02
1.346666632835824e-02 -9.769648960454330e-04
-3.152046246423044e-01 -2.815152207343012e-01
1.000000000000000e+00 0.000000000000000e+00
-1.017558059946440e+00 7.946880172781537e-01
-2.963039510053006e-02 -1.093646432215267e+00
2.464343248712546e+00 -3.300169281459393e+00
-3.207638324058077e+00 3.236941695002767e+00
6.440522396261796e-01 2.610626048159582e+00
3.067661383368929e-01 -6.016047534742489e-02

4.681068056717532e-01 -3.655123679407802e-01
1.000000000000000e+00 0.000000000000000e+00
1.290991897441970e-01 -1.383530871332273e-01
-5.793707580405127e-01 4.121039816619086e-01
4.319293370466042e-03 -8.558350145262368e-02
-2.129692296391283e-02 -9.725287836546882e-02
1.463079496499888e-01 4.339658736675055e+00
-2.458604995693694e-01 -3.912961911264413e+00
-9.371054705854018e-02 -1.078246833652148e-02
6.836358887069938e-01 -1.836831604454486e-01

3.190953857565915e-01 -2.491659363818995e-01
1.000000000000000e+00 0.000000000000000e+00
-3.619606991509461e-01 3.370599410259417e-01
1.985630893588627e-01 4.159851375798930e-02
-1.267948276632564e+00 2.198917192112836e-02
1.445417259788201e+00 -2.458491367247093e-02
2.097361262512360e-01 1.100131163809265e-01
-5.088483915866704e-01 1.211926109216435e-01
4.235126045058768e-02 1.499872812057767e-02
3.996415220881774e-01 4.875618735452283e-01

5.089491204718282e-01 -3.289296093695019e-01
1.000000000000000e+00 0.000000000000000e+00
2.375389092240819e-01 5.296176473168614e-02
-4.216102372599801e-01 2.596167926162833e-01
-1.599732787107535e-01 2.494826134563845e-01
4.090251670676086e-02 -2.984455356496113e-01
1.314861759262751e-01 1.403323880258462e+00
-1.371651865531682e+00 -9.282225912728963e-01
6.403751183755721e-02 3.456478230634336e-02
1.346062813606183e+00 2.633032970772261e-01

-4.856669811094726e-01 2.255350756317810e-02
1.000000000000000e+00 0.000000000000000e+00
-1.711543973417357e-01 -5.744404166686930e-02
2.541137594889004e-01 -1.390061887484496e-01
-2.280742357158913e+00 -1.660057655675639e+00
1.029599307495419e+00 3.407705211582798e-02
-3.224059214558200e-01 4.468562630389464e-01
-6.976732544571601e-01 3.955470299967079e-01
3.829554234653931e-01 -1.515094309677056e-01
1.405247881178503e+00 1.574263711988933e+00

-6.642121559170204e-01 4.172956945853897e-01
-2.853248787481703e-01 -7.259493419162884e-03
-7.516200052357528e-01 -4.911487106052592e-01
1.000000000000000e+00 0.000000000000000e+00
2.742203837470600e-01 6.267352312150125e-01
5.466652296959740e-01 3.484318987754119e-02
2.076466723438756e-01 -6.236196198214902e-01
-2.521139646546673e+00 1.627998792402833e+00
-5.793942470194495e-01 -6.050156512940357e-01
2.069811122139582e+00 5.192973621465258e-03

-5.988469111187544e-01 4.492469972933284e-01
-2.303879154521493e-01 2.809126503287441e-01
-7.950944302188006e-01 -5.199766534808967e-01
1.000000000000000e+00 0.000000000000000e+00
-1.498502306861150e+00 8.344687500030701e-01
7.187166385233669e-01 -3.631858571181871e-01
-4.165398580064471e-01 -1.705443688144344e-01
-9.463373897482743e-01 1.185992552528479e+00
-2.065558627031487e-01 -2.387310191331272e-01
2.221512923844474e+00 1.479221574065263e-01

-5.810297588689570e-01 3.823737575321930e-01
-1.656782222153688e-01 7.619255497290439e-02
-8.829575712161178e-01 -9.744187608970956e-02
1.000000000000000e+00 0.000000000000000e+00
2.278313388689409e+00 3.193178963535549e+00
3.445521433328539e-01 1.639157725408810e-01
8.144974916691330e-02 -1.283730838347490e-01
-1.190241596955285e+00 -9.006623691236881e-02
-1.071247392713004e-01 -4.989941461571526e-01
2.826253105183159e-01 -1.458679440949139e+00

-5.415197427398777e-01 -1.170049990400325e-01
9.563535082046400e-02 -1.731449544808182e-01
-5.106680052820561e-01 -4.104914932223238e-01
1.000000000000000e+00 0.000000000000000e+00
9.325644597606404e-01 -6.875777738861208e-01
1.699635989632490e-01 1.274816132988898e-01
5.794990546233481e-01 3.603951076797728e-01
-2.280511368651472e+00 1.752138345347148e-01
-1.777281346923146e-02 9.759756050956635e-02
7.055937650393171e-01 4.041545973610849e-01

-2.611696671938077e-01 2.525716645588204e-01
-3.452258652611657e-02 8.079736173634439e-02
-7.176044337521978e-01 -4.062094614434031e-02
1.000000000000000e+00 0.000000000000000e+00
1.712602234308502e-01 2.725807766214911e+00
1.901927314765598e-01 3.406668512954415e-02
2.181680885301473e-01 -8.033955319013646e-01
-6.523638627891191e-01 1.503124965696324e-01
1.145249171925584e+00 1.361368259154110e-01
1.438583084639262e-01 -5.432426361366565e-01

-7.989786428208967e-02 -1.773907544228734e-02
1.000000000000000e+00 0.000000000000000e+00
-1.372476906067014e-02 -3.962697911245927e-02
1.423811786418634e-02 7.705815982618909e-02
1.482989366683709e-01 3.883941712005641e+00
7.110567445082172e-01 -8.803776787151185e-02
5.161641155945410e-02 -4.128595249999749e-01
9.347902093859625e-02 -4.573923267099970e-01
7.551583105402251e-01 -1.076173858405314e-01
-5.334448314093920e-02 -1.125239326202142e+00

-3.231985736427508e-01 2.703044074157949e-01
9.542219407965377e-02 -3.791089048542602e-01
-6.761254849508305e-01 -1.084802691441535e-01
1.000000000000000e+00 0.000000000000000e+00
3.774217288333164e-01 4.321323767292480e+00
2.195476448312164e-01 3.797992307915860e-02
-2.372670268375195e-01 -6.854894748830933e-01
-3.016433298682885e-01 -6.379254505295848e-01
1.427835512884180e+00 -6.260338604302853e-01
3.185197337785401e-01 -5.991317847412855e-01

1.000000000000000e+00 0.000000000000000e+00
1.500105740553038e-01 -2.343420341849338e-01
4.995932651138840e-02 3.156217136303501e-01
-1.828842048897908e-01 -3.945450901783170e-01
6.930160351580340e-02 4.516246004694108e-02
-2.410878100186414e-01 -2.911712235877787e-02
-4.608088504771547e+00 9.683785919504997e+00
7.795467685434230e+00 -5.606636711566684e+00
-1.626629922436414e+00 7.519198928304680e-01
7.648305676445007e-01 -4.389783542668621e+00

-2.685238480059660e-01 -6.548223574459208e-02
-1.200560658130076e-01 1.284285702125489e-01
-8.101042449879854e-01 -5.560216297728575e-01
1.000000000000000e+00 0.000000000000000e+00
-6.813193234311965e-01 6.918447875844953e-01
4.445301755215933e-02 6.366470474305866e-02
-2.156310517236434e-01 5.803406072412344e-02
-4.323862220170560e-01 -4.688487323888209e-01
1.520047580210564e+00 1.255661806239668e-01
3.705081033374621e-01 7.260463297532730e-01

0.100000000000000000000e1 0.000000000000000000000e0
0.924815874589959870377e-1 0.856441399847636639255e-1
0.920065832760583927305e-2 0.247744975083555608701e0
-0.762356552685919606395e-1 -0.149795009580253701291e0
-0.906730923845802183527e1 -0.175447610716684178327e2
0.689737065458400452986e1 -0.125047364766676848385e1
-0.445436647762681292330e-1 0.150331556660418925911e-1
0.205143595459771024849e0 -0.344123825940785650900e0
0.241120426216866455354e0 0.160434254209495064775e1
-0.293064655392854449484e1 0.124446692734687216573e2

5.597956717241834e-01 -3.474691820980819e-01
1.000000000000000e+00 0.000000000000000e+00
1.951599258255805e-01 2.734953144568914e-02
-5.573788018039896e-01 2.663872767595007e-01
-1.420643338625930e-02 1.711620650847300e-01
-4.904062345449353e-02 -1.631169738695482e-01
-1.339069716192579e-01 2.743002665749392e+00
-5.069088525238470e-01 -2.189586685178182e+00
5.984121770870453e-02 2.889615797668779e-02
1.013270916169456e+00 -8.863204839376687e-02

-2.547063677632486e-01 -4.135718893588002e-02
3.730465031653482e-02 1.586763601135969e-02
-3.123666696066755e-01 -2.103309635591267e-01
1.000000000000000e+00 0.000000000000000e+00
-5.505772814357318e-01 -3.645790815253288e-01
6.327586352144815e-01 1.950609824598676e-01
6.933349407126379e-01 2.800060793578935e+00
-6.427959849835714e-01 -2.505387038508337e+00
1.224536641451941e-02 5.209710891853846e-02
2.581670415827975e-01 5.437204512776527e-02

0.313383970080818844439673334134e0 -0.288299061886890558442714167715e0
0.100000000000000000000000000000e1 0.000000000000000000000000000000e0
0.818132160133433221850149078606e-1 0.106924408452851503658231724236e-1
-0.461849061773925662574180148954e-1 0.508099335684324328349295823579e-1
-0.890311481099323710396287876590e1 -0.760532849697592860775353112582e1
0.495513191864730593198683965841e1 -0.116933278380409147154116551132e1
-0.163134081583673375201972363583e-1 0.333138058170340898839690315112e-1
-0.288374081830244346355142477726e-1 0.603890247134711665148458191522e-1
-0.622345644364623598025088863741e-1 -0.325963753596412965104014865159e-3
0.967158712439843180616877856105e0 0.716858033677515956690071359076e1

1.000000000000000e+00 0.000000000000000e+00
8.180792215067549e-01 5.298852711685564e-01
-3.306548858838761e-02 5.140756053544310e-02
-5.852416016532803e-01 1.957179757659477e-02
-1.106770527365619e-01 1.102051307114160e-01
-9.215360637306715e-03 -3.529171511012967e-02
1.606647880034185e+00 5.601709505932347e+00
-2.026444216909189e+00 -5.624277481151008e+00
-5.088345615895896e-01 -5.539499915381119e-01
1.146977420429385e+00 7.805478293290935e-02

1.216040461170867e-01 -5.475910300572371e-01
2.568630555920625e-02 -8.179205736198283e-02
1.000000000000000e+00 0.000000000000000e+00
-8.392922395870089e-01 5.043001217858674e-01
-7.618410243497581e-01 6.429395291760082e-01
1.080288411126230e+00 3.372582351752486e-01
-1.194976698674458e+00 5.379079775649422e-01
-5.522000689470532e-01 6.684272001304160e-01
-4.316416467146376e-01 -1.465910124576795e+00
2.315068134254532e+00 1.954339340517344e-01

7.513947933437232e-01 -3.598434201562725e-01
4.622517873302679e-01 1.487379650732309e-02
1.000000000000000e+00 0.000000000000000e+00
-9.797139464539024e-01 -1.674442334109704e-01
1.188730922587673e+00 1.756351780976075e+00
3.086501705690035e-01 1.993457742137000e-02
3.840218098419123e-01 -2.468623834831153e-01
-7.819988326088366e-01 2.485985861094306e-01
2.705034939357126e-01 5.312032901309689e-01
-2.223342688370454e-01 -1.063366674505942e+00

3.004581368874520e-01 -1.747608489028845e-01
4.127538387579877e-01 1.903694502687678e-01
-2.011574047789935e-01 -2.754769934372232e-01
1.000000000000000e+00 0.000000000000000e+00
8.016038294209061e-01 -1.373646917885732e-01
-3.557359868534821e-02 -5.474763977546519e-02
8.722739146727636e-01 8.327604470831835e-01
-1.476789688327959e+00 -9.559718026864215e-01
5.664465615536901e-01 7.956082950227762e-01
-2.949727680213033e-01 1.141353866522387e-01

-3.808156669033461e-01 1.275036748871439e-01
7.283900431188714e-03 1.304364965870579e-02
-2.608276693372947e-01 -3.897796059066151e-01
1.000000000000000e+00 0.000000000000000e+00
-2.121384629120718e+00 -1.426612303133347e-01
2.813346858808694e-01 -3.481090978564164e-02
-1.215050282382046e+00 -2.432374021124625e+00
1.294286530873340e+00 3.530251755315864e+00
1.617691091719893e+00 1.514320193906877e+00
3.991292216471114e-01 -1.345552971494834e-02

1.000000000000000e+00 0.000000000000000e+00
-5.450922389485093e-01 -9.391028595569580e-02
-2.135082099843100e-02 -1.690854060630588e-01
-4.942277379704674e-01 6.434278086853336e-01
-2.607475924376809e-01 -5.625649046828024e-02
-4.446141896708305e-01 -3.624518446405469e-01
-3.045792673901053e+00 1.292873833499812e+00
2.463432089450791e+00 -6.620440730615542e-01
1.508670500818906e+00 3.090610820733067e-01
7.024501457745902e-01 5.647874385490087e-01

3.843771314693577e-01 -3.823573990663220e-01
1.000000000000000e+00 0.000000000000000e+00
1.980269743535535e-01 4.715118232207470e-02
-3.010734009383543e-01 1.606341870788980e-01
-2.705696324803833e-01 -1.712872732566656e-01
-7.987814276251576e-02 -9.429471701963420e-02
-6.483151046707885e-01 3.844446631492466e-01
-1.121516775675677e+00 1.106402190165083e+00
-8.036011106065916e-02 -9.105654534565140e-04
2.077995560450516e+00 -1.759633747416617e-02

1.000000000000000e+00 0.000000000000000e+00
3.112991341753393e-01 9.490393111440660e-01
2.038807470128345e-01 -8.449180175809827e-02
-7.737171209055790e-01 4.120748463561819e-01
-2.109178348799731e-01 -1.285440185171350e-01
1.029018093073632e-02 -5.230553561973693e-02
-1.951061519291657e+00 3.697145413149220e+00
1.565931186028099e+00 -3.098813398901566e+00
5.379126697998062e-01 -5.117020821521900e-01
9.372202666226124e-01 3.448541362216626e-01

0.592679205769868936216960508636e0 -0.659289790359177831301827338232e-1
0.100000000000000000000000000000e1 0.000000000000000000000000000000e0
0.413903578577019774889591372801e-1 0.702516718431347877124714575141e-2
-0.911099674667494865477626925777e-1 0.672927441374153484879664202540e-1
-0.904508703776049993908691455040e1 0.539290322329733536053919273818e0
0.302599470946042734681478287663e1 -0.186228851331091427451176338053e1
0.384896906714222272398792414239e-1 0.115177142306119572819903196899e0
-0.583337520744475240805007849877e-1 0.157021426512471946033866237669e-1
-0.118241361963804386899430799952e0 -0.497668710381851092125821842586e0
0.403817978249519847878098621575e1 0.313488735523598649464050321222e1

1.623447393408578e-01 -5.513293555212827e-02
-6.538159959262231e-02 5.730252009438671e-02
1.000000000000000e+00 0.000000000000000e+00
-8.631695265195641e-01 2.962616597222356e-01
1.468441207290315e+00 2.708029216549402e+00
3.246821531567064e-02 6.520189327360251e-02
-4.588739316285676e-01 6.801501166806110e-01
-1.009623354870921e-01 1.015080230727640e-02
-1.983062487325394e-01 1.934402923419287e-02
7.033890979617913e-01 -1.983171871822969e+00

3.354868764180600e-01 -4.208451271196879e-01
1.000000000000000e+00 0.000000000000000e+00
-1.903280491887013e-01 4.233491629073486e-01
-3.432309742485588e-01 -2.932370596796268e-01
-3.432964489422590e-01 -2.613020238022055e-01
6.003554682376772e-01 7.728991109985652e-01
3.856445268794951e-01 1.787959988936392e-01
-1.061735669143836e+00 1.067606692429277e+00
3.539825726932103e-02 -1.946867462909608e-03
7.973680304412925e-01 -5.764690236300574e-01

9.664019149666339e-01 7.615540907697188e-02
1.000000000000000e+00 0.000000000000000e+00
5.108410766287952e-02 5.761084365722156e-01
-4.674256293999831e-01 -4.982865044432300e-01
-1.224140160058225e-01 1.018628953576248e-01
3.892541124031888e-02 1.602534210195932e-01
-1.872243005214656e+00 -2.533048739830578e+00
-8.118079399392257e-01 5.015282708651844e+00
-9.842948021734654e-02 -1.639928475070219e-01
2.829186171408970e+00 -4.175731623145584e-01

2.835281229951968e-01 -2.997882494952911e-01
1.000000000000000e+00 0.000000000000000e+00
-1.509460617941260e-02 -9.421803133678355e-01
2.326365448279233e-01 4.095737845853024e-02
-3.045011562027962e-01 -2.917847349996347e-01
1.413492284681843e+00 4.090460093469979e-01
5.038804781385989e-02 -1.610344752163357e-01
-7.188701759888594e-02 8.569967987789158e-01
-8.267924882995034e-02 2.722806359773061e-01
-2.578441320475449e-01 -2.859255830968992e-01

3.480632222621104e-01 -2.509482191493979e-01
3.258744570626719e-01 1.014485336923184e-01
1.000000000000000e+00 0.000000000000000e+00
-7.565169628656743e-01 -1.102282674857890e-01
1.185727323458935e+00 5.204094775412677e-01
1.064582950731631e+00 2.920630874872707e-01
4.861771466410320e-01 -1.423349680964867e-01
-1.053309143856236e+00 2.418345160683033e-01
-1.748525884959586e-01 1.052824952752199e-01
-4.820825895052365e-01 -4.383785249457186e-01

1.000000000000000e+00 0.000000000000000e+00
-5.717757209527358e-01 -2.168471819025841e-01
1.744888069445903e-01 6.006510912542973e-02
-1.156038228271853e-01 -4.599767708997304e-02
1.337957009027928e+01 3.153196736034692e+00
-7.995565572039529e-01 3.825841650052149e+00
9.148443310355819e-02 -2.656488905904213e-02
3.111964962650832e-01 1.991109622240869e-02
1.085226399105028e-01 -3.931393200110739e-04
-6.541286873008424e+00 -6.653473043649908e+00

1.000000000000000e+00 0.000000000000000e+00
-3.312927604266869e-01 -5.217041512892931e-01
1.245949777902082e-01 1.804445957646794e-01
-1.620420932326281e-01 -3.945104727595976e-01
1.608367278329126e+00 5.686999401474713e+00
5.225838045600236e-01 -5.236003643444265e-01
4.313745239663294e-02 -2.224561745550467e-01
1.412979599265195e-01 -7.587144829833461e-01
8.379581917041787e-02 4.945083872331062e-02
-1.465962004404233e-01 -2.392257102527221e+00

-6.166946188657078e-01 8.369500144595259e-02
-4.515262845142776e-01 -6.271795216939937e-01
-6.811619785490993e-01 -4.691517289142164e-01
1.000000000000000e+00 0.000000000000000e+00
-1.190737445145425e+00 -4.768601198308717e-01
8.288643839941332e-01 -1.361984211963305e-01
-3.666943358369472e-01 4.106817853597686e-01
-5.256932917563896e-01 5.777965161197421e-01
-6.412226118967472e-02 8.730758615413514e-02
1.271798478306080e+00 4.269787622075298e-01

1.000000000000000e+00 0.000000000000000e+00
1.643547754025069e-01 7.912662063496020e-02
-4.792777533387250e-01 -5.206537148228144e-01
4.902031508556453e-01 1.850627357860770e-01
-1.341943274559334e+00 8.742123957748717e+00
-2.000315085135025e+00 -2.000723746192965e+00
5.468690021685802e-02 -6.833539002959305e-02
-1.577862191395792e-01 8.651632742148510e-01
1.779444022153778e-01 1.519603614335381e+00
3.926034831970354e+00 -4.430016494513709e+00

-4.276437911317472e-01 5.627550826235053e-02
-5.402698390926760e-03 7.873126578995112e-03
-2.281535715840304e-01 -3.351809707378974e-01
1.000000000000000e+00 0.000000000000000e+00
-1.104406360526991e+00 -5.082176693898390e-01
-4.074218037327479e-01 1.069604077420969e+00
-5.337000536891829e+00 -1.075552963159808e+00
5.306517461112753e+00 2.843385901021351e+00
2.984850227377107e+00 2.893398536660985e-02
4.077282362615223e-01 3.813084097877145e-02

9.011285632120393e-02 -1.283268276096976e-01
1.084834386414973e-01 -2.574675345851668e-02
1.000000000000000e+00 0.000000000000000e+00
-4.183286340882210e-01 -3.395849160564827e-01
-2.182962016017338e-01 2.594269366652387e-01
6.206896416087393e-01 8.246170995195363e-01
-1.564111130078468e-01 8.757522620110290e-02
-9.082634395656562e-02 7.654763810696796e-02
1.039568684939332e+00 -1.794149456248605e-01
-1.366213171805634e-01 -2.232547060179293e-03

8.740818291130797e-02 -1.292837701398935e-01
-8.464826671901508e-02 -1.269833588172020e-01
1.000000000000000e+00 0.000000000000000e+00
-4.167568393183324e-01 -3.464241541904222e-01
-2.239195729559093e-01 2.518000887248266e-01
4.497097244302957e-01 6.879782138629490e-01
-1.017573388189089e-01 7.486619152453064e-02
-1.362757826824887e-01 6.949670450465442e-02
1.110662263997615e+00 4.199202231352908e-02
-1.348511065305931e-01 -1.835187841683107e-04

0.100000000000000000000000000000e1 0.000000000000000000000000000000e0
0.183419490510288529381509259811e0 0.311755882786775971339756749111e0
0.217984699924373137466989146293e0 -0.784191276335421274975961558324e-1
-0.185163832537783009050837299504e0 0.320040906974275007272339652382e-1
0.313507057629051177886188251227e1 0.950003029301621845192230680432e1
-0.107307987733140138833009150512e1 0.922897433012802174016090746950e0
-0.870086191621385419441605752128e-2 -0.588670301608256874537016173038e-1
-0.612505851042219618126722655281e-1 0.393056274238695548492497548147e0
0.110728943384534887528970022336e0 -0.964070071860142451940457051101e0
0.143967696248404801330148166828e1 -0.603363374657309579622365362397e1

1.000000000000000e+00 0.000000000000000e+00
2.394573932706713e-01 3.582970794220324e-01
1.077902202101383e-01 5.940056055486760e-01
-6.176466338393213e-01 -4.410062381219275e-01
7.847916634111992e-01 3.288396670430064e-01
-5.265422650718141e-02 2.652335519109109e-01
4.633541263093275e-01 -3.341175618695679e-01
-3.056384099894358e+00 1.393576857599057e+00
-3.003911092639217e-01 -5.496148941303575e-01
2.102367912924542e+00 -2.999478156001090e-02

-3.488209556511875e-01 8.497597243709427e-02
-2.725732515453968e-01 5.223564467738455e-02
-7.532158202913977e-01 -1.561629664103067e-01
1.000000000000000e+00 0.000000000000000e+00
5.625735514932336e-01 3.417115284443407e+00
1.219874548219066e-01 9.337103182243305e-02
-3.033846162474147e-01 -5.910701040615908e-01
-6.182271582578872e-01 -2.651633061221845e-01
1.182474006733497e+00 -5.845003250030031e-01
5.597104028164337e-01 -4.370827143525779e-01

1.505159124314244e-01 -5.294503930525185e-01
1.000000000000000e+00 0.000000000000000e+00
6.473131312369292e-01 2.433183984791464e-01
-7.593545917085220e-02 -8.369494316058895e-01
-2.964707563986558e-01 7.554486438468115e-01
1.800265176827157e+00 -1.195521136687809e-01
1.648460853582510e-01 1.851011471008245e-01
-1.777873353899302e-01 -4.305643974409551e-01
-2.300344635939769e-01 -6.457216521205578e-02
-3.533271109964859e-01 1.256676276254918e-01

-1.932311476213995e-01 -1.207647706642174e-01
2.124602527775979e-02 -3.263687228499555e-02
-3.021759432142541e-01 -1.608754811225477e-01
1.000000000000000e+00 0.000000000000000e+00
2.247418347283033e-01 9.932774047792761e-02
-1.537656296859602e-02 -7.871234943551884e-01
2.471232816697935e+00 -7.281717385581521e-01
-3.479349244211675e+00 5.850998854363042e-01
3.867489025571430e-02 1.726925316028816e+00
1.924594905134449e-01 1.174948417219344e-01

8.542569504323527e-02 -1.674264681240111e-01
1.645212741658263e-01 7.096414913265305e-02
1.000000000000000e+00 0.000000000000000e+00
-4.017986606601472e-01 -3.719855387439102e-01
-1.922149858787918e-01 3.073789685786271e-01
2.283741498090279e+00 -2.180383576147654e-01
4.362881421911061e-02 -1.741791478394347e-01
-2.848738097475927e-01 4.467815698417397e-01
-9.675971532340021e-01 -8.534227444394767e-02
-1.554585753515422e-01 1.890513371516012e-02

1.207645781789691e-01 -7.393204351852183e-01
1.884779280843981e-01 -3.196113718637402e-01
1.000000000000000e+00 0.000000000000000e+00
-9.259341148412015e-01 -8.837919138577843e-02
2.457606402194192e+00 5.883612368942144e-01
1.243118282539839e+00 9.621635748687711e-01
1.994058005740335e-01 -4.854258094821302e-02
-1.010839586452022e+00 -2.264183127721633e-01
-1.101318704902099e-03 -7.197171100614518e-01
-1.111771187822229e+00 -3.900542985687252e-01

1.000000000000000e+00 0.000000000000000e+00
-3.983449323375690e-02 2.828840787624491e-01
4.526483368303532e-01 5.508428524401915e-02
-6.045013787354141e-01 3.968464762443160e-01
1.219695390497631e+00 -1.216311462750158e+00
1.302766073755531e-01 1.589811565895752e-01
3.701521552034849e-01 2.181813506069460e-01
-3.182762715380047e+00 3.900567790016862e-02
8.622389115225146e-02 -6.375777302052966e-01
1.219427924201420e+00 1.486546181305612e+00

-1.610052382399453e-01 -3.767053614750921e-01
1.000000000000000e+00 0.000000000000000e+00
-6.331210749876343e-02 -5.841245567586055e-01
-3.910101695153384e-01 -2.985372653742615e-01
-8.824836592102656e-01 3.307639590563807e-01
1.809859874857161e+00 1.704956347395398e-01
4.628473064414455e-01 2.129454620828485e-01
-1.883567657277625e-01 -7.591364586288320e-02
-1.879977842512719e-01 7.664057201758395e-02
-2.758312385476319e-01 -6.823650006984815e-02

2.177421955660919e-01 -4.563778923880876e-01
1.000000000000000e+00 0.000000000000000e+00
5.072229103747667e-01 -2.018001736787596e-01
1.910506767839018e-01 4.138291606064994e-01
-1.584543872082595e+00 -1.673771398825999e+00
1.935245353519345e+00 5.989859635567439e-01
9.789986781878379e-02 3.496483399807584e-01
7.229370597838145e-02 4.806509210198432e-01
-4.703991145053082e-02 3.232097256531136e-02
-1.590446207422171e-01 6.171370792295753e-01

-3.024059187921317e-01 7.765047079051290e-01
2.539084094391284e-02 1.724673470341171e-01
-1.538970911096677e-01 -5.869142095844303e-01
1.000000000000000e+00 0.000000000000000e+00
-3.680585481233035e+00 6.556062081672094e-01
1.877509522130543e+00 -6.691087845734844e-01
4.577662994773909e-02 -3.404348080297795e-01
1.308248412469802e+00 1.246737258335844e+00
-1.189337800942794e-01 1.291525983644632e+00
5.560294888708860e-01 -4.527080080974152e-01

-6.600812371434670e-01 -4.438222532937024e-01
1.000000000000000e+00 0.000000000000000e+00
2.639248968325019e-01 -4.140411716519218e-01
1.872182040557883e-01 6.033936275928931e-01
-2.705943803277501e-01 2.828284719193903e-01
-4.365502379485466e-01 2.917757863336441e-01
-1.755644737581647e+00 -1.715655210390645e+00
-2.166086353358465e-02 3.164324263199206e+00
1.154335120464506e+00 1.453378887111283e-01
1.733607153442613e+00 -6.633132603267594e-02

1.000000000000000e+00 0.000000000000000e+00
-1.340282559549254e-01 1.088036493750562e-01
5.367322295996469e-02 -6.598554103945903e-02
-4.361149997717835e-01 1.357588011017757e-01
-4.937334245152182e+00 4.184190265427944e+00
3.369985373646440e+00 -1.094852201612765e+00
-1.315513802979079e-01 -3.908011852255226e-02
1.243452561273953e+00 -7.218975825326163e-01
-5.654287142593257e-01 -9.543406361701031e-01
1.638028382576556e+00 1.589269254510473e-01

-6.858113232164625e-01 -1.488495389540852e-01
-2.518856677367536e-01 -1.748573213640456e-01
-6.847671447324563e-01 -4.231944736538020e-01
1.000000000000000e+00 0.000000000000000e+00
7.128923478928089e-01 1.219905690627811e+00
2.190781297582041e-02 1.383179586926607e-01
-3.679112176358221e-01 -8.390258928833051e-01
-1.948886769132215e+00 5.907103984498003e-01
8.691910183359521e-01 -8.402055694880967e-01
1.317971149839249e+00 7.969392899185027e-01

5.358325472024276e-01 -7.109388474451156e-01
1.000000000000000e+00 0.000000000000000e+00
5.104258469789510e-02 -3.397751743770336e-01
-2.858523622622303e-01 3.379780056111150e-01
-8.106363101136325e-01 3.367184872947274e+00
6.758216141409807e-01 -3.518664277633775e-01
3.910048420180334e-02 2.061566883018413e-01
-7.403516434920285e-02 -1.172766710825136e-01
6.894978316205133e-02 7.732024033121284e-03
1.098868043480184e+00 -1.297806809272839e+00

-4.050895190881674e-01 2.463971323201685e-01
-1.834545822169323e-01 -1.032943124939499e-01
-5.704178551488858e-01 -3.107907004678103e-01
1.000000000000000e+00 0.000000000000000e+00
4.851366011487053e-01 -7.335577247851757e-01
1.333692807333428e-01 -4.262573180152172e-02
-3.210497180603530e-01 3.980848333008833e-01
-6.695210032899979e-01 9.046517508455048e-01
-1.137301190241756e-01 7.143189693627592e-01
6.864238836171292e-01 -3.330282175628635e-01

-1.205298667557319e-01 -1.516057581111032e-01
2.276591492939647e-02 1.791870602942590e-01
-2.411457474076205e-01 -2.022911334820153e-01
1.000000000000000e+00 0.000000000000000e+00
-2.037188865578747e-01 2.080712783975603e-01
3.314962757581842e-02 3.166882037303312e-02
-1.106474849075836e+00 3.610532764476493e-01
8.008412387315288e-01 -6.922489402395333e-02
1.212036075040044e+00 4.960719238865101e-01
1.037293707360918e-01 1.484282264675455e-01

-1.322317916399839e-01 -1.109458495966902e-01
2.271314828037626e-01 1.632682061539364e-01
-3.315968995109236e-01 -1.722953111945588e-01
1.000000000000000e+00 0.000000000000000e+00
2.438508036390527e-01 -2.123190214918647e-01
3.796021282385707e-03 4.102499635097485e-02
-4.892316036091021e-01 1.033157725837512e+00
-1.502095592095157e-02 -6.551363447300114e-01
7.505548774279255e-01 4.760240686645987e-01
1.374371497410614e-01 1.131262303832050e-01

-1.728457075527424e-01 -2.033608678473348e-02
-2.810505178202331e-02 1.202645234848400e-01
-7.769249901820477e-01 -1.185480942139081e-01
1.000000000000000e+00 0.000000000000000e+00
-8.766100156456335e-01 1.723004958799145e+00
5.629281965781416e-02 4.767929017097649e-02
-1.440473068934865e-01 -3.674586504081241e-02
8.503006924387797e-02 -2.862345702067312e-01
1.463755929955522e+00 3.497052884489703e-01
3.062672304438807e-01 -1.352190226895901e-01

8.805224666189256e-02 -1.323601796480160e-01
-4.750667215544702e-02 1.062458959577675e-01
1.000000000000000e+00 0.000000000000000e+00
-4.132463116266410e-01 -3.441193168740151e-01
-2.134010372765718e-01 2.470040613279404e-01
6.078442440340674e-01 4.836524232330447e-01
-1.300231021016205e-01 4.390230855162434e-02
-9.845264080397731e-02 1.258687941706986e-01
8.688174140171148e-01 1.419208852660777e-01
-1.373888097349906e-01 1.563842780536805e-03

-1.802175967563627e-01 -1.230963713303147e-01
2.817298985825374e-01 1.712651490558020e-01
-4.088398513177796e-01 -3.431011405322090e-01
1.000000000000000e+00 0.000000000000000e+00
4.655967749563319e-01 -5.530299727716571e-02
3.992965604494027e-03 6.633949842128549e-02
-3.379884814025048e-01 5.494327566588861e-01
-4.575305668480767e-01 -2.911072960786426e-01
7.638450900394311e-01 3.774361353637026e-01
1.846456338801589e-01 1.917911227460563e-01

-5.701984678592936e-01 3.423827468374782e-01
-2.779759779446178e-01 3.276971927655083e-01
-8.294037017171716e-01 -5.029621355180941e-01
1.000000000000000e+00 0.000000000000000e+00
-1.469647270351659e+00 1.180730242511629e+00
7.723186941743320e-01 -1.009126824005601e-01
-8.755288423241585e-01 6.381361105370662e-01
-4.887133442225708e-01 7.479722379516296e-02
2.852935850545246e-02 -9.755101632388015e-01
2.290805243510206e+00 3.573374076111080e-01

1.000000000000000e+00 0.000000000000000e+00
6.408699634722113e-01 3.497355758651637e-01
3.755542361400373e-01 4.914243989109631e-01
-7.582173341435615e-01 -1.866452870174257e-01
7.895113377565072e-03 5.691111440740850e-01
-1.027327623923302e-01 8.373255794950037e-02
-1.113992778802765e+00 -1.397884512076554e+00
-1.509168619313116e+00 2.298914157345093e+00
6.187415869959290e-01 -6.257274871244384e-01
2.246460034703407e+00 6.019809864813364e-01

-6.702490381933598e-01 -3.454831573020518e-01
1.000000000000000e+00 0.000000000000000e+00
-5.537402236212237e-01 -2.192532976025064e-01
7.623631024666508e-01 -9.435781642608293e-02
-1.998184000394618e+00 -6.661859998551921e-01
1.117263590409358e+00 -2.677258985350032e-01
-3.598799187785310e-01 5.272553051569721e-01
-7.542568204857570e-01 -1.154949935044867e-01
2.275651015152444e-01 -3.688963625350233e-01
1.487037974771706e+00 1.489111121356876e+00

-4.124921096374339e-01 -2.178637877757020e-01
5.024113711966536e-01 -6.108947413495897e-02
-4.710261503335196e-01 -3.618036548742581e-02
1.000000000000000e+00 0.000000000000000e+00
4.320767131962860e-01 -1.051987688908463e-01
6.986393736316088e-02 -4.378508244550974e-01
-9.150258812825595e-01 1.425717825133018e+00
1.694138179667704e-01 -8.749341236242121e-01
2.343079302333593e-01 4.777362302396165e-01
5.125408565348353e-01 1.137635242948144e-01

-1.157525917280813e-16 5.659822758942049e-19
1.000000000000000e+00 0.000000000000000e+00
1.414955689735512e-19 2.893814793202034e-17
-2.310806967492420e-16 8.794640834784944e-17
2.550651071083076e-16 6.663578724705978e-17
-3.368986545654120e-01 -3.294227297975389e-01
-1.517424539970357e+00 1.483752242536051e+00
1.332715744941196e-16 -5.101302142166150e-16
1.332715744941196e-16 -5.101302142166150e-16
2.017732619365387e+00 -1.214781095525077e-01

-6.583361427412685e-01 -1.246384792547607e-01
1.253323411430504e-01 8.545910552516518e-02
8.714430643833547e-01 -3.738856685091510e-01
1.000000000000000e+00 0.000000000000000e+00
-3.564730688187916e+00 5.067834662084632e-01
3.920124463018851e+00 -6.769475555800673e-01
6.370662150196305e-01 2.777142293368389e-01
6.504158796111912e-01 1.363969950388949e-01
-1.735242173056373e+00 3.148343296026346e-02
2.385732125566115e-01 1.287375922298181e-01

-0.948500693151555883701e0 0.294741185885585774574e0
0.100000000000000000000e1 0.000000000000000000000e0
0.767091934123559872816e-1 -0.253105957177523005990e0
0.419570195524161253524e0 0.310235655157895417083e-1
-0.875887793368950525014e-1 0.582435014736389015838e-1
0.168195518813752699469e0 -0.734560216011509199149e-1
0.523173991505913755107e1 0.374856277760626524736e1
-0.664111580475770671428e1 -0.412309432051997645351e1
-0.133301036680518799737e1 -0.111295110803358734671e0
0.152238345035702807328e1 0.181454438570154416696e0

-4.294523225679244e-01 8.753747786090643e-02
-2.007152679527490e-01 -1.444384375603059e-01
-2.979277047808918e-01 -9.745223180013335e-02
1.000000000000000e+00 0.000000000000000e+00
1.194744221975582e-01 -2.382763757377536e-01
9.021771632831294e-02 -2.499453774859062e-02
4.816139528723561e-01 2.624657096461892e+00
-8.049154135357456e-01 -2.216037400858841e+00
7.110189638734497e-02 3.406733955278449e-01
4.021819303216136e-01 -1.172739438280050e-01

1.000000000000000e+00 0.000000000000000e+00
-2.602253037260736e-01 7.267904685472217e-01
7.424254526764271e-01 6.010202748479651e-01
-5.317373440698259e-01 -3.159953844138654e-01
2.801717602653213e+00 -1.556263558366580e+00
9.586584066418400e-01 6.622367409389759e-01
-2.427371568363242e-01 2.777799816732884e-01
2.542065856135858e-01 9.003246992656153e-02
6.868243271238356e-02 8.589855196026328e-01
-2.306509344592708e+00 -4.412183877853633e-01

5.446634444312428e-01 1.148496455236650e-01
1.000000000000000e+00 0.000000000000000e+00
5.685010093789566e-02 1.541738960575787e-01
-2.710934228333924e-01 -1.135932139021648e-01
-5.368497508290004e-01 3.370590222155522e-01
-7.973647419816768e-02 -1.499740909229419e-01
-8.322099008422859e-01 1.280948042370508e+00
-8.384865221906469e-01 -2.562663694745463e-01
1.245847828341658e-01 -4.671586902968567e-01
2.213905722834649e+00 2.702998775084158e-01

-3.779568439976982e-02 -5.456096529902742e-01
1.000000000000000e+00 0.000000000000000e+00
1.862655263197653e-01 -1.971398914355924e-01
-8.959709540479824e-02 4.514656759896494e-01
2.400133036758950e-02 -3.842371085638765e-01
-1.771343849570626e-01 -7.982117775607578e-02
-1.588375602340882e+00 1.696478301125758e-01
1.203068662645538e-01 1.560612140180454e+00
1.788994239313800e-01 2.893404317632501e-01
1.656084024215983e+00 -2.240726754103318e-01

0.100000000000000000000000000000e1 0.000000000000000000000000000000e0
-0.605831484733991052868653015523e-1 0.648782980626289864148672096749e0
0.900136209877600015644589831765e-2 0.294369036790145713686923981732e0
-0.644352924106030271782346651551e-1 -0.165263542165181453144108660623e0
-0.270458238582115444189761290993e1 -0.118578618917513320336857265038e2
0.480608210499680709580887598082e1 0.144189243470569499573127720723e-1
-0.121305430450312630585116661636e0 -0.746984768696806615473231093078e-1
-0.437589188324948583601649829440e-2 0.539689004266574070525598513428e-1
-0.131320185851521086836296593387e0 0.106753355664415521979792376694e1
-0.357569006701169531231757624903e1 0.716125708728717419346221548297e1

-1.130766454102168e-01 -7.263657093867260e-01
1.000000000000000e+00 0.000000000000000e+00
-4.187074324657029e-02 -1.801978530734117e-01
-1.641802810305965e-01 1.636358085548212e-01
9.419393922862579e-01 2.998440554979173e+00
4.888284837588175e-01 -1.723567016994322e-01
2.705974016142338e-01 2.049510890178139e-01
1.061366649981479e-02 -1.702424129859315e-01
-3.249799612897181e-02 5.981418243450469e-01
-1.894842607652047e-01 -1.929734351863504e+00

-7.962294569168916e-01 1.354306650794432e-01
-6.926142813600153e-01 -6.830059942256139e-01
-2.901788033786918e-01 -8.764777805457841e-03
1.000000000000000e+00 0.000000000000000e+00
-6.386054877835057e-03 -1.080353524777260e-01
2.951021444556966e-02 -4.877073758096874e-02
1.817769620458805e-01 4.029245364530856e+00
-3.137648701623012e-01 -3.516423747754103e+00
-1.208313425163904e-01 2.299474946001983e-02
6.875445579160820e-01 -2.451238590034866e-01

-5.351617477661116e-01 8.573067799487616e-02
5.665672229727305e-02 -5.242874508401619e-01
-5.528734708072693e-01 -3.247174878855574e-01
1.000000000000000e+00 0.000000000000000e+00
-1.037179402071160e-01 -9.055412886225805e-01
2.046973475270037e-01 8.276820673275356e-03
-7.291386267607332e-01 1.661336170420864e-01
-2.372339712216887e-01 1.185679212808040e+00
1.728387374840855e-01 6.036603895611232e-01
8.469628924171668e-01 -2.394703349114713e-02

-2.226606776660911e-01 -9.160067132003412e-02
3.329162496785959e-01 3.839338329749235e-01
-6.418926745065194e-01 -4.393263973711297e-01
1.000000000000000e+00 0.000000000000000e+00
1.047763169775728e-01 3.317524134569928e-01
1.101937276280547e-01 8.157012883889270e-02
-4.275373489940790e-01 -1.886935497085259e-01
-4.724389584273156e-01 3.086029642730193e-01
9.839137012274124e-01 2.468525165759760e-01
3.406210699024679e-01 3.248573718343791e-01

-4.281650403413362e-01 8.981558020345120e-01
-8.513784851690348e-01 4.688240495003983e-02
-4.520024129169042e-01 -2.108060308050704e-02
1.000000000000000e+00 0.000000000000000e+00
8.650710442452893e-02 2.343763072186189e-01
4.303794894164769e-02 -1.223295816266053e-02
1.464983515844269e+00 3.952334287699695e+00
-9.709740116981870e-01 -3.450668682695229e+00
-4.055629809059045e-01 6.790976795962471e-01
1.883002745202377e-01 -1.065104423566696e+00

4.612018926332754e-01 -2.148349608531894e-02
1.000000000000000e+00 0.000000000000000e+00
2.143361862320836e-01 3.646904192895322e-01
8.395810567089630e-01 -3.241484202917537e-01
-8.691168919891037e-01 8.556824353666614e-01
1.562140018956951e+00 -1.438618286456678e-01
3.666809090939138e-01 -3.703766716037378e-01
-1.764045427437758e-01 2.096771709851617e-01
1.201982561107314e-01 3.548183217743394e-01
-2.781723550277050e-01 4.868295660712937e-03

-5.808917950143682e-01 -2.527938007750197e-01
-9.195572313496182e-02 -4.187513482839660e-01
-5.954187393966700e-01 -3.735968027722501e-01
1.000000000000000e+00 0.000000000000000e+00
5.361568191371306e-01 1.050843137763587e-01
3.490873172120967e-01 -2.755084252164498e-01
1.026316521730789e+00 -1.759862502679779e-01
-2.842537244628361e+00 1.811197893313876e-01
-4.212792081136152e-02 1.113223664285769e-01
8.903139598594696e-01 6.485195491589233e-01

0.100000000000000000000e1 0.000000000000000000000e0
-0.302159845954349553116e0 -0.335525407229950495643e0
0.766395639802121452150e-1 0.776842075152213760493e0
0.452929204372670110096e0 -0.753651390450862904320e0
0.125351303757578572134e0 0.509622900846326076319e0
0.633901374644790597201e0 0.135631697951236487941e1
0.487133020137287976585e0 -0.134590524130900276046e1
-0.653371691648919187580e0 0.108691725646438955332e1
0.163695058640257973823e1 -0.977627490907173147481e-1
-0.864935533155114309462e0 -0.104917543025785501003e0

-7.687857631871206e-02 -5.048889279782947e-01
1.000000000000000e+00 0.000000000000000e+00
1.869644886274147e-02 -5.321749834455402e-01
-3.650896870406747e-01 -2.443753658575340e-01
-6.039639163637786e-01 2.729744135102076e-01
1.571583829711614e+00 4.981982176550167e-01
4.339837271962818e-01 1.962768009247936e-01
-2.202886516360434e-01 -1.798722371811148e-02
8.518452616171684e-02 -4.190883748836234e-02
-3.645196058490890e-01 -1.756192777267000e-01

2.344118347264907e-01 -4.684796213092599e-01
1.000000000000000e+00 0.000000000000000e+00
3.254892600548337e-02 3.952874929852070e-01
3.894099998921476e-01 -5.070378580200419e-01
-9.396099591487903e-02 5.890383830010826e-01
1.569722771654161e+00 -1.639350494858234e-01
8.014665934829000e-02 1.787845817416753e-01
-3.029475100379156e-01 -6.384282636495000e-01
4.735991824839319e-02 -5.631659647311064e-02
-4.201495346796442e-01 4.559540617808386e-01

1.000000000000000e+00 0.000000000000000e+00
2.525815173301196e-01 3.021266791790150e-01
-3.711153566187537e-01 3.687990543883182e-02
7.869013030970519e-01 -8.155854309936034e-02
3.090566313987158e+00 -9.952195947899918e-01
-7.864992962400429e-02 -2.390955917309706e-01
6.983723884939494e-02 1.779873559787513e-01
-1.231334890954184e+00 -3.662289915184027e-01
3.460374937309628e-01 1.122879138709763e+00
-1.354272096821927e+00 2.808402768611848e-01

-2.031722871589778e-01 -1.908756739490224e-01
-2.091208148866573e-02 1.838984679057800e-02
-2.759402346598123e-01 -2.261240294686560e-01
1.000000000000000e+00 0.000000000000000e+00
5.386932180208470e-02 1.825755690188011e-01
-6.116365972747981e-01 4.582359647180003e-01
-4.451775820313483e+00 -7.672294083071620e-01
3.958150792081836e+00 1.685049364456992e+00
2.628479501444550e+00 1.777359974749524e-01
1.841518754340397e-01 2.026665319019206e-01

-2.490097441579458e-01 -5.919168305528712e-02
8.654765997467458e-02 3.689585512667889e-02
-2.758520368681831e-01 -2.168074382149978e-01
1.000000000000000e+00 0.000000000000000e+00
2.465646409167601e-01 1.023263571095513e-01
3.397178570775858e-01 -5.980831917708980e-02
5.726844505062711e-01 2.659555507761620e+00
-9.187700609138312e-01 -2.663828073626704e+00
3.998516767799123e-02 6.316787886648662e-02
2.393562333375916e-01 7.430345268707164e-02

-5.117364579463003e-01 2.439755709653138e-01
-1.625111629142503e-01 -1.278591707651352e-01
-6.228526025243348e-01 -3.807449447025090e-01
1.000000000000000e+00 0.000000000000000e+00
6.419019337691141e-01 -4.805708194459183e-01
2.012994212090759e-01 2.115662628066836e-01
-1.352588455071775e+00 1.152544642317611e-01
-2.380136935286281e-02 1.336792869642916e+00
5.771721188112848e-02 3.963881288918958e-02
1.027619175537580e+00 -2.258287717346357e-01

-5.869829232155175e-01 -2.281326095908947e-01
2.322558597648561e-01 -4.230583223549228e-01
-5.270296584409632e-01 -1.794821958290284e-01
1.000000000000000e+00 0.000000000000000e+00
3.683043734419428e-01 3.286340126287555e-01
2.937870369920632e-01 -3.756251924424320e-01
-7.850438340955250e-01 1.151287481035098e+00
-2.797219829920760e-01 -7.409868593280415e-01
8.928694524880074e-02 2.163547210668485e-02
8.318187721354239e-01 2.182411217404865e-01

2.343035274129593e-01 -2.350517340998621e-01
1.000000000000000e+00 0.000000000000000e+00
2.418513275766039e-01 1.776929463075480e-02
-1.859892596735975e-01 -4.523885081131749e-01
-4.385853048586498e-01 1.686059142244586e+00
1.727908473484400e+00 -1.452641267097479e-01
1.727402828069769e-01 -1.315785781138282e-01
5.690413533929067e-02 -2.702680841904203e-01
-4.999825216464129e-02 -1.945575391338770e-02
-3.390334403042620e-01 -2.805281502666141e-01

3.253685702690068e-01 -3.824446970555310e-01
5.257943618231671e-01 -4.141424590104534e-01
1.000000000000000e+00 0.000000000000000e+00
-2.329038128897168e-01 -8.460120502782642e-01
-4.738933003899476e-01 6.531745486897846e-01
1.741197338753859e+00 1.260582957182922e-01
1.869070698955767e-01 -3.336037192430070e-01
-2.167019723048793e-01 3.629378320518035e-01
-9.931576658210704e-02 -2.099416060760240e-02
-2.568049372820716e-01 -4.837750816480794e-02

1.000000000000000e+00 0.000000000000000e+00
-3.707710963034630e-02 3.909243264516826e-01
7.942736871259562e-02 4.733796454672382e-03
-1.471847104589290e-01 6.502073776780914e-02
-1.322057957936238e+01 3.907319312348151e+00
3.230920735617883e+00 -3.227745967284204e+00
-4.549476303548293e-02 1.764568206745297e-02
2.429016643334024e-01 -1.311600445184035e-01
-1.729728053160866e-01 -8.733793752379422e-01
6.936046183127641e+00 3.177930442893588e+00

-0.552592195520551986098e-3 -0.106691792749106102460e-3
0.100000000000000000000e1 0.000000000000000000000e0
0.107688699346344309250e-4 -0.720085297579608291773e-4
-0.144312129548021504234e-3 0.105710045948966314980e-3
0.136177517012557856596e1 0.133792713008955452671e1
0.128244008788976741442e1 0.115698482536800361612e1
0.391654266306244752303e0 -0.374939306694663415821e0
0.399283480996593489754e0 -0.376431402385216242390e0
0.981000742754337664068e0 -0.937253024059952495318e-2
-0.216400648794435537261e1 -0.906580071021580807160e0

5.607699140012450e-01 6.558997653217996e-01
1.000000000000000e+00 0.000000000000000e+00
1.866478786685993e-01 7.059332646925293e-01
2.207003278916847e-03 -9.078026870575059e-01
8.845924801005967e-01 3.253728461857707e+00
9.728859708226042e-01 4.588195362636872e-01
-3.530390236536273e-01 -2.685972392078222e-01
-1.671543995600405e-04 -2.155775703741170e-01
4.264527932731343e-01 -8.372858399249129e-01
1.513806934774486e-02 -1.074145738693236e+00

5.028536950302054e-01 1.739687815196525e-01
1.000000000000000e+00 0.000000000000000e+00
1.087703535022466e-01 1.062795785471209e-01
-6.970945935789175e-02 -1.113383057154097e-01
5.679659539001784e+00 4.396858309503341e+00
-3.939213154994022e-02 1.680257006812460e+00
-7.629085640304270e-02 -1.191212313658139e-01
5.445520707772727e-02 -5.404514391975106e-02
2.260245472147801e-01 -5.173846915146183e-01
-2.017081035630027e+00 -3.968238871894504e+00

1.000000000000000e+00 0.000000000000000e+00
-7.837064637636720e-01 -1.053328533820115e-01
-7.810066981958925e-01 -8.630518554338668e-02
-3.449939915377510e-01 3.018152013110242e-01
-2.393059539018298e+00 7.539022043289906e-01
3.118043763755281e+00 -6.513116462812785e-01
7.118471665069274e-01 3.227416070388419e-01
-3.444006769578724e-01 -1.088686531584117e-01
-1.500783609686780e+00 -1.882373876914099e-01
5.609815026278269e-01 2.354969736454442e-01

-3.276016676503479e-01 -7.724369312352311e-01
8.233754677897787e-02 -1.653450039340955e-01
1.000000000000000e+00 0.000000000000000e+00
-7.166892127029381e-01 5.998280122119852e-01
-5.850043266977424e-01 2.484682357106148e-01
1.335868672240481e+00 5.330719427754264e-01
8.775775962620247e-03 1.824381273748689e+00
-1.387092521241003e+00 -5.968881120042735e-01
-1.084722750125433e+00 -1.482761390221647e+00
2.037512135662344e+00 -1.213881708082521e-01

7.221169356383350e-01 -6.894608063174321e-02
-1.777928541360028e-01 4.784959341359253e-01
1.000000000000000e+00 0.000000000000000e+00
-7.575130634958580e-01 -5.913701449006620e-02
1.231645508720639e+00 1.160891184850640e+00
3.961816616589491e-01 -1.821667462141238e-01
6.768589985210577e-02 7.688610417581854e-01
-9.787670539529911e-02 -4.539713603884425e-01
-1.023541928068858e-01 7.856861044922980e-01
-3.903289985801671e-01 -1.176625187140118e+00

1.000000000000000e+00 0.000000000000000e+00
2.392280995571276e-01 3.121088155725736e-01
-8.647672906984769e-02 -2.754614581425002e-02
1.241430317534499e-02 -2.861047450426681e-01
-8.736774233827880e-01 2.375708958757311e+00
3.088580602719119e-01 1.774702021350634e-01
1.368677305260674e-01 -2.013698401437363e-01
7.242586347084456e-01 1.313521070673470e+00
3.012650090504481e-01 1.080038022081355e+00
4.411551908057809e-01 -2.354119042327582e+00

2.175475968266596e-01 -4.219480057845561e-01
9.126275307169435e-02 -2.355171458550599e-02
1.000000000000000e+00 0.000000000000000e+00
-9.326816408735515e-01 1.942303207845074e-01
2.562862228666944e+00 5.409660815652619e-01
1.802502098830468e-01 -1.300297312607512e-02
-6.660857768558125e-02 2.639248078868839e-01
-2.065433271915296e-01 4.615438786222966e-01
-3.052624398480960e-01 1.157759382887434e+00
-8.944422928270690e-01 -1.590702687197324e+00

-8.064762664687353e-01 2.144430722285355e-01
-6.204043522243020e-01 -4.922208646693987e-01
-2.878178658615789e-01 -2.049665021509262e-01
1.000000000000000e+00 0.000000000000000e+00
2.616575264161593e-02 2.167664135496341e-01
6.582573809479496e-02 -6.812499474757447e-02
-4.588915963717022e-02 2.682079013478139e+00
-4.422231325688460e-01 -2.189286470224987e+00
6.806235670865431e-02 2.363340342414054e-02
8.075108464818539e-01 -1.729128613469091e-01

4.661498384005102e-01 -1.278778518806436e-01
-7.027744257572757e-01 4.435198380699935e-01
1.000000000000000e+00 0.000000000000000e+00
2.454646222629994e-01 6.928504523919141e-01
-9.599028255715158e-01 -1.051503111542055e+00
1.627188827720889e+00 6.873060978925116e-01
4.926580685856038e-01 5.075154083526564e-01
-3.733688561081545e-01 1.547854175947350e-01
-4.025138506306150e-02 1.911846891839237e-02
-2.365245734544915e-01 1.767255856732969e-01

-3.993836105219564e-01 -2.082002726416564e-01
4.176276703299033e-01 -2.552637819870085e-02
-6.608505165104551e-01 -3.445950407948580e-01
1.000000000000000e+00 0.000000000000000e+00
-5.674348045296413e-01 -4.587795767267514e-01
7.777273725577334e-01 -1.165270354226567e-01
4.138363384260341e-02 1.030789777539693e+00
-8.243184951982152e-01 -5.284187153857104e-01
-3.392069172926936e-02 5.861637423690594e-02
7.446058312820745e-01 5.148115031776372e-01

-0.941443210482929287270e0 0.261651269451208656064e-1
0.100000000000000000000e1 0.000000000000000000000e0
-0.385168303792755044643e-1 0.167582128993385209731e0
0.938905360782213399253e-1 -0.328894647694344076497e0
-0.323397642962336821434e1 -0.947882740212721555217e0
0.147205586288029379078e1 -0.101322012520960678841e1
-0.306078759328454398468e0 0.196471071724868801516e0
-0.893202248567101196759e0 -0.247457780481623724859e-1
0.115394565422210070118e0 -0.782503419634564864984e-1
0.189339863978550063464e1 0.237921240487979955298e1

5.446358175162633e-01 -3.292619737501391e-01
2.262697493935024e-01 1.704063759943890e-02
1.000000000000000e+00 0.000000000000000e+00
-9.806226613074019e-01 6.060207499905543e-02
1.891250034813230e+00 2.000379915291270e+00
2.817282237934203e-01 9.062082546424105e-02
2.508930741650409e-01 -1.567958848179989e-01
-9.266091176182168e-01 3.039669888698409e-01
-3.982517483984655e-02 2.989383517293572e-01
-1.245472175182104e-01 -1.374416491038925e+00

1.000000000000000e+00 0.000000000000000e+00
7.612328523317584e-01 5.074863518924237e-01
9.057225465269600e-02 5.283337218434547e-01
-5.173792522784224e-01 -3.970779207636269e-01
-1.229854298945978e-02 2.433167150886378e-01
-8.387079145854841e-02 4.495577264917425e-02
-1.721729828382835e-01 -2.085474113913906e+00
-2.617682496383753e+00 3.746263086540245e+00
-1.173972381123661e-01 -7.002084170181409e-02
2.611393217915907e+00 -5.628664654711611e-02

3.083499623648633e-17 -6.831545711928872e-18
1.000000000000000e+00 0.000000000000000e+00
1.108763978768686e-16 4.417578665275573e-17
-4.191299788516914e-17 -7.967258036639072e-17
2.305971992358732e-17 -2.778325493862749e-16
2.039393331826372e+00 5.968808731797707e-01
4.516536680598773e-01 -1.321880539469059e-01
-1.968445520779126e-16 -1.562110646358280e-16
-1.152985996179366e-17 1.389162746931375e-16
-1.255105890964035e+00 -8.150228781846977e-02

4.205130371672462e-02 4.629078458563361e-02
1.000000000000000e+00 0.000000000000000e+00
7.422854728525248e-02 3.457563629550788e-01
-3.557012973907760e-02 -2.529426862881291e-01
3.768162268658750e-01 6.190148994852596e-01
3.651713553714740e-01 6.251022218412504e-01
-2.020465979437425e-01 -4.613791094244261e-03
-1.793419703697157e-01 5.775922116015913e-02
1.019378049661753e+00 7.618910802437928e-03
-2.255306657068072e-01 -2.002553281766922e-01

-5.336440973798275e-01 -3.717268803467265e-01
2.282982779544376e-02 -5.355854535451442e-01
-3.413531894327109e-01 -1.411568935861092e-01
1.000000000000000e+00 0.000000000000000e+00
6.310194703242551e-01 -2.921603700366115e-01
-1.692329335282508e-01 -4.986013549734952e-01
2.181577849416168e-01 8.018054864088989e-01
-1.434193314247810e+00 -4.913070903633917e-01
2.369899662443306e-01 7.475652158083894e-01
5.682804720285164e-01 3.527939702303872e-01

6.994972103778072e-01 -4.793945753668323e-01
1.000000000000000e+00 0.000000000000000e+00
7.412397219522990e-02 3.651065260015309e-01
-4.099142251052740e-01 -8.050435925405162e-02
-1.734758250473419e-01 3.141363589798205e-03
1.656863643197578e-02 4.644040957555159e-02
3.687343283308109e+00 -5.988717211710670e-01
-6.022935100760153e+00 1.135145070385309e+00
-6.382604318031828e-01 3.644518109811031e-01
1.954787218573765e+00 1.194351531558319e-01

-1.652587955389032e-01 -1.828908867517810e-01
1.064393093405379e-01 -2.514556267965661e-02
1.000000000000000e+00 0.000000000000000e+00
-5.641311414664756e-01 -4.708422207586224e-01
-1.183157525246401e-01 5.278849071114430e-01
2.685328782552429e+00 -2.355490082137655e-01
3.806421404860584e-01 5.347759209876848e-01
-6.865339195333333e-01 -5.578962494475460e-01
-1.395804603676297e+00 -5.918519623160827e-01
-9.021923981320745e-02 1.782517994458441e-01

-5.457232026044110e-02 -2.338203135769192e-01
3.768274528231134e-02 -1.996283899790689e-02
1.000000000000000e+00 0.000000000000000e+00
-7.419242643111951e-01 -2.938599066973797e-02
1.389269405785194e+00 -4.739408419759729e-01
2.572359844759343e+00 6.272205870928905e-01
7.698270771201750e-01 4.099023272433104e-01
-1.854600132618858e+00 -1.970521536703412e-01
-1.525945850943228e+00 -1.163943542190469e+00
-3.832137247630217e-01 2.136257898556020e-01

-9.088350988565866e-02 -4.136811455169085e-01
1.371252204737615e-02 -2.648164848351172e-02
1.000000000000000e+00 0.000000000000000e+00
-7.690497717920347e-01 5.009799651508364e-01
1.141843374713611e+00 -3.563552169603660e-01
1.651248804997792e+00 1.164913159696995e+00
8.624103683708133e-01 1.058902416325029e+00
-3.314910321227150e+00 1.414610329285058e-02
-1.578122155846689e+00 -2.189615433797788e+00
1.691073291435813e+00 1.122617196996118e-01

8.610999083622903e-02 2.222673799654190e-01
1.000000000000000e+00 0.000000000000000e+00
7.975339904194256e-02 7.678211509691926e-01
-6.294845862574714e-01 -6.733609564740445e-01
1.794751877905361e-01 2.290711433444774e-01
1.021488766664439e-01 2.554172502911340e-01
-5.592068733711373e-01 -7.402609029707519e-02
-3.983328038414287e-01 1.673786867903600e-01
1.102518143577937e+00 3.574396273366884e-02
3.149560107528431e-01 4.244556265158863e-01

1.880815968057273e-01 -2.906391851178448e-01
1.651582621352443e-01 9.106578167822263e-02
1.000000000000000e+00 0.000000000000000e+00
-8.741795487829433e-01 4.536907371143931e-01
-1.093734075687395e+00 2.069326238192863e+00
1.453675036187154e-01 6.834594478349001e-02
-1.027895115463829e+00 -1.557816647625977e-01
-2.766056125294587e-01 3.061329264345504e-01
1.051539262726285e+00 -8.241033577280618e-01
1.895195910814015e+00 2.366254616711246e-01

-1.898714864573238e-01 2.354330684437204e-02
2.162552753712573e-01 7.421825357563200e-02
-9.703529239112070e-01 -1.138496813536893e-01
1.000000000000000e+00 0.000000000000000e+00
9.839927149920269e-02 1.329380571641152e+00
8.767876568929679e-02 6.160657172938869e-02
-1.447265580998884e-01 -1.307220667789084e-01
-2.457011890131250e-01 1.663210800551824e-01
9.265757717937761e-01 4.282766638082940e-01
1.900441011136806e-01 -4.242879677652104e-01

4.258539968217628e-02 -1.756234330359250e-01
1.112928765326771e-02 -3.765459501368800e-03
1.000000000000000e+00 0.000000000000000e+00
-4.434185456781076e-01 -3.635554359663035e-01
-1.554520132147142e-01 3.395125483156047e-01
3.005760940309290e+00 3.421758528590588e-01
-1.736362160211312e-01 1.492096111016908e-01
-9.464779239866949e-02 1.591931255696921e-01
-1.302194720485697e+00 -1.085122600077702e+00
-1.481335906885866e-01 4.837090266223480e-02

2.988912529004275e-01 -3.120930133367121e-01
1.000000000000000e+00 0.000000000000000e+00
1.203705632044729e-01 -5.069603422747530e-02
-1.362628852058266e-01 -2.614466045872368e-02
2.472151980709115e+00 3.203469928601984e+00
7.243412240989614e-01 4.708242405656859e-01
5.491632612578974e-02 -4.670959827720862e-02
7.133010473193920e-02 -1.258745747056426e-01
-6.124499888659722e-02 -6.446557417211203e-03
-9.569712523935416e-01 -2.259202282713098e+00

0.908279997654091559729e-1 0.269166678652478884380e0
0.100000000000000000000e1 0.000000000000000000000e0
0.226616017414342880267e-1 0.574868690473326678051e-1
-0.256065490753095132995e-1 -0.484666377912356228139e-2
0.493566137266297991345e1 -0.498433621694099137029e1
0.183464704799731485852e1 0.282944754312422665265e1
0.180623356670268190417e0 0.110949153393676218811e0
0.276882672182660996958e0 0.109409813319188846205e0
0.614221819025480742990e0 0.277567525480513067383e0
-0.526697184443183973697e1 0.184220647457997301283e0

1.000000000000000e+00 0.000000000000000e+00
-1.569814621227177e-01 -6.973642035967267e-01
2.767616413520048e-02 2.268804548195369e-01
-4.044120972909762e-01 -2.072147104009437e-01
-1.131940984410118e+00 -1.436634008347257e+00
-1.138716569822473e-01 7.214913595177357e-01
-4.511375365611267e-01 4.924173246742386e-01
-9.356401197216255e-01 1.979036815631391e+00
5.762186021965694e-02 7.658537434472315e-02
2.226349009012022e+00 -3.362467460324752e-01

-6.450364477103988e-01 1.763649399579043e-01
-2.963129524913216e-01 -2.675533948279082e-01
-9.425963307071807e-01 8.764987060394375e-02
1.000000000000000e+00 0.000000000000000e+00
8.369553122090334e-01 2.011900290918987e+00
5.353464547873640e-01 -4.908228454683458e-02
-2.981022288514333e-01 3.732208710214036e-01
-1.435662327973044e-01 -2.579215443589528e-01
7.992737328626046e-02 9.136718923754256e-03
2.443301514137640e-01 -9.608643264589759e-01

-1.899737405411415e-01 1.308179703174838e-01
5.840385956620505e-03 3.400089490722812e-02
-6.295028281533319e-01 -2.236543597352647e-01
1.000000000000000e+00 0.000000000000000e+00
2.003360767582920e+00 1.120265762424832e-01
8.871202723925317e-02 -2.139860222654198e-03
-1.130020349414501e+00 4.177655463641620e-01
-3.125855211822529e-01 2.621079128009502e-01
3.640766863772263e-02 5.429509149686766e-02
2.930314036765311e-01 -2.608322291211887e-01

-0.848294387523379111906e0 0.118430196916422882711e0
0.100000000000000000000e1 0.000000000000000000000e0
0.287309731502154903964e-2 -0.238368299647361979678e-1
0.900245953631040927466e-1 -0.111248340917743256238e0
-0.517523259475758824668e1 -0.294603250167865895982e0
0.186167481394255195451e1 -0.150096748460625159429e1
-0.250847949063660954325e0 0.864369375049612061456e-1
-0.578913642943004675258e0 -0.841053426227880570422e-1
0.157298883906837291802e0 -0.656650357579683159631e-1
0.260367166612438237071e1 0.272841295984214205362e1

1.000000000000000e+00 0.000000000000000e+00
-3.915396115436209e-01 -6.032231454968252e-01
2.329182143885570e-01 2.372372350666150e-01
-6.214792704410912e-01 3.058519936777639e-02
-1.528352170354232e+00 -1.958579805861885e+00
4.592185737634234e-01 4.101510670426768e-01
-3.325010589858614e-01 4.716639943277113e-01
-9.078012831722112e-01 1.342060934003048e+00
1.083782399032609e-01 8.645266192462440e-02
1.711932796862324e+00 6.174566482111739e-01

-7.271627517155527e-02 -1.916456413729942e-01
2.625470500626842e-01 -4.569481305525371e-02
-4.550848427440304e-01 -5.460924821315363e-02
1.000000000000000e+00 0.000000000000000e+00
-1.122283365899586e-01 -1.034296635839930e+00
-2.355755058435773e-02 5.657400931717887e-02
-5.061066430588161e-01 1.094707441033888e+00
1.455961743310507e-01 -3.270557438713653e-01
7.253733995638612e-01 8.118799890924674e-01
1.287210331675785e-01 1.901772701829328e-01

3.903446866334406e-02 1.780910931223298e-01
-3.110422174172900e-01 1.240670457476907e-01
-6.052392489636939e-01 -1.506486557140727e-01
1.000000000000000e+00 0.000000000000000e+00
1.281549762089834e+00 -1.094743727151098e+00
1.854254360199567e-02 -4.266351845223330e-02
-7.279292151370691e-01 9.013640365553800e-01
7.735478541338416e-03 1.326576442963243e-01
1.123495100628139e-01 8.946915277503380e-01
-1.191671810793524e-01 -2.483871177432856e-01

5.068721080989130e-02 -6.386192539373619e-01
-5.319933155330200e-02 3.590134198722941e-02
1.000000000000000e+00 0.000000000000000e+00
-8.122106846669039e-01 5.383155542852730e-01
5.217344222672116e-01 1.452444881226578e+00
5.021866389575752e-02 1.064263664577187e+00
-1.999691305793899e+00 -9.645514497087015e-01
-5.832315178036365e-01 1.776222897522244e+00
1.009104608817121e+00 -1.958600699878447e+00
2.194066137430577e+00 2.061635752176152e-01

7.267693913460069e-01 -1.145032829145407e-01
1.000000000000000e+00 0.000000000000000e+00
7.739189985935275e-01 5.610453678278432e-01
-5.038645034305611e-01 -7.209822641701022e-01
1.011097197840589e+00 1.326359737686357e+00
7.245924801114815e-01 8.698029043614788e-01
2.969026948546073e-01 -4.929651269876059e-01
-6.888719938752854e-01 2.600608873992549e-01
7.578908465091372e-01 -2.908140712396773e-01
-5.762132602368591e-01 -5.940192267698426e-01

3.395753836541821e-03 1.577579905412370e-02
1.000000000000000e+00 0.000000000000000e+00
-1.199675613626536e-03 1.608517495238240e-03
-2.412371803983737e-03 -4.965867979132440e-03
-1.066274619434380e+00 -2.313740237819182e-01
-5.692929967730699e-01 -4.845372941479721e-01
-9.771712837595901e-01 3.672415376860008e-01
-1.037651562368321e+00 4.109762714049732e-01
9.073698112655659e-01 5.933301380615230e-02
2.312807390068773e+00 1.139747569051054e+00

-2.063988438346840e-01 -3.001419098882800e-01
9.549876180850946e-02 -2.694316066825472e-01
-5.458595865984495e-01 -6.788852796261124e-02
1.000000000000000e+00 0.000000000000000e+00
5.603131404439041e-01 4.172967857991960e-01
3.729056976921672e-01 -7.362554388595368e-01
5.412354949594651e-01 -1.199625032349797e-01
-1.677402316643399e+00 7.219469840439166e-02
-3.104375737471761e-02 7.806830454976084e-01
3.621995884384201e-01 2.893993148923708e-01

1.461512678262151e-01 -5.293025496838223e-01
-2.264173736176254e-01 -5.386247650053490e-02
1.000000000000000e+00 0.000000000000000e+00
-8.375602439315530e-01 4.855108027714435e-01
-1.545091666226463e+00 2.161752080572654e+00
3.574638489607597e-01 -1.960804003304015e-02
-9.123218840838860e-01 1.100932144487675e-01
-6.608312106584007e-01 2.095792939864453e-01
6.529406129939683e-01 -1.179289041673401e+00
2.541208618668588e+00 3.494247575850227e-01

5.024935434611071e-02 -1.585785211226994e-01
2.919178042369980e-03 -2.644384429031001e-02
1.000000000000000e+00 0.000000000000000e+00
-4.276100430383917e-01 -4.004879412303852e-01
-1.632268885453691e-01 3.190338943931068e-01
1.663482139097910e+00 -6.760446926668358e-01
-9.517492077923549e-02 9.035545829441746e-02
-7.400921665144299e-02 1.245885334997688e-01
-6.737426556266930e-01 5.526016600409156e-01
-1.326248559762239e-01 3.275439772286365e-02

0.808151030059110295743e0 -0.444628957372912081967e0
0.100000000000000000000e1 0.000000000000000000000e0
0.253974807177466644557e0 0.267750819380818100128e-1
-0.186686745132778413774e0 -0.146245875897342865869e-1
0.113979768278941286036e2 0.659201195210984521836e0
-0.517099699186007475546e-1 0.330255307779313773834e1
-0.615191336877142259095e-1 -0.255046092600963883238e-1
0.458241405638514677021e-1 -0.566675202122204167964e-2
0.736671390160776497625e-1 0.675844219493463978578e-2
-0.608504641312905527120e1 -0.438361858011878072683e1

-5.234570001617832e-01 -4.207002014795393e-01
1.441986064235857e-02 -2.099328645709250e-02
1.916628481451998e-01 3.683093734001922e-02
1.000000000000000e+00 0.000000000000000e+00
-5.178344272080071e+00 -2.495017965826084e+00
3.524479719791602e+00 4.026854076860354e+00
-2.175373436500697e-01 1.901665426618871e+00
2.069783421750700e+00 6.491182926697869e-02
8.422461909267720e-01 -2.924089309297637e+00
3.141948886594572e-01 2.398068620384014e-01

1.931174541888241e-01 -5.356195900449294e-01
1.595965151359824e-01 -1.111764242521568e-01
1.000000000000000e+00 0.000000000000000e+00
-8.036876341366952e-01 -6.048072580225328e-03
1.976067099603554e+00 -4.859286834688538e-01
1.077972059094314e+00 6.063134351846802e-01
-6.632941652845135e-01 -9.649669278827777e-02
1.050260968467385e-01 4.666046281746734e-01
6.523042977105027e-02 3.330389076183507e-02
-1.108040510971662e+00 -2.557374571722706e-01

1.000000000000000e+00 0.000000000000000e+00
-2.373515191955962e-01 -2.255077421306974e-02
2.343409491481838e-01 -2.791716781346961e-01
4.231044283151286e-02 4.542884825917998e-01
1.183184557362342e-01 -1.635599167147206e-01
6.230611702602883e-01 -2.756182698820431e-01
2.753613293524623e+00 2.286060751549130e+00
-2.522367043402380e+00 -5.624505479545392e+00
1.854645070710307e+00 3.787806575018345e-01
-2.250472475310878e+00 2.563264760637562e+00

0.740679399254273203746527628049e0 0.996717898611396616139062494767e-1
0.310340478422826647636859373878e-1 0.386017994276674128909899359673e0
0.100000000000000000000000000000e1 0.000000000000000000000000000000e0
-0.612009894549667771512607357988e0 0.259514859384806895005096269222e0
0.287981732483579133022774295035e1 -0.411143185996854490880679196312e0
0.804223028042585818908889319654e-1 0.836766521382226086830182307638e0
0.448826822989914864317209516450e0 0.217697622527482635767202627983e0
-0.465884625667740505650077951602e0 -0.161104412134495750104015275914e0
0.715488792771797814583261481699e0 0.978007866347576344457590375238e0
-0.205095843026403809700167727391e1 -0.946601165804206953931114652903e0

1.408574678768208e-01 -4.263816873844849e-01
-1.028561085408677e-01 5.964341650847774e-02
1.000000000000000e+00 0.000000000000000e+00
-9.409603359803731e-01 -1.307654011986889e-01
1.526836156892678e+00 1.557691112333599e+00
1.009436205087656e+00 1.421529776228562e+00
-4.309744395885970e-01 -1.120047983919985e+00
-4.911884381408996e-01 7.296549713981321e-01
1.005524356705548e+00 -1.275845749978972e+00
-5.609144299507733e-01 -3.099794386824282e-01

3.516561529683614e-01 -2.622569964399297e-01
1.000000000000000e+00 0.000000000000000e+00
4.643189373028526e-02 -4.289238877722139e-01
1.481656658145638e-01 -4.794355172812935e-02
-9.871095325315540e-02 -4.812226937345868e-01
1.502721223797927e+00 8.925275720663643e-01
3.233668910248770e-02 -1.272981437819440e-01
9.310328443624322e-02 9.686469525911402e-01
2.077301693428887e-03 4.332751643432919e-02
-5.134718097605858e-01 -5.047771328720032e-01

1.000000000000000e+00 0.000000000000000e+00
8.417587715802776e-01 -2.292239038165591e-01
2.653552968607253e-03 6.034125714352119e-01
-5.373894822338313e-01 -5.831016332599053e-01
-4.238568773467018e-01 6.978634148727883e-02
-4.656053357716818e-02 1.851406445384275e-01
-1.799105258825862e+00 -9.987402567503226e-01
3.494906223093477e-01 3.073415579582471e+00
3.142622795001299e-01 2.216014558160442e-01
1.921807688090367e+00 -6.101963909959333e-01

6.786871151085698e-01 -4.251270628410511e-01
1.000000000000000e+00 0.000000000000000e+00
3.544330584987020e-01 2.781950728414759e-01
-6.519960940574286e-01 -5.477650024694980e-02
1.831966689839937e-01 -9.068859640750564e-02
-1.180955963281592e-01 1.535636550058480e-01
-2.573772335668017e+00 1.135550205060998e-01
1.193783159540474e+00 2.199228350307209e+00
5.785179438027355e-02 2.731216613790966e-02
1.870709889384127e+00 -8.113026493245180e-01

