0
6.260341877089837e-01 5.201799968881066e-04
-7.125099908995561e-01 6.013490105401572e-01
-1.782648305825861e-01 3.607224601022676e-02
-5.674096655022028e-01 -2.617828584919974e-01
1.749206540536514e+00 -7.755411443180678e-01

1
1.884044393126855e+00 3.235974999153143e+00
-1.723973209379339e+00 5.503560454261245e-01
8.275474851796774e-01 1.257351321590956e+00
-7.429058152705527e-01 -2.042125102231871e-01
1.172228128027263e+00 -1.772929448384893e+00

2
9.051314951494562e-02 1.065928139724282e+00
-8.813693427457917e-01 2.995244337863555e-01
1.668392267022283e-01 4.981692811976330e-01
-7.626115268947803e-01 -8.607507237522866e-02
1.325040087222008e+00 -6.927339288211616e-01

3
-5.836634672390478e-01 7.564040852270965e-01
-5.712503363854325e-01 5.006807502812466e-01
4.800957362129931e-01 8.318086265218981e-01
-9.333908650390117e-01 1.094022074716848e-01
1.241478116669094e+00 1.606795177725866e-02

4
8.483971645382835e-01 -1.951380503658840e-01
-6.740992957784212e-01 5.965243015396945e-01
-3.613125433328722e-01 -3.727866729139143e-01
-5.377230886156357e-01 -4.159773668335764e-01
1.710679820832346e+00 -1.663900290394235e+00

5
3.971844079823652e-02 9.093747972869684e-01
-8.186378231936099e-01 3.421743203485851e-01
1.154287485615157e-01 5.798033159626140e-01
-7.714969551683393e-01 -1.472726252437908e-01
1.389691871662613e+00 -7.811574477638626e-01

6
8.075742556967931e-01 1.413681917049825e+00
-8.173945963339513e-01 1.733934265843956e-01
4.397024780262846e-01 -7.097084703052012e-02
-7.792829777280234e-01 -5.630723346437442e-02
7.988381938755906e-01 -1.249863575122441e+00

7
2.048186155886822e-01 -4.874208972254245e-01
-3.640753223525121e-01 1.126046469429434e+00
-3.955883310288651e-02 -9.497533354837231e-01
-5.578196917567045e-01 -4.538301992624449e-01
1.426965116231177e+00 -3.208084576825061e+00

8
9.553798278021748e-01 -5.606244732291893e-01
-8.699749104092546e-01 5.434300933571025e-01
6.885871081578726e-01 -6.292132223415654e-01
-5.435278154241268e-01 -8.280982110450301e-01
3.171397940073677e+00 -1.571439212959252e+00

9
3.329795039483934e-01 7.035480318382660e-01
-4.862235721066210e-01 3.209086673023276e-01
2.844145420192877e-02 1.820342901719199e-03
-7.361702347490924e-01 -2.170724810569872e-02
9.418018187859537e-01 -5.373872517509360e-01

10
6.549020808566548e-01 -1.674360101314784e-02
-4.976297970889278e-01 5.326486326105945e-01
-1.868550771323435e-01 2.118057392790816e-02
-7.500264693880019e-01 -3.723488777809475e-02
1.527488280257315e+00 -7.899565378899244e-01

11
6.788421890470333e-01 -1.335668331958357e-01
-4.718018599424832e-01 7.217520513512607e-01
-4.307394773347390e-01 -1.620303308977769e-01
-9.247709172454490e-01 -1.431732672028307e-01
1.398797314440966e+00 -1.547208183957075e+00

12
1.018986422560640e-01 1.378689880728214e-01
-5.132877484726479e-01 4.453199377099749e-02
1.604969228502963e-01 4.702536798822337e-01
-6.809604436289765e-01 3.061380613577885e-02
1.024780321800720e+00 -3.323627057705917e-01

13
6.145064699566988e-01 7.310137161698953e-01
-1.040163979362604e+00 1.503067038959298e-01
4.805156323805394e-01 3.956188627115076e-01
-8.648532153632473e-01 3.441898148349447e-02
4.616402085911668e-01 -7.909793787612608e-01

14
2.003123728148979e+00 8.495006122939209e-01
-1.875121027252023e+00 5.933156037097860e-01
1.078334664243254e+00 1.066616463099587e-01
-1.022783408506552e+00 1.727409868928580e-01
-1.785936919983917e-01 -7.452456442945955e-01

15
3.563710337760703e-01 8.167654917210979e-01
-7.247630632023675e-01 5.815008496204269e-02
1.509877177123624e-01 3.688259740051956e-01
-7.761590578294499e-01 -2.856386428526075e-02
1.149534977563237e+00 -6.194967983156562e-01

16
-6.150830579525600e-01 3.606210396270459e-01
-9.726013804033616e-01 7.592775911048440e-02
1.586332955510045e-01 -2.078755119125059e-01
-8.960779381711026e-01 -7.918900937435130e-02
1.091479059185784e+00 -4.459228270812162e-01

17
-6.458520243808059e-01 5.183637564775325e-01
-9.444667318045431e-01 -4.348762757554292e-01
6.149144729892670e-01 3.983359326643280e-01
-6.945276010474919e-01 -2.165206447532552e-01
1.400463306307339e+00 -5.766822862521268e-01

