0
3.453390789941485e-01 -4.776996042818766e-01
1.865696479105002e-01 -1.889001762032180e-01
-2.045019125458271e+00 1.508227994583194e+00
-7.390047808448844e-02 -6.475793775516631e-02
-1.156748087771333e+00 -1.478383530051101e+00
-1.368117703308542e+00 -1.963540732038085e-01
-1.803322685868162e+00 4.032247987578333e-01

1
4.063656322759954e-01 -4.122645802217083e-01
1.968102033319494e-01 -2.045885739486599e-01
-2.023243660340786e+00 1.535543166272538e+00
1.750908836635718e-02 -1.055097313542007e-01
-1.092145090372723e+00 -1.477916294853197e+00
-1.397129104414518e+00 -2.115271412429524e-01
-1.892894933815839e+00 3.951904260236301e-01

2
1.672976856874092e+00 -1.940962346446993e+00
3.208550292969159e-01 2.927376857697950e-01
-1.771537008273238e+00 1.124935477712315e+00
-1.363522036131624e-01 -1.378800609410992e-01
-7.621166258799613e-01 -1.302592385521125e+00
-1.157363113573579e+00 -1.755957812450538e-01
-1.424849690036530e+00 2.036367598676109e+00

3
3.097011858794700e+00 -1.199059617152848e+00
1.544952805538396e+00 1.013864890962445e-01
-1.778906468353370e+00 1.229610826480156e+00
7.145809315992722e-01 -8.003401368923289e-01
1.297430817685170e+00 -1.466304857342482e+00
-1.056347218163873e+00 -9.947646817167065e-01
-2.429740707909328e-01 4.655367466327152e+00

4
8.755385602583106e-02 -3.510189016125102e-01
1.949165547511381e-01 -2.091580996852057e-01
-2.040974625996393e+00 1.437979000519698e+00
2.955779845433977e-01 -5.720434455983386e-02
-1.277393225749296e+00 -1.501913484787224e+00
-1.157718399774633e+00 -3.559397794736791e-01
-1.879237485891186e+00 6.189556986118939e-01

5
5.157010246356236e-01 -1.363212218313916e+00
4.637870063879876e-01 1.086005157870028e-01
-2.109676424408181e+00 1.077795158387967e+00
1.645656054941674e-01 2.125963113489307e-02
-1.096744740572746e+00 -1.311638063182975e+00
-1.157047317809407e+00 -2.190336440302285e-01
-1.858315811408675e+00 1.146428812339928e+00

6
-1.592677343799208e+00 -9.617748905103216e-01
6.768587362350494e-01 -2.071988082262631e-01
-2.724888056670794e+00 7.821438743700021e-01
1.578776502135667e-01 -3.415162648585654e-01
-1.204804632764122e+00 -1.925653580434139e+00
-1.089245429564413e+00 -1.254109400889744e-01
-2.756187673332161e+00 1.145896879872286e+00

7
-4.551410496294362e-01 -8.597170391962808e-01
3.276500147647905e-01 -1.230061624857162e-01
-2.343982766481001e+00 1.215536527206496e+00
1.071419331929715e-01 -1.094031897547061e-01
-1.396145550114179e+00 -1.432732395183488e+00
-1.165293553515002e+00 -1.568336316173790e-01
-2.188296695723003e+00 8.707912424864462e-01

8
8.705648190804960e-02 -3.243398335602004e-01
1.445071360367861e-01 -1.197868189641181e-01
-2.114072868094928e+00 1.359614918590436e+00
-1.629768341012365e-02 -8.485362749843611e-02
-1.107759157615177e+00 -9.530517391336957e-01
-1.108885307704193e+00 -3.314299587962765e-01
-1.305907483268091e+00 -1.701954102346871e-01

9
-1.376192672550790e-01 -1.141607299897845e+00
3.072786586852096e-01 4.844131562164457e-01
-2.035020848532875e+00 1.191345037454719e+00
1.007332047338510e-01 2.185128056100319e-01
-9.288929769911067e-01 -8.669568512488034e-01
-1.016605424731326e+00 -1.574572443467322e-01
-2.665734714368835e+00 1.696007713814185e+00

10
-4.583246518649606e-01 -1.326368957957721e+00
4.378620801295092e-01 -5.321248092735459e-02
-1.769254307976686e+00 1.278553024471579e+00
2.403997478266691e-01 -8.712131340751800e-02
-1.179832806925072e+00 -1.138858925603160e+00
-1.171902213744892e+00 -1.738736750506671e-01
-1.796292904085466e+00 1.326884575132805e+00

11
4.073947996777367e-01 -1.055412471116523e+00
3.576196992453397e-01 -5.227285506615831e-02
-2.112411508741394e+00 1.973840923372104e+00
-1.283769726475860e-02 2.786969734728011e-01
-6.528723542872508e-01 -1.711522161421254e+00
-1.221346064370925e+00 -3.070327831639303e-01
-2.714681770588968e+00 -2.810425084368844e-01

12
6.818188258485109e-01 -1.784032172263279e+00
9.060766241671373e-01 3.101578558822436e-01
-1.822354056575172e+00 1.447950369033488e+00
2.267279966215959e-01 6.798204462441751e-02
-6.332647282090593e-01 -1.082406848366337e+00
-1.024259675512815e+00 -3.320897186918003e-01
-1.743175634034072e+00 2.256388796445136e+00

13
6.836602125676375e-01 -2.948551816188508e+00
1.139231230071892e+00 -1.063566232099416e-01
-1.738018890914219e+00 1.217553539746525e+00
2.843406022569079e-01 1.353713164744083e-01
-3.625430229960576e-01 -1.487827262741948e+00
-1.173925852700733e+00 -4.316171802585788e-01
-7.692141166561425e-01 1.524591795903384e+00

14
4.553506551495318e-01 -4.818810077062632e-01
2.158020463641441e-01 -8.253906783024588e-02
-2.200000138978194e+00 1.690888035079518e+00
-1.063880883917443e-01 1.432789887871277e-01
-7.961304013345361e-01 -1.395474203014308e+00
-1.221290690985251e+00 -2.809300062386712e-01
-2.034205072446304e+00 -2.908004885250605e-01

15
4.199162049869404e-01 -1.492340665107780e+00
4.946823219154775e-01 9.739702886654331e-02
-1.713905974178465e+00 1.289560907637465e+00
1.505910818560584e-01 2.159540330925259e-02
-8.728861909596154e-01 -9.586316802237118e-01
-1.152781248337629e+00 -1.801257938083361e-01
-1.633421226831896e+00 1.010796502359853e+00

16
1.495502588935583e+00 -8.603041339173880e-01
2.056496245438501e-03 4.084452810483089e-01
-1.693796978683452e+00 1.250587505220971e+00
-1.628146275686503e-01 -2.145072625733628e-01
-1.081482796898407e+00 -9.326741823156531e-01
-1.089095308398032e+00 7.582856045506734e-03
-2.640515786335058e+00 1.937157020406828e+00

17
-1.462373378540226e+00 -7.915456091924933e-01
3.290986801187016e-01 -3.088102289041307e-01
-2.689569103503719e+00 9.585496167620412e-01
2.355586706435645e-01 -9.281369265063127e-02
-1.306818795673810e+00 -1.879794753554455e+00
-1.176804932055209e+00 -3.391667334571834e-01
-2.447158495176156e+00 1.402703803769960e+00

18
-3.521546387183335e-01 -9.631604297176709e-01
1.878069530175752e-01 -2.903311397578440e-01
-2.333481042860614e+00 1.275863065171568e+00
2.166188841526513e-01 1.349112547149228e-02
-1.480586142043520e+00 -1.545729661411116e+00
-1.357288259487214e+00 -2.279789356995167e-01
-1.922633092685998e+00 8.845940083304985e-01

19
-8.057885796917135e-03 -3.914168388461670e-01
9.838861764711231e-02 -1.723037886904110e-01
-2.046390331792322e+00 1.308065960369148e+00
-3.842376021679060e-02 -8.076229796531675e-02
-1.158278144877237e+00 -9.750174486888822e-01
-1.260676459326129e+00 -1.669932997897537e-01
-1.267411361648342e+00 4.428577567020066e-02

20
-1.764312547099904e-01 -1.532605676546080e+00
1.044785473220909e+00 -1.198787539158185e-01
-2.053791637684183e+00 1.132152254041187e+00
3.463170997867393e-01 4.412780883084628e-01
-3.665338801963601e-01 -1.538367907122239e+00
-9.857203238960854e-01 -5.379178230609802e-01
-1.786975269250343e+00 1.104048807326795e+00

21
4.850383295678055e-01 2.104142725044567e-01
2.727914338898107e-01 -3.162429793581499e-01
-2.254430921055790e+00 1.713998122646301e+00
-6.125252620629285e-01 6.115629949235142e-01
-1.408101040976795e+00 -1.583036397921032e+00
-1.319144485875198e+00 -1.501759898789275e-01
-1.581398275793034e+00 3.825134396438579e-01

22
5.597557459301282e-01 -1.922736415648804e+00
5.814561525136462e-01 -2.357332624836713e-01
-1.911131338894360e+00 1.443089883676382e+00
6.094640149584175e-01 4.870021845287587e-01
-7.668535835836628e-01 -1.542655370321418e+00
-1.225537970736103e+00 -3.335655637062510e-01
-8.799580140145925e-01 1.534452391066492e+00

23
1.002828168802101e+00 -1.690957088061911e+00
8.369568007262193e-01 5.252782687174091e-01
-1.873341592004532e+00 1.031297140668738e+00
8.343173064272719e-01 2.704867301936855e-01
-3.949790007812194e-01 -1.226713810745042e+00
-1.266097294899734e+00 -1.637997785176927e-01
-2.473848346829723e+00 8.769992387053348e-01

24
2.495329781169565e-01 -5.787943807217171e-01
2.581663057004172e-01 -7.925324814541207e-02
-2.039987310533535e+00 1.469729064879145e+00
2.481158680987159e-01 1.654574005755003e-01
-9.618510305576292e-01 -1.292660347201879e+00
-1.431288789506207e+00 -3.801473749245221e-01
-2.181906059387448e+00 -8.277347416791347e-02

25
-9.991547570101624e-03 -1.523261829003531e+00
6.926015841052507e-01 3.981647886111077e-01
-2.228445460506033e+00 1.185778367071010e+00
2.400873977164034e-01 3.697825051414879e-01
-6.190398333584065e-01 -9.390225684663359e-01
-1.059896475026910e+00 -3.570660076638580e-01
-1.352083382170096e+00 1.105921888381210e+00

26
-9.510110563851717e-02 -1.751661258869204e+00
3.594219863988135e-01 -4.190153338864393e-01
-1.804847270206137e+00 1.284208677926705e+00
7.769236972318690e-01 -4.922158402475180e-02
-1.271781777573910e+00 -1.649751518463100e+00
-1.424541962266841e+00 -3.058974627841153e-01
-2.120914323718365e+00 1.107823836257824e+00

27
-1.879746221761905e-01 -1.629560359497047e+00
4.408727855387340e-01 -4.988796582514740e-01
-2.011768625803259e+00 1.162592367390460e+00
8.495168386602450e-01 3.089859576463596e-02
-1.319129172276750e+00 -1.751304622598324e+00
-1.553657516415107e+00 -2.818268246961770e-01
-2.513621727881113e+00 7.534743246076995e-01

28
1.785926737418424e-01 -3.254990238056691e+00
7.680895351865928e-01 5.355527782332945e-01
-2.797203974491735e+00 1.206134865538531e+00
2.356229881430959e-01 -5.343515301947966e-02
-5.962001246962529e-01 -3.617731549406509e-01
-9.712640831312405e-01 -7.769083264780571e-02
-1.590727345724824e+00 9.496281181630529e-01

29
-4.613543102121464e-02 -1.416356121120036e+00
2.847149912998967e-01 -2.284883713003243e-01
-2.054211998364150e+00 1.149983317525873e+00
1.010638131486025e-01 -5.348924232805876e-01
-1.059846564240842e+00 -1.166918236188901e+00
-1.201790830646128e+00 -5.901454318975630e-02
-1.273914133179269e+00 1.248231007509203e+00

30
2.928743159660343e-01 -1.975883917878641e+00
6.336583915446616e-01 -2.598441529289332e-01
-1.855019596866325e+00 1.184624721618995e+00
6.429979805325980e-01 -1.490421788374442e-01
-9.187444204556391e-01 -1.449868873025826e+00
-1.311656976531230e+00 -2.950167306484528e-01
-1.770635261782181e+00 1.739582195631074e+00

31
9.928213191939862e-01 -2.231003265556738e+00
7.123269533229719e-01 -1.796893186810886e-01
-1.937052394737368e+00 1.137733719942522e+00
1.734986021521969e-01 -1.911190900250425e-01
-5.626229351769654e-01 -1.327077178440679e+00
-1.160494795740572e+00 -3.046944131570536e-01
-1.248044011726494e+00 1.782032636193265e+00

32
2.439313890764579e-01 2.369436782201098e-01
1.079009648749406e-01 -8.667195334656349e-03
-2.368321263487633e+00 1.739358220515167e+00
-8.469586819049777e-01 3.832940298317762e-01
-8.005415058512410e-01 -1.272830487829394e+00
-7.912054560059177e-01 -3.067143507784816e-01
-1.311164391065939e+00 -8.301926824394001e-01

33
3.388978633658758e-01 -1.902383806104511e+00
6.084852568492088e-01 7.878428977228021e-02
-2.138102014293298e+00 1.215365571833797e+00
3.177590457309153e-01 3.423152692674426e-01
-6.891140206427977e-01 -1.377115169978492e+00
-1.183229598241510e+00 -3.186662945676221e-01
-1.267246754073452e+00 1.781890821797369e+00

34
4.757134295677529e-01 -5.517846550930900e-01
2.092387126326887e-01 -1.905380260058397e-01
-2.023512608796351e+00 1.367404269762383e+00
4.901122005881734e-02 7.566942896907189e-02
-1.387373373365038e+00 -1.580468111991633e+00
-1.272547429060452e+00 -2.767030102189239e-01
-1.872494560554281e+00 6.148626713052672e-01

35
3.210212456308967e-01 -3.520669151452506e-01
2.229800239471706e-01 -1.895192398635752e-01
-1.968388088453044e+00 1.563304347872836e+00
-4.239579375071740e-03 1.051852402572979e-01
-1.138497347094179e+00 -1.603237723061405e+00
-1.253254883556211e+00 -3.054207943619152e-01
-2.036332879278128e+00 3.647429631701983e-01

36
-1.844018593001180e+00 -3.943500787720692e-01
5.918279145355279e-01 -1.662234210333328e-01
-2.015961525455638e+00 2.138623319343982e+00
-4.702815511936154e-03 -6.673027258434047e-02
-2.912882775104516e-01 -1.516765886505088e+00
-9.878900512879222e-01 -3.040554451227324e-01
-2.699479332204417e+00 4.477605242929489e-01

37
1.476156191610587e-01 -9.070980478052334e-01
2.794089717710103e-01 -1.768112976491049e-01
-2.212322602930548e+00 1.266706719560463e+00
9.417745762937804e-02 -2.187578145038973e-03
-1.442709447840146e+00 -1.500909691518565e+00
-1.240743160073107e+00 -2.252346540590817e-01
-1.832118155513065e+00 7.264636878498851e-01

38
3.074458447074267e-01 -5.679723354704552e-01
2.084775377840862e-01 -2.167929884638583e-01
-2.081606583394538e+00 1.609385998708603e+00
-2.182284706070789e-01 -2.147061820162630e-01
-1.379807587290163e+00 -1.315075614008491e+00
-1.363350634990276e+00 -4.926670717280455e-01
-1.458464471444926e+00 4.389855454065362e-01

39
2.525705026643395e-01 -7.413994911675807e-02
1.757290477337270e-01 -2.424782144381310e-01
-2.213421062939604e+00 1.508124788014662e+00
2.987097848713673e-01 -1.749989392889459e-01
-1.280820804033412e+00 -1.547253011132367e+00
-1.259366481143370e+00 -5.230516401153543e-01
-1.903741153372837e+00 7.699615803183331e-01

40
1.738714142203759e+01 -4.942859803309138e+00
2.208951210855724e+00 6.386022508142698e+00
-8.624112769878309e-01 2.633269768975362e+00
-2.496084295790125e+00 -1.720213898480934e+00
1.139895413427249e+00 2.997484077114819e+00
-5.295073246357440e-01 -4.219410615994908e-01
1.841188621852131e+00 7.998286164613491e+00

41
-4.159396210842620e-01 4.432213369676983e-01
8.117781560249675e-02 -3.089542026704831e-01
-2.313387148908197e+00 1.350533966610013e+00
5.953612206798155e-01 -1.334138137415318e-01
-1.257545804791066e+00 -1.576326427995930e+00
-1.132721217493599e+00 -4.473306731479061e-01
-2.412811412203471e+00 1.053638168712637e+00

42
3.204300910332850e+00 -1.473429017324779e+00
7.436465716101959e-01 5.383574526508780e-01
-2.207474801032187e+00 1.843472536566845e+00
7.321230517477869e-03 -1.006473915468974e+00
-1.023388971684828e+00 -1.370715176208694e+00
-1.232961367308468e+00 -7.412382615271346e-01
-2.686426522953506e-01 2.041220904269793e+00

43
-2.128587148462726e-01 -1.496187628406010e+00
5.074883172958111e-01 3.242704234502584e-02
-2.180153309033652e+00 1.276008865845914e+00
3.866785340666323e-01 2.964102008582002e-01
-9.159161839681423e-01 -1.394297718470260e+00
-1.230543172699099e+00 -2.615278353435047e-01
-1.338460929529829e+00 1.473421019709504e+00

44
2.849204882472426e-01 -3.017029426144930e-01
2.016552476051575e-01 -1.991745537687349e-01
-2.070046967313500e+00 1.502647315922279e+00
1.697716009401095e-01 -2.107135483957275e-01
-1.253074355539647e+00 -1.191689230116281e+00
-1.235723443977153e+00 -1.039895854437470e-01
-1.447413900956105e+00 3.928336773417065e-01

45
1.191270708142516e+00 -3.388249165383729e-01
2.948073853178183e-01 -4.065034944694429e-01
-1.965660133715915e+00 1.470142425108668e+00
2.238888330730930e-02 -6.931445488783985e-01
-1.075291234935937e+00 -1.091235157657947e+00
-1.183685402326387e+00 -6.873678386418711e-02
-1.020278906195691e+00 4.475261248318524e-01

46
3.752339284638727e-02 -6.074941241193993e-01
8.147316989808563e-02 -1.920427630418329e-01
-2.182334277145941e+00 1.394623625616041e+00
-3.139516153597119e-01 -3.090824849247288e-01
-1.101014131422665e+00 -1.157568548942724e+00
-1.082141173508239e+00 -7.945325059548791e-02
-1.222035451197762e+00 2.154932930325058e-01

47
3.270737598388705e-01 -1.699810050330479e+00
6.003886951846608e-01 -2.837729489959407e-01
-2.220668335416501e+00 1.126491162510063e+00
3.638598638301655e-01 -4.724855044981046e-01
-9.825305400103208e-01 -1.260731024387956e+00
-1.150117162188951e+00 -1.251993966286918e-01
-1.570088945740496e+00 1.425186830060911e+00

48
2.707258535168293e-01 2.119078076735362e-01
-7.306848727159595e-03 -5.117969990310434e-02
-2.221778192068483e+00 1.911162476354719e+00
-9.912576795051447e-01 2.801094055325689e-01
-8.085651742765848e-01 -1.175309616363033e+00
-7.433362144162008e-01 -6.638036683556902e-01
-1.051497873384112e+00 -9.802792153676868e-01

49
7.811588400929551e-01 -1.652476093962858e+00
7.603862350990325e-01 -1.510593510248884e-01
-2.180219318039478e+00 1.101345352574745e+00
3.626970764341846e-01 -3.882960271820540e-01
-8.018639442019075e-01 -1.194048751970925e+00
-1.097870538075543e+00 -1.923794440673453e-01
-1.589286532145574e+00 1.603348343034407e+00

50
-3.874426213670288e-01 -2.282401691325930e+00
3.944653322866882e-01 3.946066966164473e-02
-1.910108773611117e+00 1.903032466535274e+00
1.207174738312855e-01 1.477400994023729e-01
-8.027799377415527e-01 -1.761917138444883e+00
-1.335754470593580e+00 -3.239713833562015e-01
-2.159606271760279e+00 9.320085945161575e-01

51
-1.391334865649602e-01 3.140580187200754e-01
5.021793689798963e-02 -1.558688139557387e-01
-1.993864505726111e+00 1.354586582016207e+00
6.036888313187143e-01 -2.941633834666628e-01
-1.623369877702809e+00 -1.189910817388801e+00
-1.177495017418710e+00 -5.822582478340065e-03
-1.378581625591546e+00 8.004957349135239e-02

52
8.401915464455414e-01 1.018330311926544e+00
5.919823884981342e-01 1.117779725724283e-01
-2.061307826018493e+00 1.110374247616171e+00
7.765309650516784e-01 -5.584895771865785e-01
-1.238175593359029e+00 -9.117289846254882e-01
-9.697527581124067e-01 -2.565882846299892e-02
-1.141185687901601e+00 1.132909439333096e+00

53
4.157761487185386e-01 -1.388010133256335e+00
3.676080563111086e-01 2.529144761081832e-01
-1.735312196674342e+00 1.290109370559313e+00
2.046340385895981e-01 6.564969842838801e-02
-9.184403800513095e-01 -9.147089133255598e-01
-1.104119907692352e+00 -1.956575818304470e-01
-1.571250280891322e+00 1.027572960536226e+00

54
-2.788373993485715e-01 -1.279970218738151e+00
3.733256647419450e-01 1.681821140370548e-01
-1.794700371737375e+00 1.290048056227269e+00
2.394042513397115e-01 -8.641358804541867e-03
-1.163920030694392e+00 -1.066968793624996e+00
-1.104453567716186e+00 -1.078302858997408e-01
-1.723767405785448e+00 1.316627558546034e+00

55
2.354137375607532e-01 -1.528994543729536e+00
1.980759482898189e-01 -2.642846914010213e-02
-2.016218367761633e+00 2.259932997489062e+00
-2.052918415087857e-01 2.907072003919626e-01
-5.715346764302203e-01 -2.000709384158720e+00
-1.496015484933445e+00 -5.933966721626625e-01
-2.925589951908789e+00 -1.411407554777238e-01

56
5.078780498235609e-01 -1.963040300942231e+00
6.666922504382943e-01 2.578492038673821e-01
-1.818506948386920e+00 1.419755405593508e+00
2.278214182296097e-01 1.265268354917523e-01
-7.242793647516238e-01 -1.208522107233476e+00
-1.089820407759767e+00 -2.598816750945906e-01
-1.396019538699375e+00 2.029671510674107e+00

57
1.022709464243809e+00 -2.699295023546392e+00
9.376915044472764e-01 2.074869694641290e-01
-1.831708080382115e+00 1.230773961545555e+00
2.841374787538633e-01 1.813597109883953e-01
-3.605971121936473e-01 -1.363209097458792e+00
-1.112997291187400e+00 -3.963881371547058e-01
-7.829277887291574e-01 1.854262788507621e+00

58
6.275344955489486e-01 -3.877918645950177e-01
1.657665673815306e-01 -1.049084442607730e-01
-2.371776668694421e+00 1.764087887995220e+00
-2.789707597693549e-01 3.599886625605554e-02
-5.642025942446046e-01 -1.304655609406528e+00
-1.207804854397164e+00 -6.182278831567430e-01
-2.049227030374988e+00 -6.269637161887885e-01

59
-1.115060816965548e-01 -1.321932053709140e+00
4.764515020382287e-01 1.052131366377939e-02
-1.998526171111377e+00 1.361036937972690e+00
3.212368798239554e-01 2.789568147591725e-01
-8.863885457954798e-01 -1.309378949685652e+00
-1.157189283444651e+00 -2.230976188554386e-01
-1.552930170690658e+00 1.558986401920089e+00

60
2.250298537755088e-01 -2.445931841685058e-01
1.954820504794363e-01 -1.511129157491532e-01
-2.076123379543222e+00 1.394320490850345e+00
2.836749501463998e-01 -2.036579480050018e-01
-1.320346262044097e+00 -1.187781122889156e+00
-1.129456311070137e+00 -1.267835726744932e-01
-1.441389342562748e+00 4.055669878938790e-01

61
4.226306081407116e-01 -1.866426492993359e+00
6.570732660757898e-01 -5.374501366949676e-02
-1.978186894548738e+00 1.368766266736868e+00
3.770555584731965e-01 3.883212552689104e-01
-6.443290067800711e-01 -1.405309248674995e+00
-1.158574646529876e+00 -3.278669192813992e-01
-1.229792048379005e+00 1.838424618566142e+00

62
-2.680410272277433e-01 -2.578888887440561e+00
8.948432227607601e-01 -1.338351248403568e-01
-2.018579245900366e+00 1.984711432394896e+00
2.618431119361084e-01 2.250363392539569e-01
-5.082048565907826e-01 -1.900488957920021e+00
-1.191753230279482e+00 -3.798057227909880e-01
-2.333562634251856e+00 6.672710736482356e-01

63
-2.709286204268150e+00 -8.226523751686027e-01
9.991162062552127e-01 -7.960664710657783e-01
-2.294034288735499e+00 1.533533632919784e+00
-1.021706835954193e+00 -2.276748013366081e+00
-1.909574303563638e+00 -1.547273199449486e+00
-4.472786355453890e-01 -8.609330348872055e-01
-9.740760916053294e-01 2.555058214028799e+00

64
2.173533387844659e-01 -5.120665075822322e-01
2.385279401142015e-01 -1.028317595473594e-01
-2.068022133987175e+00 1.544784180893319e+00
2.365215153086437e-01 1.324872686398289e-01
-1.025297492254058e+00 -1.306218081914319e+00
-1.423254092691676e+00 -2.315442579092349e-01
-2.015032638867204e+00 7.614250532239791e-02

65
-1.466001772978640e-01 -2.352772037963747e+00
9.486095215436032e-01 -5.816670447034912e-02
-2.163907205450377e+00 1.447997043887280e+00
3.191680135734380e-01 -7.610116803274117e-01
-1.032385858118726e+00 -1.651279507738541e+00
-1.031589399931132e+00 -3.750770873112198e-01
-1.325107863836019e+00 1.144465729213322e+00

66
1.542483462622964e+00 -1.090430148250149e+00
7.839691029905919e-01 6.842754186206194e-01
-2.188126157981528e+00 1.323280549610095e+00
4.541037050782107e-01 -3.579323790541381e-01
-5.338417152605937e-01 -1.059786437812652e+00
-8.228926598836022e-01 -3.716363310957853e-01
-1.715187865840724e+00 2.433910935035765e+00

67
1.622509693499330e-01 -1.154420721193589e+00
2.567036405082803e-01 2.798670815727742e-02
-2.056448736084340e+00 1.505729064297355e+00
6.314358068203807e-01 2.634574542443840e-01
-1.016910506673776e+00 -1.355674916368335e+00
-1.475276507055454e+00 -5.399134769972081e-02
-2.353091732481478e+00 -3.180261359289128e-01

68
9.884195465742240e-02 -2.355883694502991e+00
2.538880391826850e-01 1.744176575370107e-01
-2.522435283841891e+00 1.293116777130848e+00
3.263729896783074e-01 -1.815370026660312e-01
-8.969524877862636e-01 -7.048323838699267e-01
-9.854430367074050e-01 -2.548146098676447e-02
-1.730414716188037e+00 1.209352414561232e+00

69
8.810096278087607e-01 -9.073607920667283e-01
1.029475706052942e-01 5.943328665878276e-01
-1.819283627222768e+00 1.374302002171666e+00
-1.052988224636937e-01 -4.823299602663510e-02
-1.115840369765029e+00 -7.506948700953582e-01
-1.071957506687062e+00 1.431340370009995e-02
-2.649473742621310e+00 1.735946396832069e+00

70
-2.022850113816371e+00 -4.371516133401792e+00
2.046903229355749e+00 -3.861852425429058e-01
-2.893746681135355e+00 -7.294961931080840e-02
2.236689102696146e+00 -3.331142625145113e+00
-1.485166566481668e+00 -2.934933325618585e+00
-3.255844186820692e-01 1.341109080911233e+00
-4.896359731597948e+00 5.040973719522347e+00

71
9.798590496101632e-01 -1.648157242937077e+00
9.125408108763853e-01 1.842975620033224e-01
-2.228740397843420e+00 1.129159653473860e+00
2.604452595406354e-01 -4.708498769134774e-01
-8.239544942569333e-01 -1.326384283243772e+00
-9.518602568008294e-01 -2.952289061287656e-01
-1.600986204591869e+00 1.618832468144563e+00

72
5.620538143733691e-01 -2.099318085436371e+00
1.005734377356585e+00 -2.695743940176178e-01
-1.969334573318851e+00 9.724516331154339e-01
9.755954308734501e-01 8.325411663051270e-02
-8.189935484042963e-01 -1.652815614494736e+00
-1.433962809939360e+00 -3.382938836842029e-01
-2.193564362238089e+00 1.652728983554079e+00

73
2.935592491077531e-01 -6.047931797899228e-01
2.666435270695978e-01 -1.702285467100327e-01
-2.000132483471579e+00 1.468260692402696e+00
2.599028925842304e-01 2.650552472532107e-01
-1.145566465225255e+00 -1.506650302801464e+00
-1.316294255011327e+00 -4.936262267741132e-01
-2.308350639834693e+00 2.511833605016355e-01

74
-2.557993801513082e-01 9.253063312276991e-01
5.541347765505840e-02 -4.321387183186796e-02
-2.037429334779008e+00 1.239910136112801e+00
6.905628861677970e-01 -3.168023258627669e-01
-1.304288453876499e+00 -1.538314435109577e+00
-9.715260355588581e-01 -2.391540943423111e-01
-1.999806457593271e+00 1.346419712534848e+00

75
3.130380783845931e-01 -6.358444281145805e-01
2.347447320736969e-01 -2.539872150715385e-01
-2.235668834301684e+00 1.513395388948873e+00
-2.212317118995264e-01 -3.430264529816500e-01
-1.439036347778285e+00 -1.287490668435401e+00
-1.115791875684062e+00 -4.552143093496779e-01
-1.356785340282340e+00 5.245907786610742e-01

76
9.691319030013579e-03 -1.418355130566245e+00
8.156776004029297e-01 -1.061611028927187e-01
-1.999093276653677e+00 1.361556679462791e+00
3.700498579014216e-01 3.379569807822970e-01
-5.270515155067255e-01 -1.488421873116332e+00
-1.033858185088731e+00 -4.061043356990517e-01
-1.836090760666052e+00 1.434120247471703e+00

77
1.837387776074235e+00 -6.303886375838745e-01
5.092675536998367e-01 -1.300841953955597e-01
-2.380443736371879e+00 1.340096309299132e+00
-2.998885695821690e-02 -9.285914379168632e-01
-1.531051276274571e+00 -1.549873194156177e+00
-1.053575912906404e+00 -5.778157841495473e-01
-7.703160739486502e-01 8.276758300786606e-01

78
3.215741941937612e-01 -5.339599838743472e-01
2.188721068385003e-01 -1.819980510568266e-01
-2.002209426198977e+00 1.546423347905920e+00
1.835150035453080e-01 2.002432662207459e-01
-1.185697851264618e+00 -1.487885697544422e+00
-1.177992815179984e+00 -3.912938621577146e-01
-2.044334581885405e+00 2.767128051507850e-01

79
-1.309428007517679e+00 -1.231595773847398e+00
4.679628854195506e-01 -6.289284582914424e-01
-1.989467913085187e+00 1.365293516249671e+00
6.518197934563831e-01 2.242543707401786e-01
-9.470976810461442e-01 -1.944245864156461e+00
-1.212742491894414e+00 -3.363585179776056e-01
-1.707047614271897e+00 8.463473498842735e-01

80
9.709301668321549e-02 -4.637367738831595e-01
1.160787598545563e-01 -2.353345958459598e-01
-2.279440805244492e+00 1.526443705499348e+00
-3.061698046141704e-01 -3.414667026009841e-01
-1.127637029717597e+00 -1.134858471915305e+00
-9.502131217089224e-01 -2.415891618643128e-01
-1.165231921316738e+00 1.721214886000615e-01

81
-5.343040752344591e-01 -1.682047200407273e+00
5.994573692225551e-01 -1.555586289001608e-01
-2.221553715076812e+00 8.703946946391772e-01
2.372638780274333e-01 2.546180601029547e-02
-8.161035743048503e-01 -1.641998078438792e+00
-1.131820569859581e+00 -3.247681841519802e-01
-2.104324062420803e+00 1.241079862373997e+00

82
2.216160196666122e-01 -6.199319662115762e-01
1.173991383532076e-01 -1.826378009021103e-01
-1.926637087250001e+00 1.445927721677467e+00
1.315416171381283e-02 -1.793553681012771e-02
-1.249097485872753e+00 -1.040333341312530e+00
-1.324314071785721e+00 -1.688047250047400e-01
-1.319005446424437e+00 1.020142564432985e-01

83
-2.086785775361775e-01 -1.952279603565176e+00
7.833164075084467e-01 1.384387623633100e-01
-2.068281177952378e+00 7.739517011314097e-01
2.871186939456404e-01 -7.964578530963305e-02
-6.257848249434048e-01 -1.555295506668230e+00
-1.112205328505690e+00 -2.341411436499541e-01
-1.894801897058471e+00 1.053230624611194e+00

84
2.309949040165394e-01 -7.153837926672419e-01
7.315440882166209e-02 -1.036217295471133e-01
-1.873748108067948e+00 1.446491388480810e+00
7.760785282037476e-02 2.316310878464806e-02
-1.283252061214485e+00 -9.615871700986468e-01
-1.203049247928462e+00 -2.620884776921598e-01
-1.198439044975409e+00 -7.754006432423835e-02

85
3.100286508352578e-01 -7.131581301327693e-01
2.113148784604792e-01 -2.434481412465355e-01
-2.119754076511300e+00 1.362468790174455e+00
1.340574235026631e-01 1.314083417367103e-01
-1.433619821018463e+00 -1.512865425512176e+00
-1.424855396527082e+00 -2.736711998347905e-01
-1.901419599025112e+00 7.661732228343779e-01

86
3.718219826613543e-01 -2.503299067602598e-01
2.688112503038136e-01 -1.644743860878298e-01
-1.865491553875974e+00 1.611593341123547e+00
-9.893946237197594e-02 2.393401832882945e-01
-1.121090893069217e+00 -1.731451381488297e+00
-1.441043230251136e+00 -4.746026792356147e-01
-2.279924742009510e+00 3.172946083707031e-01

87
-2.119902744589424e+00 -1.046768915174694e+00
2.231878080078151e-01 2.976443172466690e-01
-2.237929825058429e+00 2.258346307549020e+00
-2.470548799442563e-01 -3.731878108689033e-01
-3.137284043519206e-01 -1.177003633071870e+00
-8.145959310809190e-01 -4.266501112303316e-01
-2.197864681190598e+00 -2.430438028554676e-02

88
1.749474214261032e-01 -8.695844418245173e-01
2.131162532461436e-01 -2.479639669085174e-01
-2.183894876008336e+00 1.311736951236091e+00
1.790259435612631e-01 1.000688700170337e-01
-1.448726502803854e+00 -1.498503160715890e+00
-1.403149368585896e+00 -2.447138806058181e-01
-1.896051903720918e+00 8.541568319547876e-01

89
3.465082469872984e-01 -4.996833798400515e-01
2.005193342192904e-01 -1.770144061353331e-01
-2.024746988117381e+00 1.585856528694915e+00
-1.960084807181188e-01 1.117518103756451e-02
-1.190713950220803e+00 -1.532855592377994e+00
-1.481461143456026e+00 -2.912434084557949e-01
-1.847652495247635e+00 3.968905685260856e-01

90
4.944345290953349e-01 -3.079950037319175e-01
1.929074478693174e-01 -2.129956639661206e-01
-2.105013046140084e+00 1.631830893590145e+00
-4.274882235569689e-02 -1.670918533935108e-01
-1.016352642949695e+00 -1.554080969173612e+00
-1.499871837324156e+00 -3.986828377993055e-01
-2.008425049038383e+00 4.074098291641346e-01

91
1.672775166510885e+00 -2.841172375138472e+00
9.048198594772829e-01 5.502576902334079e-01
-1.878978501502962e+00 1.238327971541121e+00
7.437623373594135e-02 1.059841987533492e-01
-2.939059836191422e-01 -1.265062797590770e+00
-1.071044063492669e+00 -3.695820806065412e-01
-6.649687169677426e-01 2.152649912787523e+00

92
1.531796411850924e+00 -1.201572262194394e+00
5.641251605463710e-01 5.659068580533383e-01
-2.098915080062844e+00 1.377509443622097e+00
2.538118963596764e-01 -4.202319891586041e-01
-2.284017010358113e-01 -9.282646590849062e-01
-9.444576361711290e-01 -4.378240802994646e-01
-1.750516087144042e+00 2.552477283158347e+00

93
8.634722241747451e-01 -1.809215579337491e+00
5.063059105871528e-01 5.162627512189464e-01
-2.055623393357808e+00 1.294108867532482e+00
9.224155324982894e-01 3.389332549725954e-01
-6.272549430768865e-01 -1.200346598257879e+00
-1.234709082775569e+00 3.078039872435843e-02
-2.425731844083342e+00 6.190091316872082e-01

94
-2.482791996537300e-01 -2.690268886418312e+00
6.790878018703300e-01 2.410376531241943e-01
-2.089896186804142e+00 1.418521904846795e+00
8.338308567527461e-02 -9.139495045654490e-01
-5.099309915322590e-01 -1.617764502725164e+00
-1.150295901116884e+00 -4.704855642639181e-01
-8.470060673446852e-01 1.079608107146609e+00

95
2.508378180460483e-01 -5.408305135975945e-01
1.568160541555727e-01 -1.679774889655353e-01
-2.060057817187054e+00 1.497408780624040e+00
2.287053851100501e-01 9.367157698100582e-02
-1.313453686431667e+00 -1.286824901958717e+00
-1.321056762569647e+00 -1.207111675009985e-01
-1.613851231600607e+00 4.199861004693943e-01

96
3.448788228131257e-01 -2.532778879348286e-02
2.403042351447323e-01 -3.175082263434796e-01
-2.004971622284109e+00 1.531555615933466e+00
-3.525825033952107e-01 5.609837144671248e-01
-1.403820506290127e+00 -1.543336657276522e+00
-1.547061779849181e+00 -2.012470833107553e-01
-1.769122694741293e+00 4.861289655769346e-01

97
1.812385603011272e+00 -2.565686588884672e+00
3.929595395350341e-01 4.240576969492578e-01
-1.715184408706355e+00 1.585689012286696e+00
-4.712900628217917e-01 -2.088605992505587e-01
-8.384354047326648e-01 -1.633842695398574e+00
-1.433840965755784e+00 -2.084221062860940e-01
-9.038264000700565e-01 1.715597237659275e+00

98
3.779441965503381e+00 -4.348329990602434e+00
3.135024446458978e+00 -1.566480750759791e+00
-3.135661735190598e+00 1.013571567897313e+00
9.296664054288148e-01 3.128732801364784e+00
1.721209187391841e+00 -4.108492413874107e+00
-1.976189982696215e+00 -1.805821572203957e+00
6.265339254274980e+00 6.246118982366075e+00

99
-1.305315069259002e-01 -2.116110045497005e+00
8.264666818597608e-01 -3.373163911960450e-01
-2.376516980360381e+00 1.204561442052719e+00
1.912956361118931e-01 -7.224563250007915e-01
-1.210990371598633e+00 -1.645716021497587e+00
-1.038162093780082e+00 -2.301955734610491e-01
-1.618704643145446e+00 1.120564702368232e+00

100
2.235649122160132e-01 -9.827677421127338e-01
3.188512061112780e-01 -4.003860653283325e-03
-1.970536969203065e+00 1.356032836232402e+00
5.221701569467077e-01 2.064975530944041e-01
-9.387050208962359e-01 -1.340791069291100e+00
-1.499170722017593e+00 -2.483266795128357e-01
-2.595762303664446e+00 -2.397018847263688e-01

101
3.153861320283509e-01 -1.377633535827540e+00
3.968122586100619e-01 -6.892077738941482e-02
-2.151032455595067e+00 1.133364409534559e+00
2.329585289526741e-01 8.522917814756086e-02
-1.132659616098122e+00 -1.337319568159778e+00
-1.250955932931285e+00 -2.209426720314143e-01
-1.969251868136297e+00 1.232978443019158e+00

102
-2.745775032014856e-01 -1.997638965822965e+00
4.517130362232131e-01 -2.098167495325294e-02
-1.981257395043964e+00 1.067280662858467e+00
2.878651482236761e-01 -6.912163726014232e-01
-7.169401337046730e-01 -1.567605511682135e+00
-1.274449171050734e+00 -2.898668546752299e-01
-1.100702760855818e+00 1.162262818418595e+00

103
2.629573651072209e-01 -5.637814985263181e-01
1.378990339801748e-01 -1.802984994582163e-01
-2.004737547642190e+00 1.504765884420479e+00
2.314596196134998e-01 1.501608061425355e-01
-1.333579971140827e+00 -1.303391067462516e+00
-1.229204920815948e+00 -1.507370380336503e-01
-1.611803102548171e+00 3.922205432072181e-01

104
1.326636574414184e+00 -1.687619969362855e+00
5.590078747127314e-01 2.094295681235308e-01
-1.776570450348695e+00 1.373177598751953e+00
7.069966389223135e-01 3.939707103429159e-01
-5.632002291111317e-01 -9.599743217609563e-01
-1.029894449670565e+00 -3.079422702343513e-01
-1.755880119516286e+00 2.136178800577014e+00

105
1.281940593703219e+00 -2.276653746763849e+00
6.328037679648792e-01 2.273699733223201e-01
-1.892912408531480e+00 1.132595765755809e+00
1.497640239420864e-01 -2.921778162873050e-02
-4.975699880765641e-01 -1.344903211772536e+00
-1.136761492523041e+00 -3.221445123980163e-01
-1.068033859414298e+00 1.996834976141224e+00

106
9.328579955255932e-01 -1.188379226739280e+00
2.115148001084556e-01 2.557278427182933e-01
-2.003265270689314e+00 1.309257171423874e+00
5.476381444718452e-01 2.459948961753070e-01
-1.000659467105571e+00 -8.988460276163666e-01
-1.105995392071595e+00 -6.849452943830552e-02
-2.053528303456161e+00 1.441867511378915e+00

107
-7.155916873606198e-02 -1.503784912127396e+00
8.688210482147858e-01 2.848033961592452e-01
-2.063230175756181e+00 1.104069448405816e+00
3.343416714180844e-01 3.325155151048410e-01
-5.123423895818962e-01 -1.008531216686617e+00
-9.935477514061228e-01 -4.352203211300483e-01
-1.376804137939680e+00 7.982038310790401e-01

