0
-1.513330975927337e-01 -1.213931993075866e-01
-4.243832939521772e-02 -2.812955751596296e-02
-5.746154847452747e-01 2.912335308230424e-01
-2.895288673720716e-01 -1.489050666266885e-01
3.310577352930529e-01 1.338256950654257e-01
2.789576755326990e-01 -2.162246760215665e-01
-8.732624873138804e-03 2.807819906880193e-02
-4.045841420327213e-03 -2.774364460770805e-01
-4.086371973165946e-03 3.727176334592735e-02
-4.690039066441454e-03 -7.666093702389336e-03
-6.952087174293324e-01 3.742041151405226e-01

1
-3.399468472957348e-01 -2.814419894822630e-02
-5.362943993341551e-02 -8.945943026970091e-02
-4.614369134101847e-01 3.525695736514132e-01
-3.474458212836639e-01 -1.377877567600056e-01
4.015050086476916e-01 1.551950006182860e-01
-1.621283780754351e-01 -2.011429771200808e-01
-3.969091775022270e-03 8.124850108582424e-02
-2.895514529800873e-01 -1.871073862176722e-01
-1.353806035900599e-02 1.184032956489002e-01
-1.523534087001478e-02 -2.682608037546083e-02
-6.178410016829754e-01 5.157149798186468e-01

2
-1.623784476576882e-01 5.309030021300128e-02
-4.438164663580629e-01 1.688778672816652e-01
9.996955215077005e-03 1.846981885734737e-03
-1.934684968113810e-01 -3.463141975315556e-03
4.485986378759005e-01 -1.261153869611948e-01
-1.519542237393514e+00 6.307844103993884e-01
-7.065657230320813e-02 3.539278647941854e-01
4.740420040157701e-01 -2.188263862593019e-01
1.628740836760426e+00 1.696252117459687e-01
-8.515180836643198e-02 6.397248875218799e-02
-2.856168548136128e-01 2.917440299449187e-01

3
3.253986088264452e-02 1.182677082346746e-01
-5.150752686878967e-01 4.453078563444623e-01
-5.843140003764965e-03 -3.273276662130701e-03
1.428646975161607e-01 5.772086791825413e-02
3.805586465675686e-01 6.082533453974520e-02
1.115916352275768e-01 1.426969071391134e-01
1.596306457739880e+00 -1.490318384918338e+00
-8.393775507640390e-01 1.473464324492535e-01
-7.595292421386824e-01 1.734303660796184e-02
1.288230531232013e-02 -2.629816064481163e-02
2.016878446448525e-01 -2.361832803667781e-02

4
-1.212556681250138e-01 1.059365688627716e-01
-1.461684331812359e-01 -5.844401411349375e-02
-7.733384576195018e-02 6.817071669635494e-02
-4.534371609160154e-01 -6.439826925368386e-02
5.384580059056208e-01 -5.030343276639453e-03
2.008555024363974e-01 2.467749571097785e-01
8.842824475935289e-02 8.666717463045341e-02
-1.579569044997974e-02 1.957977732226440e-02
4.266340422150196e-02 2.102276347567180e-02
-3.637572305493161e-02 -1.636630150429014e-02
-5.189497691869440e-01 3.782498087276756e-01

5
-6.303021427368513e-01 1.984864056843317e-01
3.530203196728772e-01 3.354042191387208e-01
-1.381249000517982e+00 1.912327695569658e-01
-1.255536313708827e-01 -6.556134065013707e-01
-1.202495077643878e-01 7.373962145554654e-02
-5.388424993683063e-01 1.133363453379548e-01
-3.647672989446878e-01 1.367662905284003e-01
-5.854012633958570e-01 4.461826848865486e-02
-2.393177127502335e-01 1.348286137782033e-01
-3.941391599866538e-01 1.069262219121449e-01
-2.717504000920064e-01 5.585498522842470e-01

6
-5.491380631976650e-01 6.934185942008039e-01
-8.520313273693236e-01 1.910647115313046e-01
4.651749638761198e-01 2.550116748881293e-01
2.780288620852528e-01 3.160407318579189e-02
9.009534432395219e-01 -1.084059927251647e-01
-4.577065903834395e-01 2.558708567256492e-01
1.995060386033417e-01 5.254816801967737e-01
-7.616559667367355e-01 7.167650005598758e-01
-5.377167914445763e-01 5.330695543880261e-01
-2.630201830219727e-01 4.646754337166038e-02
-2.111000179975115e-02 8.557206455220062e-01

7
2.136478994312985e-01 -1.104790757570909e+00
2.816674908515002e-01 1.006199738888481e+00
-1.411800592741769e-01 -1.172558984172172e-01
-1.937360097479322e-01 -1.252081382725063e+00
1.517282572807066e-01 -1.876108083406308e-01
4.670342600422384e-01 -7.359081979718893e-01
-1.685415423755895e+00 5.942410944051297e-01
2.126649758475717e+00 -2.252073272374862e+00
1.435626582387100e+00 -4.086960184427561e-01
-1.155857891371134e+00 1.230930077469682e+00
-4.567832457212236e-01 -9.414740155825152e-01

8
-1.302879884359680e-01 -7.585613650174328e-02
-1.983726876213055e-01 2.825256266307711e-01
-8.924764798157351e-03 2.606380062980133e-02
-2.350900502887702e-01 -3.770375883160502e-01
4.883535406756201e-01 -1.364623608535399e-01
-3.684359561265917e-01 -1.294526681611423e-01
-2.168932401415933e-02 5.732326113539690e-02
2.394854643641677e-01 -4.683890212929386e-01
3.781980151546308e-01 2.099497168551866e-01
-3.884136504221774e-01 4.741300050242256e-01
-1.249147672727311e-01 -3.333383018419158e-02

9
-2.006551933804911e-01 2.749223357900163e-02
-2.692977502740908e-01 -3.312801518488855e-02
4.005760448693200e-02 3.618167169183028e-02
-3.347373446018149e-01 -1.115187736695331e-01
6.640116359082211e-01 -1.266003445688300e-01
-4.720942192017974e-01 -1.936565465317818e-01
-2.096305228379803e-01 -3.516417726170337e-01
-2.324782195075271e-02 1.081085973983539e-02
1.354000685566367e-01 5.889006656394861e-01
-2.864316459765942e-01 3.350015777918118e-01
-2.052571935172809e-01 -1.244581923433775e-02

10
-2.913136650255145e-01 5.568685774057527e-02
-1.066243776091866e-01 -1.260213618315774e-01
-2.593190105414837e-01 3.821990164938823e-01
-3.825706594747480e-01 -1.243344043211493e-01
5.138245139688166e-01 1.495806749497356e-01
-1.607139614447190e-01 -2.463720525863039e-02
-8.519744366439025e-02 -3.130116045558635e-02
-2.567279928414554e-01 -6.567254041843046e-02
-4.672731185696716e-02 2.215920290540252e-01
-7.377664769910137e-02 1.688080770580605e-01
-4.960047078096662e-01 2.593565411272272e-01

11
7.853945752890754e-02 -1.322755721215680e-03
-4.163042511127168e-01 1.222555607696107e-01
-4.001207858669251e-03 1.349495955010613e-03
-2.707659802939691e-01 5.931933220133779e-02
4.148233518817177e-01 -8.880564443102892e-02
1.126984557809512e-02 4.581127119250209e-01
4.466263590125585e-01 -1.213885823071855e+00
4.166747947178752e-03 3.492653930811128e-02
-6.569935694243614e-02 -5.580200486744181e-04
-4.518691501384867e-01 1.361773955730871e-01
2.066450878772764e-01 -2.581510978628846e-01

12
-1.604685401057041e-01 1.807656279989072e-02
-1.425904174507628e-01 -7.392846771099207e-02
-6.416499972769629e-02 1.028399212337646e-01
-4.656999362589123e-01 -6.102541941642257e-02
5.459718202185455e-01 1.788848111313039e-02
1.168196546482162e-01 2.467979959802907e-01
-1.139121194036724e-01 -1.144669036230186e-01
-3.141420393652779e-02 5.669608105952018e-03
1.055148116599938e-01 1.225348497744680e-02
-2.348032729450602e-02 -7.320117116390042e-02
-6.210435739485144e-01 3.318707238651288e-01

13
-2.767030728453422e-01 2.919531243467162e-01
-2.375803146206218e-01 -1.182971610719576e-02
4.632313513944248e-02 2.916874769944418e-02
-3.820242331553598e-01 -1.166488154183411e-02
5.874236083764174e-01 -1.515342212212045e-02
-1.712310349522053e-02 1.039767715124510e+00
8.023525088800394e-02 3.130305712328648e-01
-2.822989099087654e-02 6.407371932486720e-02
1.768994826783587e-01 -5.582962848314432e-01
-4.577203078883176e-01 -2.129219833387477e-01
-1.097489700290103e-01 6.838034803442337e-01

14
2.079974442446269e-02 -1.134680522198115e-02
-7.798370609362824e-01 2.292052113870670e-01
4.161357818695183e-04 4.610065910241664e-04
-2.047357975693998e-01 1.725674991899798e-01
1.742802344642581e-01 -3.217282353680894e-01
-9.486646715481187e-01 -9.962788411521185e-03
1.390892423338652e+00 -9.317467610822834e-01
-2.974958207979428e-01 -1.853743292678500e-01
4.111194633016634e-01 2.284597352591956e-01
-6.076066806640120e-04 6.881928755449708e-03
2.056524849461455e-01 9.449533675914333e-02

15
-3.330787130809903e-02 3.844930644319412e-02
-3.999628589482183e-01 6.841360879115765e-02
2.699872117737857e-03 -4.144118811917057e-04
-2.131842165046001e-01 6.880628065177317e-02
5.318168947263814e-01 -6.642799129434056e-02
-4.621544336846106e-01 6.303711174342099e-01
1.007364561067979e-01 -4.999555319718977e-01
2.712781217503833e-01 -1.928980409570873e-02
5.897292858932563e-01 -3.867788474865411e-02
-4.052739805498712e-01 9.472751075936666e-04
7.245420565312442e-03 8.627784026874331e-02

16
9.835566333512867e-02 4.147873521758048e-01
-4.397780572400242e-01 1.878581725020022e-01
7.771987503418623e-05 1.910734992788869e-02
-1.828615092027723e-01 2.579245358219022e-02
4.189455052788716e-01 -7.603811614320831e-02
1.723789323805400e+00 2.264083454923234e+00
2.761112424862751e+00 5.850218497966559e-01
-4.246999843287542e-01 -1.129706987598470e+00
-9.332486898488737e-01 -2.893160028258360e+00
-8.701097903846193e-01 5.484634780305585e-02
1.022385434993438e+00 5.866610049541966e-01

17
-6.552020868527110e-01 -4.913088003717783e-02
-9.677607185245282e-01 -3.560279034989773e-01
3.743258788389769e-02 4.111806856635729e-01
2.595562169779569e-01 5.683653005110028e-01
9.417222832667049e-01 6.040078284152975e-03
-3.669638774474381e-01 -1.676620706634861e-01
-3.886381216565847e-01 -6.696467605370443e-01
-9.424134253401304e-01 -2.308507459582856e-02
-5.888864577180517e-01 1.472686172227101e-01
-1.620245933563689e-01 3.956638998743688e-02
-5.594717558355986e-01 3.105300955091686e-01

18
-4.298888397530826e-01 -2.257343653030294e-01
5.825041556276813e-01 -3.273646303111212e-01
-5.266483447850859e-03 -5.099825502862044e-02
-1.366989847967427e+00 -2.280092229967614e-01
4.670588593926090e-01 1.866187931187234e-01
-2.280106869877326e-01 -1.519370793943694e-01
-6.524311613010945e-01 -4.717480104466429e-01
-1.594388016401531e-01 -3.484497255679230e-01
-6.475507916130144e-02 1.283293847689471e-02
-5.066698122901201e-01 1.204445516722691e-01
-3.899891172499338e-01 1.730868831790062e-01

19
-3.868724069389331e-01 3.463402402573998e-01
-5.382522894640389e-01 -7.562520656671881e-01
4.506711542697064e-02 1.993047173842900e-01
-5.717060024697161e-01 8.300028345780887e-01
8.065753625469646e-01 1.345991915790292e-01
-3.639746571723352e-01 3.336595419412582e-01
-4.484163266619037e-02 5.127725942221574e-01
-1.475703399275510e-01 8.658238882764219e-02
2.606566185404295e-03 1.089572377618590e-01
-5.117394523048296e-01 1.720551099121595e-01
7.902501630338066e-03 5.678739275274804e-01

20
-3.851922110738662e-01 1.469693868892171e-01
-1.488510482627184e-01 -1.500636138220938e-01
-4.925019979685265e-01 6.004420915604314e-01
-2.265883993590359e-01 -1.214834543324600e-01
4.498969018268404e-01 2.379157892285420e-01
-2.600611076519784e-01 1.647688668067238e-02
-2.005553463557386e-01 4.120909426317765e-02
-3.360268195616301e-01 3.634482156524006e-02
-1.497693208809671e-01 2.744555160411424e-01
-2.186605468638007e-01 2.034254449518550e-01
-3.650985987203653e-01 3.191437617003559e-01

21
-1.055761136455479e-01 1.160913464853590e-02
-5.333066782489376e-02 -2.767863945432203e-01
-1.673674443319396e-02 -1.236266905615264e-03
-7.365828189061435e-01 1.385780147046407e-01
5.623669969496067e-01 6.060660786557909e-02
7.291804641136537e-02 2.176583021446336e-01
-7.842461537302445e-02 -3.738956696406446e-01
1.603475770467994e-01 -9.713056939529689e-02
-3.382282746826283e-04 1.421815959144573e-02
-5.588644867385798e-01 1.429551126897737e-01
-1.999301618061132e-02 1.080098514197165e-01

22
-1.130637362814102e-01 1.147867669244643e-01
-1.320006036372082e-01 -7.824251734988551e-02
-8.877783788235902e-02 1.247036740019886e-01
-4.567445026413971e-01 -8.767114067195932e-02
5.495543857384515e-01 1.643172626809164e-02
2.111636811283761e-01 2.299136102089213e-01
6.474316115297123e-02 7.738385463964177e-02
-1.673110644980575e-02 1.359889919185393e-02
9.128849709950010e-03 6.981769408933365e-02
-4.675450345648543e-02 7.890905695850198e-02
-4.959722575676836e-01 2.857009082860156e-01

23
8.279026715142733e-01 2.876191421376991e-01
2.064304722265141e-02 -1.782338619751674e-02
-6.527348607374318e-01 5.039323306503329e-01
-2.501957333443345e-01 -2.851687195880967e-01
3.210111884017166e-01 2.260088936623789e-01
2.245152808132018e+00 1.134049200688767e+00
-4.202937993200931e-02 6.313645175858741e-02
1.334028576867075e+00 6.290571686006478e-01
8.977974087219480e-02 -7.336957067227359e-02
3.601541186783939e-02 -2.995277271700866e-02
-6.846479756246681e-01 -1.757506706315916e-01

24
-7.565939217335062e-02 8.966861031672523e-02
-1.853754094135409e-01 1.445829644358314e-01
-6.511198989395601e-03 -7.285990891396209e-03
-3.754887212539072e-01 -8.217044088497932e-02
4.392504164190025e-01 1.018802996308068e-02
3.185358081078355e-02 -2.322425459533280e-01
1.072272654486105e+00 1.999238148334792e-01
-1.268611127141028e-01 -1.677333142040408e-01
-9.744049821027785e-03 -3.052766668300022e-02
-6.508950725980699e-02 -3.126155564308427e-01
-1.781750640528890e-01 8.772146096144559e-01

25
3.527957285836688e-03 4.764539126215027e-03
-5.534490039007425e-01 3.993181823226959e-01
-1.397253167365781e-04 1.616652434713588e-07
-1.642071892757862e-01 5.829324199964255e-02
1.524026869094906e-01 -9.213673736850979e-02
-3.970611523179333e-03 -6.679671408388552e-02
7.410954475980772e-01 -3.790173819170699e-01
-1.112351893386837e-01 -1.253092747006573e-01
2.151098460257685e-02 1.245765219736760e-01
-1.885706411936657e-03 3.406409743665725e-04
-2.455052477567688e-01 2.465475660724009e-01

26
-1.636869120211936e-01 1.064114939283283e-01
-1.521960485056244e-01 -5.522692820358067e-02
1.692332336723672e-02 1.006356655749940e-01
-4.748147589320962e-01 -7.561969891614014e-02
5.733011856130914e-01 1.681245868838591e-02
1.946387237417872e-01 2.803471031248115e-01
2.803578951415624e-02 1.152842143606012e-01
-1.806743556789488e-02 1.868312126715355e-02
3.070700706061123e-02 -4.826886628332268e-02
-1.141325208450788e-01 -8.267728670268849e-02
-4.903563177187667e-01 4.697966100510260e-01

27
-1.539956478409007e-01 7.908340465112855e-02
-1.403407792880942e-01 -9.003524629257480e-02
-9.425400002076810e-02 7.058285751664650e-02
-4.582114572752322e-01 -5.425094656104403e-02
5.560129132193795e-01 -6.625912387038619e-03
1.814327538572239e-01 2.873088766990210e-01
-1.439089325169995e-01 -2.429417485374813e-02
-2.419392758613336e-02 1.786458652021887e-02
2.223196187742880e-02 5.006003637252920e-02
-7.910927831315079e-02 8.514049085844146e-02
-5.457956958340399e-01 2.248720211787777e-01

28
-1.661691458727404e-01 3.286335495258758e-02
-1.429893062407158e-01 -8.808460284533609e-02
-3.703521028991531e-02 8.970005038970175e-02
-4.785418171568361e-01 -5.419858769459698e-02
5.692071648872306e-01 1.096177393675228e-02
1.229379042962629e-01 2.758368119761200e-01
-1.465980081409513e-01 -1.284322576996629e-01
-2.894207087314088e-02 1.052190831123832e-02
7.204675469221478e-02 1.191155607886402e-02
-8.082505364397538e-02 -2.547349578517275e-02
-5.647094036457734e-01 2.888519266547624e-01

29
3.274752066280336e-01 1.392340187771759e-01
8.839249459828442e-01 -1.548641285470117e-01
-1.189120068860182e-02 -4.169556873286132e-02
-1.420982164720293e+00 -7.070487464478036e-01
4.997564906135571e-01 1.590882274808539e-01
1.880029776705635e-01 1.033287823927467e-01
1.686596101857565e+00 -8.932122076205010e-02
1.028038332233027e-01 -4.670728784570650e-01
5.223053521073410e-02 -1.668351185185187e-02
-5.925237078892617e-02 5.747909976555288e-01
2.944204520948647e-01 -2.173849190932790e-01

30
3.753207084089735e-02 2.267730850597134e-02
-4.067649869199798e-01 3.338874095607740e-01
-2.721907623285240e-03 3.161023797244331e-04
-1.239870404016843e-01 -3.609279801066865e-02
3.462544256555312e-01 -2.858586315424029e-02
-2.250775169857574e-01 1.952327054080832e-01
5.790790024662335e-01 -8.919986325039877e-01
-1.931145691519483e-02 3.920349082211771e-03
7.373959541208908e-02 1.762977349401754e-01
-3.185355786813877e-01 1.076228781265499e-01
1.293773031925036e-01 -5.919600927589667e-02

31
-2.026031792007550e-01 4.863005172021963e-02
1.011136294673692e-01 -1.969478435396665e-01
3.926382359542969e-01 -1.835614421837428e-01
-1.007672538425816e+00 -5.418138982048066e-02
6.815564702613049e-01 -1.830870313962396e-02
-6.244017132311986e-03 -8.508695565620679e-03
8.509100478679009e-05 -1.326828911801520e-02
3.955525869286319e-02 -2.579626147561906e-01
-1.107190722062716e-01 6.971747738993085e-02
-5.744445963086134e-01 3.362952000596477e-01
1.952290394281202e-02 1.551050815843007e-01

32
-3.699529618574435e-01 3.770333854343828e-01
-3.418734487404432e-01 4.846413936842819e-03
3.441043625141465e-03 1.602966373977985e-02
-2.603259809615500e-01 1.353533816691820e-02
5.981044334279670e-01 -8.057716173319325e-02
-8.127208412206376e-01 4.626930098189045e-01
2.220020333689093e-02 8.025292327145299e-01
-6.258662411957958e-02 1.275950784480424e-01
5.610133300626503e-01 2.015466404692213e-01
-1.737121325169529e-01 5.896957159577509e-02
-2.453204951455822e-01 6.954794427557972e-01

33
-3.771750421837775e-01 -1.574059370212510e-01
-9.949458561740657e-03 -1.042825856462163e-01
-3.642882546532364e-01 1.878596247163249e-01
-4.424729062563726e-01 -1.029222580345845e-01
4.455735484027245e-01 1.088455998448093e-01
-2.568536414283485e-01 -2.638767528013569e-01
-6.033771116928188e-02 -2.876652042784371e-01
-3.329591373290788e-01 -2.283402603330358e-01
-5.687432803567061e-03 4.155510341545977e-02
-9.147115064192214e-02 -2.059490340077111e-01
-6.019511048239872e-01 5.594282319207112e-01

34
-4.359062882269429e-02 -1.177212372544693e-01
-4.077278989619587e-01 1.433324399701897e-01
2.777496792586006e-04 7.174690559323058e-03
-2.335950466644568e-01 2.006174556464039e-02
4.413671579676172e-01 -8.821232890049875e-02
-1.640602652912647e+00 2.777097026572536e-02
-1.621553202251030e-01 -1.191083177252053e+00
2.019174821902386e-01 2.832075799965806e-01
1.236982334859846e+00 9.764205114234884e-01
7.351916660472609e-02 -2.132180873226364e-02
-3.096480058555859e-01 -1.847011168082192e-01

35
-1.989662227675260e-01 -6.565606095943884e-02
-9.044991443337232e-02 -5.579376280769092e-02
-2.921436980035777e-01 1.103984648060574e-01
-3.966013325438227e-01 -7.115931501867435e-02
4.557653666091014e-01 4.755613645218432e-02
3.349934820127571e-02 -1.249142833628855e-01
-1.359575551558698e-02 -4.668265932307149e-02
-1.445240336273967e-01 -1.740740371485733e-01
5.284079950094651e-02 1.403773888691169e-01
9.841917452394565e-02 3.797342979129190e-02
-7.205505016586088e-01 3.049440907402658e-01

36
-2.748829244259067e-01 2.028044525654033e-03
-1.758073600818903e-02 -2.885655974433798e-01
-3.508818803617903e-02 6.699268157460286e-02
-7.046785074577855e-01 6.818686574004594e-02
6.114606031686896e-01 8.542788560824981e-02
-1.552289397317400e-01 1.776736955942742e-01
-2.487533615960807e-01 -4.182495595641874e-01
-6.858157703891210e-02 2.767764773193195e-03
-1.202498113634050e-02 3.908746141180491e-02
-4.721882972903680e-01 -5.478804029752192e-02
-1.913563889865721e-01 3.255655055755381e-01

37
-1.039906148782649e-01 -1.197992068206628e-01
-4.467848535938063e-02 -1.831552685993771e-03
-5.042993167809249e-01 -2.343991642148736e-01
-3.439896542623350e-01 2.408349358050759e-02
3.684099106837305e-01 -6.192275297047702e-02
3.376242836183708e-01 -1.163721338227193e-01
-1.896422102724985e-02 -9.704893686329058e-02
6.135944749221806e-02 -2.270588008283488e-01
6.003129130783525e-03 7.354357754659161e-03
-5.514160415773601e-02 -3.578801607901461e-02
-6.399109821277476e-01 3.261518029021741e-01

38
-3.539195087311019e-01 5.164678951529584e-04
3.407204008327921e-01 1.921788083167072e-01
1.767652879903134e-01 -7.462530549667883e-03
-8.732067544739086e-01 -6.418647304340085e-01
4.712944341171654e-01 4.515798797088162e-03
-3.208428070095634e-01 -9.370310976186162e-02
3.389662485374301e-02 1.548191620899590e-01
-2.173314894417172e-01 -4.605670187116111e-01
-2.597230335476585e-02 2.312183555385366e-02
-3.764964158515238e-01 4.230699172826190e-01
-1.652854783049583e-01 1.730049522622636e-01

39
-1.342766350881283e-01 -1.283593932848890e-01
-5.011931514973129e-02 -2.652609917185040e-02
-4.139579806150376e-01 1.480117471989173e-01
-3.554478667901493e-01 -1.074271249477452e-01
3.969665077342716e-01 8.218823749876689e-02
2.717900560729247e-01 -2.081461164497827e-01
-3.381620113050635e-03 -3.405820164934644e-02
-4.543463291527742e-03 -2.720905835204842e-01
2.995468694299262e-03 5.860423925602576e-02
1.497711992300193e-02 1.858660375523579e-02
-6.979465000718109e-01 3.144718226634681e-01

40
7.529797713139946e-01 3.041662278974773e-01
1.024720967103569e-02 -1.642634877065247e-03
-1.281555593986254e+00 3.040086611612245e-01
-3.168674233307772e-02 -1.415401737344468e-01
6.704157477957801e-02 1.350396313627817e-01
2.172786548933713e+00 1.029631764857955e+00
-1.184320603500316e-01 1.828018648479265e-01
1.280185565568561e+00 5.624994905406532e-01
8.073026588272195e-03 -2.470225394903548e-02
-6.337617381874733e-02 1.020884674192582e-01
-6.066993064672040e-01 -1.954797001410510e-01

41
7.040193802915363e-01 2.184659731354596e-01
2.248848435888953e-02 -1.137248230515816e-02
-8.612150270397967e-01 6.428200428828990e-01
-1.570636776651109e-01 -3.154558325556350e-01
2.328638251584042e-01 2.788801112440701e-01
1.908465465550674e+00 8.915169686390394e-01
5.885203551183105e-02 -3.237887615841992e-02
1.133021000008007e+00 4.708276468690730e-01
6.224214240996982e-02 -3.151759856100000e-02
-1.215845979505302e-02 8.639554406335776e-03
-5.872639539181753e-01 -1.449920184630863e-01

42
5.529943248683766e-02 5.502215217125562e-02
-2.862771061596175e-01 2.864024855816356e-01
-3.897173365973566e-03 3.887123906631562e-04
-2.268760189948033e-01 -1.235480050961373e-01
3.849824818718659e-01 -2.496521428959340e-02
-1.862032444310678e-01 2.286601907850624e-01
9.602783832551691e-01 -9.292689950616185e-01
-1.488557531581378e-01 -1.277687701842303e-02
-2.890490841012039e-02 4.469817384437109e-02
-2.844348185035699e-01 7.963616686682384e-03
2.277800440099431e-01 5.765293496206615e-02

43
-5.008683968164995e-01 -4.997074792621249e-02
-1.972022452303824e-01 -1.368108205138820e-03
-4.232298848337568e-03 3.077342789413544e-02
-3.693969740155653e-01 -5.933395571259553e-02
5.841468589558676e-01 -1.472250852684926e-02
-3.857722625236293e-01 2.339407097057822e+00
-1.303106355291542e+00 -8.207124026595707e-01
-7.730363073406782e-02 6.099772081061802e-02
7.752359868162879e-01 -1.320311067393579e+00
-4.405384473496797e-01 -5.024959118385766e-01
-6.784133214288290e-01 1.843725513820662e-01

44
-2.297722930149344e-01 1.815645179491237e-01
-2.326627284433594e-01 2.738830456679863e-03
7.781965571615260e-02 -1.672574288354064e-02
-3.640317030720167e-01 -1.128813113433686e-01
6.525987094960504e-01 -1.092113144462647e-01
-5.309062472358183e-01 -2.931596201719971e-01
-5.826982647217090e-02 2.393480974039557e-01
-4.426172036092429e-02 3.857230027598001e-02
1.659739491618629e-01 7.274871406629307e-01
-1.665930929757186e-01 4.360176396032724e-01
-2.446453272260656e-01 1.612942142899804e-01

45
2.038382391940980e-02 1.168585106175155e-02
-3.915265887566808e-01 1.031675391464037e-01
-1.203226576121349e-03 3.280758267124532e-06
-3.720683843391573e-01 3.981582681679277e-02
3.664975178271153e-01 -1.185549463057781e-01
1.411811577935322e-01 1.233198188357917e-01
5.946094405642218e-01 -5.421797927998840e-01
1.215229812982593e-03 5.135317956114045e-03
-9.678251938146937e-03 -3.392401108358079e-03
-1.893595845483934e-01 -1.924631086774622e-01
-1.513796125359128e-01 3.471279875956691e-01

46
-2.024001241906610e-01 -1.778051458477530e-01
-2.597994349291644e-01 -6.686603895310712e-03
3.976179734622411e-03 1.991088473404942e-02
-3.459230834209913e-01 -3.331879996189505e-02
5.844450477865925e-01 -6.058701277718521e-02
-1.292180872689473e+00 7.176460507286777e-01
-2.542222822573431e-01 -1.218438869232100e+00
-5.517095514404949e-02 -1.965676291452991e-02
1.019968383383346e+00 9.129323013392648e-02
-4.057874811889399e-02 -8.123795826692294e-02
-3.809945112235475e-01 -1.853574445527472e-01

