11
0
0
52
-1.481458359779466e-01 -8.471975957972784e-02
-5.916275842755644e-02 -4.021303543215422e-02
-4.736427572845445e-01 3.296149018760771e-01
-3.222611297280448e-01 -1.578426725923163e-01
3.707903031949093e-01 1.416879511899820e-01
2.406574528456606e-01 -1.631047158419060e-01
-6.817075266278109e-03 3.147553617952140e-02
-1.771567758907346e-02 -2.388424029926066e-01
6.169533728540050e-04 4.203461175493639e-02
-6.639687136495111e-03 -7.691625114028821e-03
-6.835370659365070e-01 3.756613008299700e-01
2.288783399261119e-16
6.634437563035848e+03
7.002378555867993e-16
9.765625000000001e-05
2.462750206753475e-15
0.000000000000000e+00
1
1
1
52
-3.445983891719783e-01 -1.950881168576933e-02
-5.924851180943345e-02 -1.145838263037715e-01
-3.744025742227950e-01 3.689882331814879e-01
-3.888854415754618e-01 -1.350863215561989e-01
4.445075525826556e-01 1.591872502388370e-01
-2.218736637988558e-01 -2.216944081151817e-01
-1.210281638660720e-02 9.442946928451808e-02
-3.271296051629898e-01 -1.913867018307590e-01
-2.743700326001187e-02 1.307529320414459e-01
-1.471619231204046e-02 -3.105665758081131e-02
-6.339228011192530e-01 5.471988672133240e-01
1.132209773400735e-15
8.306645614660544e+02
7.599176800882914e-16
3.906250000000000e-04
9.654197185571036e-12
0.000000000000000e+00
1
1
2
52
-1.559372920825610e-01 5.401938766094356e-02
-4.563091258061245e-01 1.773455988250108e-01
9.438921855035885e-03 1.351358468478182e-03
-1.898945822136387e-01 2.795674427734619e-04
4.359209373275117e-01 -1.323526732343428e-01
-1.522668805814506e+00 6.394665614996849e-01
-6.954151822921494e-02 3.588401560057622e-01
4.629870704648941e-01 -2.220315392483731e-01
1.617732928601445e+00 1.642095405554908e-01
-8.466301603726158e-02 6.665179024081898e-02
-2.910948584061178e-01 2.985306788008939e-01
5.661048867003676e-16
2.742322774873844e+03
1.573557889754906e-15
1.562500000000000e-03
1.075397255697645e-12
0.000000000000000e+00
1
1
3
52
3.546430961495471e-02 1.154434217246006e-01
-5.292839076064819e-01 4.534147298819021e-01
-5.800010098537286e-03 -2.609727036976170e-03
1.435562540135268e-01 4.790924617807495e-02
3.694701671859158e-01 4.086903410988536e-02
1.119365736118428e-01 1.513519760793871e-01
1.601697973493528e+00 -1.486946270059667e+00
-8.358005414848287e-01 1.565773090140840e-01
-7.542284093601097e-01 2.517151953113209e-02
1.353174557993886e-02 -2.708811499727444e-02
2.101168775182969e-01 -1.886823352239922e-02
4.518280359883027e-16
2.990650350615968e+03
1.644210439275696e-16
1.562500000000000e-03
5.905677358632969e-12
0.000000000000000e+00
1
1
4
52
-1.125155267866523e-01 1.016447934427092e-01
-1.578252142551077e-01 -6.603270910307181e-02
-6.775366692178919e-02 6.802641740872119e-02
-4.575401509023618e-01 -5.678503197768197e-02
5.424728253510358e-01 -1.342371434936438e-02
1.969364082788875e-01 2.549732900807817e-01
8.727751495746612e-02 8.975656209113368e-02
-1.622013527106137e-02 1.974389809863987e-02
4.340052486533214e-02 2.195919467226991e-02
-3.590987942104829e-02 -1.735938343539937e-02
-5.218328710989326e-01 3.861748689690341e-01
2.618455766672135e-15
1.792371766608709e+03
2.244243524553116e-16
1.562500000000000e-03
5.705194632136531e-12
0.000000000000000e+00
1
1
5
52
-5.989580280173941e-01 1.944291485926225e-01
4.719595801110399e-01 4.388747618390096e-01
-1.381715809310381e+00 1.169091784047223e-01
-1.556769931768877e-01 -7.715283261398838e-01
-1.570454143509867e-01 8.595335127556056e-02
-5.675642535578487e-01 1.209307939537300e-01
-3.862460956926859e-01 1.444234348110222e-01
-5.957077603209771e-01 4.063587263993301e-02
-2.550376840259895e-01 1.424987454270009e-01
-4.037686310895514e-01 1.060130217155317e-01
-2.904871908983045e-01 5.883551275556502e-01
2.259140179941514e-16
3.808699726204542e+02
2.712923550535509e-15
3.906250000000000e-04
4.386243639212974e-13
0.000000000000000e+00
1
1
6
52
-4.934205712160390e-01 6.859927898283734e-01
-8.207180271895189e-01 2.218073835105480e-01
3.665347690041452e-01 1.667563115323638e-01
2.362813638518647e-01 3.001042820038751e-02
7.988664582130310e-01 -1.581525935656975e-01
-4.804678700154404e-01 2.907688473165061e-01
2.263146726926134e-01 5.552344467456604e-01
-7.536750638592187e-01 7.562387723321096e-01
-5.393408207404538e-01 5.889020514470210e-01
-2.691182665382674e-01 5.420560386375838e-02
8.292225973859774e-03 9.007277252685092e-01
3.477763656540197e-16
3.527349500008154e+01
4.654324666287205e-16
3.906250000000000e-04
1.797271492408555e-12
0.000000000000000e+00
1
1
7
52
2.385877709570418e-01 -1.049262131717902e+00
1.671745093500528e-01 1.089141413502970e+00
-1.055927107008242e-01 -1.060193530157644e-01
-3.659298391516932e-02 -1.202967378520599e+00
1.562671120749556e-01 -1.707877772249522e-01
5.186287534001354e-01 -7.608015113044144e-01
-1.788420811589555e+00 5.703540655663071e-01
2.299937964235722e+00 -2.213708160132868e+00
1.513387567403097e+00 -3.907710596686996e-01
-1.223230119951723e+00 1.209304274505739e+00
-4.450179908173159e-01 -1.007861269856287e+00
1.256073966947020e-15
1.886258747381709e+02
1.286309447143936e-15
3.906250000000000e-04
5.540015837823888e-13
0.000000000000000e+00
1
1
8
52
-1.215425683466240e-01 -7.166069279350565e-02
-2.110160686702700e-01 3.017470880135418e-01
-7.766038772676919e-03 2.156699092105160e-02
-2.215072756211068e-01 -3.657822113792569e-01
4.722745694046128e-01 -1.311164998471031e-01
-3.756302870636507e-01 -1.308653809222097e-01
-2.186371816216583e-02 5.927201691607525e-02
2.467007757288807e-01 -4.748765460843364e-01
3.827224451117953e-01 2.062460900868547e-01
-3.921144084804656e-01 4.740496292056803e-01
-1.283577022765473e-01 -3.337654643152764e-02
1.144391699630559e-16
1.065421115978598e+03
3.440719532904534e-16
3.906250000000000e-04
2.400659400032187e-15
0.000000000000000e+00
1
1
9
52
-1.928659615261437e-01 2.363915868833623e-02
-2.948447242783028e-01 -2.912652546561650e-02
3.412611491174757e-02 3.256020359276238e-02
-3.275278520432911e-01 -9.623230386897030e-02
6.474856091401900e-01 -1.410933300446465e-01
-4.946261106529299e-01 -1.872258519172330e-01
-2.346479015385492e-01 -3.659053249037550e-01
-2.467798898739337e-02 1.109765263734121e-02
1.415153990943911e-01 5.935069374731096e-01
-2.878191612850288e-01 3.336890579188092e-01
-2.187483950114239e-01 -1.318113144018925e-02
2.001483021243360e-16
7.651723645883174e+02
1.476323377737654e-16
3.906250000000000e-04
4.767499851251220e-15
0.000000000000000e+00
1
1
10
52
-2.750557743239561e-01 4.555630616122479e-02
-1.205103130927986e-01 -1.428822871849081e-01
-2.059420338385873e-01 3.411655542715558e-01
-4.107774241850875e-01 -1.002018704532734e-01
5.398087128161977e-01 1.243300081028050e-01
-1.731633728950756e-01 -3.680415771390503e-02
-8.693476631259753e-02 -4.222618474537402e-02
-2.628706031391028e-01 -7.691455215750666e-02
-5.016952265280113e-02 2.218104831964907e-01
-6.688847194624044e-02 1.589287520429722e-01
-5.179271389245133e-01 2.730829111922042e-01
2.288783399261119e-16
1.095450581601467e+03
4.560827881748019e-16
3.906250000000000e-04
9.175607201615898e-14
0.000000000000000e+00
1
1
11
52
7.723131269592924e-02 -2.917215348071986e-03
-4.329041237204542e-01 1.243426126540303e-01
-3.766904736273312e-03 1.515118667486181e-03
-2.659931501552956e-01 6.558889414263372e-02
4.080326238745435e-01 -9.893954566510195e-02
1.670890002110108e-02 4.551638871710060e-01
4.599658176432384e-01 -1.223432276075042e+00
4.238843230682795e-03 3.465993154500099e-02
-6.779581302841703e-02 -1.579312329230874e-03
-4.533872905458948e-01 1.358553782474761e-01
2.168101140239778e-01 -2.626910945948120e-01
2.558937633260452e-16
1.487913270259945e+04
4.530443934699286e-16
1.562500000000000e-03
2.081831973797980e-13
0.000000000000000e+00
1
1
12
52
-1.474980159521897e-01 1.856132790065504e-02
-1.542630091731751e-01 -8.272989807318022e-02
-5.642370723517955e-02 9.897965193918883e-02
-4.706285959701672e-01 -5.185147540553570e-02
5.497189428317620e-01 7.154290838878899e-03
1.108766705183340e-01 2.460382332451730e-01
-1.101385024492250e-01 -1.156256844560349e-01
-3.158135894562576e-02 4.498106429906512e-03
1.054247103746701e-01 1.829215690966164e-02
-1.699644146266651e-02 -6.983160076785977e-02
-6.296636851923464e-01 3.308386774458621e-01
1.318846268912614e-16
2.571344241731726e+03
2.484176014174114e-16
3.906250000000000e-04
6.076336777223105e-14
0.000000000000000e+00
1
1
13
52
-2.579527314502756e-01 2.814062712638097e-01
-2.581750528100883e-01 -1.277921428307409e-02
4.310264938303073e-02 2.180221527401520e-02
-3.759954845842864e-01 -3.242986119410111e-04
5.812138596409677e-01 -3.195181714397587e-02
-5.620507065439565e-02 1.071259182613477e+00
7.530140074981025e-02 3.281373975181009e-01
-3.014784497992947e-02 6.612485248442984e-02
2.047802678908741e-01 -5.487478086440333e-01
-4.436614712790086e-01 -2.112919443318476e-01
-1.226806642952670e-01 6.996141330284223e-01
2.288783399261119e-16
5.247904219317865e+02
1.126231102408656e-15
3.906250000000000e-04
5.810875188254519e-15
0.000000000000000e+00
1
1
14
52
2.078640973659827e-02 -1.109629827780296e-02
-7.757134314413361e-01 2.361156430306415e-01
4.012109480797375e-04 4.530393611685432e-04
-2.017489874082393e-01 1.695758542874713e-01
1.719580707721561e-01 -3.160675936826904e-01
-9.454465214480332e-01 -1.755166460300212e-02
1.396997188005473e+00 -9.303353467529765e-01
-2.966080784672737e-01 -1.862396959249782e-01
4.088877504512941e-01 2.308417138424174e-01
-6.254186301889534e-04 6.923511248220850e-03
2.080655323950630e-01 9.528874919038262e-02
1.867065397713989e-16
2.033225549391724e+05
1.551662752594740e-15
1.562500000000000e-03
5.218122033236358e-15
0.000000000000000e+00
1
1
15
52
-3.039218745479518e-02 3.695340396222143e-02
-4.197492433676397e-01 7.146159603408921e-02
2.357323347903229e-03 -5.608503969910658e-04
-2.084362275336513e-01 7.398143251571707e-02
5.226824653672318e-01 -8.093319498210771e-02
-4.638303294442178e-01 6.257444258503841e-01
1.016782439904369e-01 -5.055798760411248e-01
2.678331619320432e-01 -1.519869319729690e-02
5.851115975461757e-01 -2.994905286155565e-02
-4.032758050528981e-01 1.961687325927310e-03
6.845979686201677e-03 8.636096992991496e-02
1.068054466365228e-15
2.452322951532769e+04
7.337483720086251e-16
1.562500000000000e-03
2.654901536504780e-12
0.000000000000000e+00
1
1
16
52
9.141600112167865e-02 4.103210399540695e-01
-4.539962039682458e-01 1.942815999246554e-01
1.190529736207270e-03 1.776993211815208e-02
-1.792754488933509e-01 2.930562565846349e-02
4.091843497759067e-01 -8.536513835303590e-02
1.701383567515686e+00 2.389541854885143e+00
2.779239317409193e+00 7.049130828073084e-01
-3.996059095260110e-01 -1.145512716075351e+00
-8.481350212356539e-01 -2.970007117174422e+00
-8.701518344736894e-01 3.127925222090056e-02
1.036130385795034e+00 6.543976486761041e-01
1.542503785220735e-15
6.286310546616848e+03
1.000494794890272e-14
1.562500000000000e-03
3.378083024168918e-12
0.000000000000000e+00
1
1
17
52
-6.227006485902159e-01 -5.237943573717721e-02
-1.016632441089809e+00 -2.442001874359720e-01
6.468671940754477e-02 3.190597686953857e-01
2.798080618999507e-01 4.888987530667492e-01
8.819329334606022e-01 -1.192430766492186e-01
-3.883257808801532e-01 -1.864894333312181e-01
-4.311414014040101e-01 -7.147277535779970e-01
-9.532577330860348e-01 -2.624114549839369e-02
-6.174138161778641e-01 1.613972595978646e-01
-1.680227771324271e-01 3.585938238105623e-02
-5.977141461423289e-01 3.108473582138275e-01
3.749571788088184e-16
7.514018858124362e+01
1.324515393319372e-15
3.906250000000000e-04
8.324749464943946e-13
0.000000000000000e+00
1
1
18
52
-3.940913616065941e-01 -2.287117269016021e-01
7.040459057897989e-01 -3.453128789713674e-01
-8.464049824853305e-03 -4.607116651344598e-02
-1.440824029472585e+00 -3.093485349464329e-01
4.947834320488537e-01 2.206738005318176e-01
-2.280920891554850e-01 -1.687940494707439e-01
-6.703208140468798e-01 -5.382902404071578e-01
-1.387503846279624e-01 -3.543563750238845e-01
-6.788444150982957e-02 9.575213707188777e-03
-5.136599895857181e-01 1.002992803934679e-01
-4.157493678118261e-01 1.590808050397730e-01
2.371437420133774e-16
1.474166232910421e+02
1.014765478576965e-15
3.906250000000000e-04
2.491413606589437e-14
0.000000000000000e+00
1
1
19
52
-3.674722301385494e-01 3.388516168155714e-01
-7.192805918295934e-01 -7.210265756927623e-01
7.877381728060825e-02 1.563117840500929e-01
-4.233285515151224e-01 8.747536301911564e-01
8.408412037425760e-01 1.611790784344897e-02
-3.879498514738856e-01 3.564390070918282e-01
-6.089302094970356e-02 5.452699214191511e-01
-1.528381541335981e-01 9.253240622868998e-02
3.347579670358698e-03 1.198365875199142e-01
-5.164939117502855e-01 1.704055086614998e-01
9.663177228177483e-04 6.063370957175029e-01
4.577566798522237e-16
1.558943039988938e+02
2.825173936537017e-16
3.906250000000000e-04
1.084945443042587e-12
0.000000000000000e+00
1
1
20
52
-3.668211615012449e-01 1.479354743154652e-01
-1.863910804878502e-01 -1.634133013332905e-01
-4.023212373867268e-01 5.822235010699182e-01
-2.437706003642715e-01 -1.032104303970027e-01
4.931828929915393e-01 2.105349107832524e-01
-2.842223529278193e-01 2.023960705727932e-02
-2.215643660890991e-01 5.019354826003467e-02
-3.439026941603445e-01 4.366046608102043e-02
-1.593884437621822e-01 2.942934867822304e-01
-2.223105290818793e-01 2.093572070342992e-01
-3.766710334189254e-01 3.346693640884311e-01
2.482534153247273e-16
8.452360089061681e+02
2.244665705999132e-15
3.906250000000000e-04
1.569020995640525e-13
0.000000000000000e+00
1
1
21
52
-9.613926522978994e-02 1.298265646527091e-02
-6.215333486450861e-02 -3.164934324950791e-01
-1.433888590168073e-02 3.126528194447128e-04
-7.515115374244669e-01 1.600778579799156e-01
5.835808926122941e-01 5.023660171738614e-02
7.018142099897270e-02 2.250281230697678e-01
-7.542228647188629e-02 -3.824477604130057e-01
1.614106687419861e-01 -9.232969819486299e-02
-3.181976834280980e-04 1.455623127274023e-02
-5.582393627093591e-01 1.383046706295741e-01
-2.172269174086240e-02 1.102568133248198e-01
1.241267076623637e-16
4.595641895258426e+03
2.087310057731391e-16
3.906250000000000e-04
3.778524157635360e-15
0.000000000000000e+00
1
1
22
52
-1.040890232932932e-01 1.091887170942098e-01
-1.440544290908269e-01 -8.727483885134553e-02
-7.495387433845516e-02 1.197304819019115e-01
-4.634715564192204e-01 -7.831936484541054e-02
5.561243896071570e-01 5.431649844520881e-03
2.078902787201986e-01 2.375556401154936e-01
6.418290919686130e-02 8.028165599597135e-02
-1.721167899058144e-02 1.348067012667481e-02
1.132867879004430e-02 7.155331916945463e-02
-4.319000401635056e-02 7.794686194835818e-02
-5.012353159164621e-01 2.928372740041432e-01
1.144391699630559e-16
1.814230119194817e+03
2.896645585050399e-16
3.906250000000000e-04
3.041104337727909e-15
0.000000000000000e+00
1
1
23
52
5.828298121501454e-01 3.080734482864506e-01
1.963072025552885e-02 -2.691249042976900e-02
-5.552171897873910e-01 4.271842100905469e-01
-2.949967537914509e-01 -2.646291848958609e-01
3.684350156688291e-01 1.958434578524426e-01
1.812896791341544e+00 1.164328971647658e+00
-3.875321907143649e-02 5.526405445579090e-02
9.985822563306147e-01 6.415510144237627e-01
8.190001694164195e-02 -6.132592689922824e-02
3.239907616438634e-02 -2.318891440630172e-02
-5.971661758616893e-01 -8.455059571419815e-02
6.753223014464259e-16
7.474001809289059e+02
5.450603128695623e-15
9.765625000000001e-05
4.076197102228689e-15
0.000000000000000e+00
1
1
24
52
-7.687835193988921e-02 8.633673683641592e-02
-1.940980679208814e-01 1.365557532407224e-01
-7.183496797162189e-03 -7.116053850880089e-03
-3.773111056430878e-01 -7.438478712474500e-02
4.399090487257411e-01 3.523161005825381e-03
5.661423667729738e-02 -2.260625136044899e-01
1.021645277541879e+00 2.571016650745385e-01
-1.176467265947228e-01 -1.708195872030991e-01
-6.588313590955168e-03 -3.119939774865576e-02
-5.006556363526184e-02 -3.067812791585451e-01
-2.225667049777313e-01 8.915268868129377e-01
1.387778780781446e-16
1.288863050132753e+04
1.943737748376516e-16
3.906250000000000e-04
2.710399819191012e-15
0.000000000000000e+00
1
1
25
52
3.538722525456809e-03 4.752365141382445e-03
-5.550423058524756e-01 3.994154515881188e-01
-1.393754180352114e-04 1.818495669692977e-06
-1.637372595303105e-01 5.911276532956710e-02
1.517933763708854e-01 -9.297434412477992e-02
-3.756042142236438e-03 -6.705490052143910e-02
7.426154535190250e-01 -3.777360042710378e-01
-1.111513977478102e-01 -1.254118393035291e-01
2.157951559593137e-02 1.246855209952765e-01
-1.889113335320494e-03 3.372265072919141e-04
-2.446868390386840e-01 2.473477095583689e-01
1.102095641411240e-16
5.372880827370008e+06
3.553009119763011e-16
1.562500000000000e-03
1.241267076623637e-16
0.000000000000000e+00
1
1
26
52
-1.522293911330125e-01 1.022652299566491e-01
-1.648680060050106e-01 -6.220017354923980e-02
2.305431187851212e-02 8.767109359834570e-02
-4.783805825918261e-01 -6.295212618864891e-02
5.757471834603136e-01 2.706219550602617e-03
1.873348411515968e-01 2.886395111732791e-01
2.431818863552491e-02 1.192569902704726e-01
-1.875921529935603e-02 1.867870214631832e-02
3.345681234737127e-02 -4.471886936562617e-02
-1.096539425446020e-01 -8.207227280853502e-02
-4.990540070015634e-01 4.763866543628346e-01
4.443059973708341e-17
1.982284527949736e+03
1.907786653618069e-16
3.906250000000000e-04
8.795995055959025e-15
0.000000000000000e+00
1
1
27
52
-1.437023991860407e-01 7.458671828601920e-02
-1.533174291579008e-01 -1.011147940754574e-01
-8.030745493712976e-02 6.983172639065960e-02
-4.652491737074894e-01 -4.490444227013721e-02
5.632765680720094e-01 -1.670946497812737e-02
1.725212901275015e-01 2.952462774402625e-01
-1.486816641065156e-01 -2.938306934694655e-02
-2.476121171820355e-02 1.774403445465842e-02
2.496950557421560e-02 5.121909818640961e-02
-7.772280152965273e-02 8.284595167623049e-02
-5.523656600776493e-01 2.296527911667394e-01
2.001483021243360e-16
1.586204518130865e+03
3.626079674620963e-16
3.906250000000000e-04
2.954274315120320e-15
0.000000000000000e+00
1
1
28
52
-1.548588949437135e-01 3.375505423170032e-02
-1.543246772362252e-01 -1.002372700585050e-01
-2.827814417750665e-02 8.376208807131341e-02
-4.849722153125178e-01 -4.325415967413817e-02
5.760469388520245e-01 -8.784257993111422e-04
1.145995608745068e-01 2.815551294837494e-01
-1.492835708155411e-01 -1.340977634659620e-01
-2.927388007466765e-02 1.065779212169471e-02
6.885049979137660e-02 1.568245892655489e-02
-8.466143692026236e-02 -2.012051388980510e-02
-5.645320879627174e-01 2.864290531065110e-01
1.241267076623637e-16
2.578380198841499e+03
1.621316120316720e-16
3.906250000000000e-04
5.811955567337848e-14
0.000000000000000e+00
1
1
29
52
3.161324856648010e-01 1.164372781224075e-01
1.062861533419632e+00 -5.350691933113479e-02
-8.122411353976951e-03 -4.173807133136594e-02
-1.441172279558878e+00 -9.063131125759220e-01
5.102971636761656e-01 2.176436045089839e-01
1.994117709119136e-01 1.022882575693225e-01
1.720682354815888e+00 -1.424167184705669e-01
8.389229064288833e-02 -4.646274207008568e-01
5.409847427646444e-02 -1.890590455275688e-02
-3.483568079178755e-02 5.645678857534686e-01
2.999027034676840e-01 -2.344402350248084e-01
2.482534153247273e-16
2.862435749037781e+02
1.911216705690198e-15
3.906250000000000e-04
4.325783831455286e-13
0.000000000000000e+00
1
1
30
52
3.726762313196726e-02 2.139006276168858e-02
-4.181029556542267e-01 3.388855539121197e-01
-2.572571040916271e-03 4.508732873767196e-04
-1.214357022090271e-01 -3.353697358813756e-02
3.376443876910630e-01 -3.574735879666031e-02
-2.208470007403557e-01 1.943384983828314e-01
5.859340537881743e-01 -8.916813968521294e-01
-1.927347462043274e-02 4.294870515697592e-03
7.293085984054129e-02 1.767258272747901e-01
-3.174927362679279e-01 1.076374245691644e-01
1.329469633987638e-01 -5.893462752650868e-02
1.083889877282842e-16
3.979325883705474e+04
2.145077614500578e-16
1.562500000000000e-03
5.009379712615968e-13
0.000000000000000e+00
1
1
31
52
-1.867088102909540e-01 4.598358951933126e-02
1.170692775841900e-01 -2.085466219847505e-01
3.057573863233888e-01 -1.554267821311975e-01
-9.782586676843917e-01 -6.698834742146215e-02
6.653790652337823e-01 -8.660310485458445e-03
-6.232313607100239e-03 -9.243599485637898e-03
4.942011070393072e-04 -1.379949182948025e-02
4.524181872894732e-02 -2.630391182298883e-01
-1.147956892790149e-01 7.002395536970951e-02
-5.801151733420307e-01 3.364934274105981e-01
1.758435819652693e-02 1.606981702993759e-01
2.288783399261119e-16
1.242641570219209e+03
6.774767627764608e-16
3.906250000000000e-04
7.930569181498315e-13
0.000000000000000e+00
1
1
32
52
-3.405205518968289e-01 3.657692908169624e-01
-3.651502292724401e-01 7.439704600146479e-03
4.012783344353590e-03 1.408838683441673e-02
-2.566682325160212e-01 2.376542014124989e-02
5.865343286972279e-01 -9.603491112067386e-02
-8.192300528634362e-01 4.959892904943055e-01
2.585746991553516e-02 8.158035975440835e-01
-6.322388197204312e-02 1.311207584715149e-01
5.579700046936436e-01 2.044469371576554e-01
-1.783852899724523e-01 6.142090337497307e-02
-2.419144856828984e-01 7.190652409557909e-01
2.482534153247273e-16
1.834509515978824e+02
4.219393851563246e-16
3.906250000000000e-04
3.233494778423096e-15
0.000000000000000e+00
1
1
33
52
-3.619588226499476e-01 -1.450598703327816e-01
-3.346908503430369e-03 -1.322150096269743e-01
-2.798308935477981e-01 1.826568769784194e-01
-4.947782308842302e-01 -9.943531255048248e-02
4.902493555256908e-01 1.071599312268975e-01
-2.999566260899919e-01 -2.552413328179982e-01
-6.826104997595130e-02 -3.338891687476225e-01
-3.482115783562849e-01 -2.152276140401247e-01
-9.874751645096555e-03 4.349118125887047e-02
-9.437769353464910e-02 -2.247652803121647e-01
-6.144039517025067e-01 5.639975879513318e-01
4.440892098500626e-16
4.977066856793722e+02
1.151841281410293e-15
3.906250000000000e-04
2.524348836285797e-12
0.000000000000000e+00
1
1
34
52
-4.370849652957950e-02 -1.126477592031894e-01
-4.209483295647470e-01 1.482363841152898e-01
5.325697974252584e-04 6.750978372380223e-03
-2.302344560317448e-01 2.402117258956094e-02
4.325474055079085e-01 -9.634490522740520e-02
-1.646532700557769e+00 2.871488697312908e-02
-1.565829492407493e-01 -1.195606441362293e+00
1.987907996074408e-01 2.738073859082992e-01
1.236864983644504e+00 9.641517882828554e-01
7.262311535304171e-02 -2.057814176002533e-02
-3.118007984842642e-01 -1.903464984843782e-01
5.552849575635886e-16
7.948685443518336e+03
2.480656108658153e-15
1.562500000000000e-03
4.726726705698528e-13
0.000000000000000e+00
1
1
35
52
-1.895722171406341e-01 -6.008405975707165e-02
-9.661124114808713e-02 -7.276134458853989e-02
-2.402572608540702e-01 1.414657626155073e-01
-4.194917018832007e-01 -7.663657688092575e-02
4.813074641636714e-01 5.478284623378851e-02
2.697721599152509e-02 -1.437009654138274e-01
-1.286816950490390e-02 -4.885502042324750e-02
-1.495325185456845e-01 -1.870978167086621e-01
3.140896847710185e-02 1.481587688949291e-01
8.481542276163272e-02 6.033823981958522e-02
-7.132348200424803e-01 2.916469882119967e-01
1.110223024625157e-16
3.448803909544598e+03
1.289728901344420e-15
9.765625000000001e-05
1.933339220022712e-14
0.000000000000000e+00
1
1
36
52
-2.537445790174981e-01 -1.416906182316547e-03
-2.162841740735893e-02 -3.235110990984904e-01
-2.805565606034621e-02 6.181037412164789e-02
-7.213807159828093e-01 8.224821111924108e-02
6.349078769502848e-01 7.177026213989193e-02
-1.604311337931563e-01 1.776383218452410e-01
-2.491354913693191e-01 -4.383809324310010e-01
-6.762148614457696e-02 1.989549753887512e-03
-1.298208324600801e-02 3.959564921762575e-02
-4.645567511546961e-01 -6.515725540736669e-02
-2.106122751739240e-01 3.296505059208182e-01
2.482534153247273e-16
3.921769258176651e+02
2.032406302130095e-16
3.906250000000000e-04
3.882718832104991e-15
0.000000000000000e+00
1
1
37
52
-1.038419284477729e-01 -9.389719613828833e-02
-6.036619444514685e-02 -1.215966459997886e-02
-3.701941997018265e-01 -1.472412848757904e-01
-3.849236341769006e-01 -6.079756477051500e-03
4.172248974542965e-01 -3.277233286993592e-02
3.055854661621633e-01 -7.831273924118469e-02
-2.029896172866339e-02 -1.096645444229644e-01
5.042461805393170e-02 -1.999737639779811e-01
6.946733288525518e-03 7.651810387912409e-03
-6.502558034909831e-02 -3.769483019044555e-02
-6.244542902905654e-01 3.233746226116695e-01
2.237726045655905e-16
1.333089782976868e+04
1.235622178907328e-15
3.906250000000000e-04
2.034820521299326e-12
0.000000000000000e+00
1
1
38
52
-3.262172794920616e-01 -2.419443765955348e-04
3.550093498009353e-01 2.266957875605641e-01
1.411295660615809e-01 6.735441468450557e-04
-8.238857480703282e-01 -6.658052684704852e-01
4.639261061851165e-01 2.623787458183569e-02
-3.268834024840329e-01 -1.010070805163613e-01
3.663045581002691e-02 1.586409108973726e-01
-2.034858205236678e-01 -4.762574408208238e-01
-2.707128102237827e-02 2.364293687920315e-02
-3.853012874264352e-01 4.296626660444772e-01
-1.699154562771446e-01 1.750815963180208e-01
1.570092458683775e-16
2.195876451503039e+02
4.678586632256875e-16
3.906250000000000e-04
1.484114985994612e-13
0.000000000000000e+00
1
1
39
52
-1.358693726223058e-01 -9.164966519648986e-02
-7.041111801417684e-02 -3.809050655161733e-02
-3.302875298247185e-01 1.611793834192987e-01
-3.823936963525142e-01 -1.043082461308499e-01
4.300892518110260e-01 7.771245707552941e-02
2.182701520219920e-01 -1.520298473318407e-01
-6.854801908188287e-03 -3.866202089507931e-02
-2.720000917781030e-02 -2.284210546352773e-01
1.424492269723736e-02 6.866841543033171e-02
2.350036121838341e-02 1.715703523512462e-02
-6.952599401185264e-01 3.125544292231144e-01
1.861900614935455e-16
7.531192913375763e+03
7.032964867241581e-16
9.765625000000001e-05
1.845063240720849e-14
0.000000000000000e+00
1
1
40
52
5.435888073506231e-01 3.045924853718338e-01
1.333220846728352e-02 -6.897200485683847e-03
-1.163799477866102e+00 3.277584064535310e-01
-7.397062513332497e-02 -1.626793250619492e-01
1.176552991605436e-01 1.477660662428876e-01
1.811113554758699e+00 1.038719507936412e+00
-1.019928196238647e-01 1.644019194085986e-01
9.926874316190667e-01 5.637855716859089e-01
7.626405760548778e-03 -2.234531989390908e-02
-5.320728344300331e-02 8.436430758436424e-02
-5.460534907247508e-01 -1.006562730907323e-01
4.577566798522237e-16
2.900080816183770e+03
4.789180131049293e-15
9.765625000000001e-05
3.327429347753810e-15
0.000000000000000e+00
1
1
41
52
5.062220865818426e-01 2.440971197258255e-01
2.339733590840749e-02 -2.091992831084463e-02
-7.174788233857317e-01 5.863635315096152e-01
-2.176677714428147e-01 -3.073215268643246e-01
2.981458346502170e-01 2.591985103449325e-01
1.573657388486701e+00 9.368371235746519e-01
5.575413234180007e-02 -2.704310345835797e-02
8.668349728679667e-01 4.974145226254272e-01
5.748063995943935e-02 -2.561441133652866e-02
-1.076155609931647e-02 6.845618719021905e-03
-5.215706522816255e-01 -6.541992415789172e-02
6.753223014464259e-16
9.895800031400885e+02
6.415164053597646e-15
9.765625000000001e-05
1.132427485117660e-14
0.000000000000000e+00
1
1
42
52
5.442084714210356e-02 5.216241641011161e-02
-2.944538833817540e-01 2.946851878650300e-01
-3.652586120925339e-03 5.717206135880820e-04
-2.220461876607455e-01 -1.234492229068703e-01
3.768842893480462e-01 -2.869521218820553e-02
-1.772542402385776e-01 2.289297241451557e-01
9.653273327997016e-01 -9.174603545751608e-01
-1.483043417546028e-01 -1.389415385541548e-02
-2.728007573112660e-02 4.535055979747119e-02
-2.769840858498363e-01 1.040986758358404e-02
2.247405429090687e-01 5.921802043045481e-02
3.973993651728112e-16
1.051194586700478e+04
6.255340745213488e-16
1.562500000000000e-03
5.281885736282669e-12
0.000000000000000e+00
1
1
43
52
-4.520354870656218e-01 -7.863303585604889e-02
-2.164352788452203e-01 -2.546079982380438e-03
-1.696892469422703e-03 2.749435979557338e-02
-3.660706680533535e-01 -5.004415856187222e-02
5.799717794434965e-01 -2.868426841708912e-02
-6.692057797405230e-01 2.279229448028139e+00
-1.234297351203594e+00 -9.863541679203868e-01
-8.332534109980126e-02 5.327035668564982e-02
9.361174737628319e-01 -1.198996419192313e+00
-3.661753478977351e-01 -4.974705209815004e-01
-6.891191106800351e-01 1.141539365975587e-01
5.551115123125783e-16
1.032716585680143e+03
3.223752581492442e-15
3.906250000000000e-04
2.590999143449334e-13
0.000000000000000e+00
1
1
44
52
-2.166100377914464e-01 1.778719550941544e-01
-2.538971475225417e-01 4.830468127684630e-03
6.770156717805099e-02 -1.310916198668217e-02
-3.550176864021394e-01 -1.003604754221704e-01
6.378683197861210e-01 -1.177233465810677e-01
-5.755136383389128e-01 -2.750072568921580e-01
-5.820589468338161e-02 2.569811488852304e-01
-4.644184499557685e-02 4.108965089378662e-02
1.937385408846785e-01 7.401095185935180e-01
-1.542481421118698e-01 4.352076552940952e-01
-2.546264566641223e-01 1.785513580864982e-01
2.288783399261119e-16
4.300135023791972e+02
1.185501314323822e-15
3.906250000000000e-04
9.966846749152787e-15
0.000000000000000e+00
1
1
45
52
2.048170706098291e-02 1.134616750996605e-02
-3.989193844216189e-01 1.004577997772286e-01
-1.191317560698434e-03 4.798109804759185e-05
-3.716820048578119e-01 4.429315758048168e-02
3.653473771772168e-01 -1.236880067686205e-01
1.427956607729559e-01 1.228256327339431e-01
6.008867487123420e-01 -5.414750765893335e-01
1.226911209263871e-03 5.156704893533965e-03
-9.775051204237509e-03 -3.515709450363917e-03
-1.890109449992132e-01 -1.929055349363206e-01
-1.481528566513925e-01 3.481570203017756e-01
1.144391699630559e-16
2.002975015009806e+05
1.190327980265133e-15
1.562500000000000e-03
1.571789817002156e-14
0.000000000000000e+00
1
1
46
52
-1.916122726265827e-01 -1.658116095772443e-01
-2.769297714602177e-01 -5.703508309807131e-03
4.322583861897884e-03 1.811183425997728e-02
-3.433223735067328e-01 -2.584523522386746e-02
5.769114329665697e-01 -7.268379430098351e-02
-1.323651049163625e+00 7.166167064899851e-01
-2.494229949828142e-01 -1.237399968238180e+00
-5.570885487263398e-02 -1.999146974305061e-02
1.027720851880266e+00 9.346481404481777e-02
-4.161791985975062e-02 -8.337205107502688e-02
-3.842791760078836e-01 -1.925371044283052e-01
3.729176174764522e-15
1.902001502632002e+03
1.534279943069083e-15
1.562500000000000e-03
5.494618419287157e-12
0.000000000000000e+00
1
1
-1

2 0
2 11
0 0
-1453769915579049175610966483758538197434790102312857878260373525504918402522062890394783243339850625676866822138966455531191928158961625178480370325192730233488146627032821946277417716100736833616560366647325807553590073896368871746400956751111963009288587028272121595243785170495890478280915409774802959506311/2000000000000000000000000000000000000000000000000000000000000000000000000000000000000000000000000000000000000000000000000000000000000000000000000000000000000000000000000000000000000000000000000000000000000000000000000000000000000000000000000000000000000000000000000000000000000000000000000000000000000000000000 -107239344701826361297495264840291660061907348105353963945186760786730356201069649262120748156934059847333195798030366915154848459288773745225131224548459685069591650368166334404176813846906482858081467298165417591643671530905643512888578367913212046319326280321208218788067660152202825245832424275589793992533/125000000000000000000000000000000000000000000000000000000000000000000000000000000000000000000000000000000000000000000000000000000000000000000000000000000000000000000000000000000000000000000000000000000000000000000000000000000000000000000000000000000000000000000000000000000000000000000000000000000000000000000
-1371716823600867060431252134084703928473484199959975903798004320528929737571742051700330805519393357061667928252104782121759637199391148323742390380346167920647385049870855440886264966671108494281169436798369599997050457770939705445130312335409955274980251299886669517833463473418400159067708490770901547682893/2000000000000000000000000000000000000000000000000000000000000000000000000000000000000000000000000000000000000000000000000000000000000000000000000000000000000000000000000000000000000000000000000000000000000000000000000000000000000000000000000000000000000000000000000000000000000000000000000000000000000000000000 1718144408127563175845060485585628040305325782239584910724729946502816135510331092416921832166208268335873807700311480103919091929908378283643393363609117579474640048645790758353804824720903526627804697358933583654819245927390364243237043481609291159787312499950317177076722263257444924386698819460773728221131/200000000000000000000000000000000000000000000000000000000000000000000000000000000000000000000000000000000000000000000000000000000000000000000000000000000000000000000000000000000000000000000000000000000000000000000000000000000000000000000000000000000000000000000000000000000000000000000000000000000000000000000000
-1778049449528378681107249299472053837116849594077062479036720986050927232372684280883186405953580505151435051038919768399594994490778446556227084941446374532781786263653388924678930186101110276059300893309782033996487380670571777592208592224701185784574110551016886052679834124756627343213821487233783307733751/2000000000000000000000000000000000000000000000000000000000000000000000000000000000000000000000000000000000000000000000000000000000000000000000000000000000000000000000000000000000000000000000000000000000000000000000000000000000000000000000000000000000000000000000000000000000000000000000000000000000000000000000 -707725204901115008523053809993209776195974783214149147297887807755088456063027480888614954265881966294929113896876406386015794660828735125761767876423017200363023839392480650523465716905191998560157357719909138333656817465769167811449415999896949323268246420372983777127060093930660456894943593966319015023/156250000000000000000000000000000000000000000000000000000000000000000000000000000000000000000000000000000000000000000000000000000000000000000000000000000000000000000000000000000000000000000000000000000000000000000000000000000000000000000000000000000000000000000000000000000000000000000000000000000000000000000
2276172776612223110591517907367778261489302521271742915093088290974741373518926519972286118659416049085812320421031615116078123889125970920194906974910292679964183208964557405397073345448849645391690737306243380058842105246106575992597719509434394906215825461255976736579717083181605877890581164680872260112791/2500000000000000000000000000000000000000000000000000000000000000000000000000000000000000000000000000000000000000000000000000000000000000000000000000000000000000000000000000000000000000000000000000000000000000000000000000000000000000000000000000000000000000000000000000000000000000000000000000000000000000000000 -3253509356610539948124329486980463292457009192451755959050190084088957200990168328659912989193778022192638941490508279006619118344417784184997874796807750566558229430224313599982631588142594623083894733745101548839490273685579799736596062983508680178037576512761033451447609755247357223835890070585458071995207/10000000000000000000000000000000000000000000000000000000000000000000000000000000000000000000000000000000000000000000000000000000000000000000000000000000000000000000000000000000000000000000000000000000000000000000000000000000000000000000000000000000000000000000000000000000000000000000000000000000000000000000000
0 0
0 0
0 0
0 0
0 0
0 0
-4308545091254686369718135938645678719630826556026773696141504005589962208050221924359007442871575608960033120413725080455272951094403275603809993079397517719986552685558473526282831668882045784550326098235026080073897987160222289888919924770647402935757564877888862533375628203729620299714634812522115447815121/5000000000000000000000000000000000000000000000000000000000000000000000000000000000000000000000000000000000000000000000000000000000000000000000000000000000000000000000000000000000000000000000000000000000000000000000000000000000000000000000000000000000000000000000000000000000000000000000000000000000000000000000 -1996654445008998960244505022938514582977563294809593392122578471981354021802983552369437469937924790490854076109423263633425451754518449798256593458910509514023354182217948158846525586853561145661130040145092503824730991451626015339673885614548645854626913023501450270040935687728028392571871528931668130758983/5000000000000000000000000000000000000000000000000000000000000000000000000000000000000000000000000000000000000000000000000000000000000000000000000000000000000000000000000000000000000000000000000000000000000000000000000000000000000000000000000000000000000000000000000000000000000000000000000000000000000000000000
0 0
0 0
0 0
0 0
37854818236672613216332472675669652481341376059592888385281330746723109446998849753368966128669047908064365407565982178022125064686974111543037208817005046673129425474859086636923980069487826232204362862654741754771188962739855853470383628300600637036903984576340538124305661348467611658739013598116433333021/200000000000000000000000000000000000000000000000000000000000000000000000000000000000000000000000000000000000000000000000000000000000000000000000000000000000000000000000000000000000000000000000000000000000000000000000000000000000000000000000000000000000000000000000000000000000000000000000000000000000000000000 -747702322186750577574975643729529259812453100103949570467534910771605868291273886289052892572709961959659570636734497867339053354336229938655108328413022802774459924900699342498946554468017144738760076890658968918893950677180615065118719534107766114459739151926096429209995050346834225396656328993684977986029/1250000000000000000000000000000000000000000000000000000000000000000000000000000000000000000000000000000000000000000000000000000000000000000000000000000000000000000000000000000000000000000000000000000000000000000000000000000000000000000000000000000000000000000000000000000000000000000000000000000000000000000000
2378152355823140597644365329560260096686483203889786893040213882833186938810581021641567539476872073529883239281948345331566699235748747601517338963691918027777941773214077305419977384533435432849125221770136356877913058551862922730541890285629883851066198239060547209567290032228898983134162940037309848886317/5000000000000000000000000000000000000000000000000000000000000000000000000000000000000000000000000000000000000000000000000000000000000000000000000000000000000000000000000000000000000000000000000000000000000000000000000000000000000000000000000000000000000000000000000000000000000000000000000000000000000000000000 648395191156946582658510480981659296018071701987444656143047478956948996554769873034441195518269645299436456903510375853473237042621906614601876807073222504093421777954702041225987912137158751733330339438802373531435821189766719617530578413644329043846981957033519584228371562509784829671143218123798191786569/1250000000000000000000000000000000000000000000000000000000000000000000000000000000000000000000000000000000000000000000000000000000000000000000000000000000000000000000000000000000000000000000000000000000000000000000000000000000000000000000000000000000000000000000000000000000000000000000000000000000000000000000
4728668408514645265010585594140288302348157520729350662467720302303447509785237821911180536794426052679231309250492212628492586339277561191865781269199896720752640880374385939896030370699517354649729030122724605600542983264149923416258990842791986913474408894467957983073441118532148201528416038884292548472947/10000000000000000000000000000000000000000000000000000000000000000000000000000000000000000000000000000000000000000000000000000000000000000000000000000000000000000000000000000000000000000000000000000000000000000000000000000000000000000000000000000000000000000000000000000000000000000000000000000000000000000000000 1657594898855268587928023708343986425502821834765113318348028747927887560929314892489334797166319804275392951052631334093704140358621807563508944951913200668633588494245875601443585574615844532115987073343193847476123386820179045040287172742686205386015960319803055899667100138703812074723396700322850273181343/2500000000000000000000000000000000000000000000000000000000000000000000000000000000000000000000000000000000000000000000000000000000000000000000000000000000000000000000000000000000000000000000000000000000000000000000000000000000000000000000000000000000000000000000000000000000000000000000000000000000000000000000
-307651372339575075037488271567803830455934219075526606465642213237602016901596139666093001599487245073785617967194304799048980745528240025383454404115189165483080743340033211373527152422098015167377265040940607587086635152088278936114064722092550484462447335772155983031528027866076539632073863737065400239477/12500000000000000000000000000000000000000000000000000000000000000000000000000000000000000000000000000000000000000000000000000000000000000000000000000000000000000000000000000000000000000000000000000000000000000000000000000000000000000000000000000000000000000000000000000000000000000000000000000000000000000000000 -517802746543882900051762238267040469045720959562907957142334796476281244043767416148070843785029064452903835256305563188216097722799742600643682284442401514727579344700017492268326795371842663454183741599105735653311341567184928335750939589440550768583748960228252656130489641567367476997973457154170723418967/625000000000000000000000000000000000000000000000000000000000000000000000000000000000000000000000000000000000000000000000000000000000000000000000000000000000000000000000000000000000000000000000000000000000000000000000000000000000000000000000000000000000000000000000000000000000000000000000000000000000000000000
-5258066129246091795713203672283075579142202406021149414420293751397452472229174948918545321871110256488372480606075518643604842372584046481414404842965534739967742297908438907417188936776355179838292653110491732803276803293384086105471969129142482807813634088189623332831477400888538770856124690738717154347397/10000000000000000000000000000000000000000000000000000000000000000000000000000000000000000000000000000000000000000000000000000000000000000000000000000000000000000000000000000000000000000000000000000000000000000000000000000000000000000000000000000000000000000000000000000000000000000000000000000000000000000000000 -2475757533114593043420467579070683442665176713016785340834591081543929043527697433724791469331975866176658638355308414923684661759147929838746752438243164065173030176378962134097679041083593052890652659767255053190069808665575758658176600609159684078827627870507507626427422669450475839480831259117487167455971/5000000000000000000000000000000000000000000000000000000000000000000000000000000000000000000000000000000000000000000000000000000000000000000000000000000000000000000000000000000000000000000000000000000000000000000000000000000000000000000000000000000000000000000000000000000000000000000000000000000000000000000000
-998279225223510598381273384894843444574869740022917515175400605780493419152469690616371737863296173794701515170524570712786445934774899256947769399195619438472800557971958847678687832136991524821717700247973058900517248543887663125678991289684845144525714705035478525274804339311930265527576576056076539733873/1250000000000000000000000000000000000000000000000000000000000000000000000000000000000000000000000000000000000000000000000000000000000000000000000000000000000000000000000000000000000000000000000000000000000000000000000000000000000000000000000000000000000000000000000000000000000000000000000000000000000000000000 -3292714451940462817056757592896927036116925759984340923530139144917910633025455645764706443346054503498813839476885898943874540372004662981376680751774159740220383419774496969850085320886356885001015911659301882000280601980756052417783236301232301596056560431656284041389759252015608585848380619063527207656813/5000000000000000000000000000000000000000000000000000000000000000000000000000000000000000000000000000000000000000000000000000000000000000000000000000000000000000000000000000000000000000000000000000000000000000000000000000000000000000000000000000000000000000000000000000000000000000000000000000000000000000000000

-1
-197818792323662042296273164906217370293738272206143615003728104949701105292616418973315719876701847737274225195246837182752352251226854650216974238239224423068536253110410833836274289931951533500770636563824089566789315028171652235002900957834753040920279761620836838217020181494786548887234518770433379730891/1250000000000000000000000000000000000000000000000000000000000000000000000000000000000000000000000000000000000000000000000000000000000000000000000000000000000000000000000000000000000000000000000000000000000000000000000000000000000000000000000000000000000000000000000000000000000000000000000000000000000000000000 -9437970528945727801931149879275523884614227781944919788231012840445868569661044191521676414592697733384386034097537781617055244835338718168099743794282167860417208285293531741915477334643052119751113864467210226184935297878148387203497067568908862105732795260628074660002583743958992457736671083081514111967967/10000000000000000000000000000000000000000000000000000000000000000000000000000000000000000000000000000000000000000000000000000000000000000000000000000000000000000000000000000000000000000000000000000000000000000000000000000000000000000000000000000000000000000000000000000000000000000000000000000000000000000000000
0 0

0 0

0 0

