47                                               

9.764862333541885e-02 2.200288457288838e-01
-5.612149295247307e-02 -6.583989321307608e-01
-8.923010334343581e-01 -1.233191018492731e-01
1.000000000000000e+00 0.000000000000000e+00
5.829886625029803e-01 5.637099195932500e+00
-1.730309462684891e-01 2.751895863286491e-01
1.769229594236043e+00 1.454194373375646e+00
-1.153799255504356e-01 3.183018797946787e-01
-1.415521986937942e-02 -6.138023651601152e-02
-4.858194559175042e+00 -5.682360831464122e+00

1.001660335587530e-02 -2.217406957059471e-02
1.000000000000000e+00 0.000000000000000e+00
1.117011414028589e-01 -8.306838272418655e-02
-1.606046807678826e-01 1.430854085529400e-01
6.575193903544106e-02 -2.257809318364424e-02
-1.039518851988425e-01 -1.241170546115328e-02
3.389673256365441e-01 -5.578049621503064e-02
-2.746251999437794e-01 -1.422610512999332e-01
5.506593182430931e-02 3.507187859632015e-04
2.511894921151951e-01 -4.111379493234089e-01

-4.871092891091795e-01 1.875171553636893e-01
2.456618518372300e-02 2.300438307993220e-02
-3.862523223675031e-01 -1.065068698284304e-01
1.000000000000000e+00 0.000000000000000e+00
6.059748213238244e+00 -1.825552586286306e+00
3.365773351704580e-01 -1.104941549292933e+00
-2.449506454679283e+00 4.507396056110196e-01
-7.081127694042845e+00 -1.533223230938480e+00
2.999407842129027e-01 -1.203865446455629e-01
8.503080493270107e-01 -8.441696183310906e-01

1.000000000000000e+00 0.000000000000000e+00
-1.107389028886774e-02 9.021257221538608e-03
1.051870882357938e-01 -2.301284928578108e-01
8.819062516573672e-02 -7.803259213205808e-01
3.799928757066133e-01 -1.060832398928631e+00
-1.231193073090614e+01 -1.109162625799729e+01
7.341446721389997e-01 6.364507633682035e+00
-2.145298028292806e-01 5.980771077292609e+00
-1.816222936852364e-01 -1.526976199340847e-02
-7.971974912691016e-01 -9.881147096571439e-01

-1.214758827329787e-01 3.662975824337729e-02
-4.052188558849198e-01 -1.163806827034620e-01
-8.341716156847052e-01 -1.739650691650324e-01
1.000000000000000e+00 0.000000000000000e+00
-7.692686640884290e-01 -6.412538775373494e-01
-2.992363786003459e-01 -2.302531117516673e-01
4.810384620003712e-02 -4.863086238065516e-02
-1.098541703057065e-01 -7.146731621434904e-02
1.143337791534835e-01 3.676105215069119e-02
1.392517335023705e+00 -2.474717923940351e-01

1.129757595454688e-02 3.185068890985259e-03
1.000000000000000e+00 0.000000000000000e+00
8.398438744190390e-02 -1.260204029289732e-01
-3.992263996933647e-02 2.374538548449932e-02
6.066176413053747e-02 -3.588406122462717e-02
-1.578663845294975e-02 -4.871435254482458e-02
3.952267619350295e-01 -1.274476397891537e-01
4.136564813066942e-04 -7.647397158034740e-02
1.869828549574066e-01 -1.358847222652726e-02
-6.028208958929705e-02 -1.102278276949216e-01

1.417705676183001e-02 1.694769510143279e-02
1.000000000000000e+00 0.000000000000000e+00
2.514377967719152e-01 -3.273071161005291e-01
-1.154244380586437e-02 8.228635929178950e-02
4.054061423352721e-02 -3.381350627132401e-02
-1.830050912017163e-02 -9.675228105685538e-02
4.882727092192679e-01 -8.329120079720140e-02
1.214959412502635e-02 -2.339288748325564e-02
4.512523420374483e-02 -7.258633218616629e-02
-2.073641849136916e-02 -7.840106946594969e-02

-1.021155410267381e-02 1.579188200270526e-02
1.000000000000000e+00 0.000000000000000e+00
4.414773327427790e-01 -1.102192734448536e-01
-5.034546773821376e-02 9.807292240189847e-02
4.270618685638790e-02 -9.406777947344860e-03
-9.332505423712173e-02 -1.514681809828771e-01
7.050946918369108e-01 4.186822032256717e-02
8.601349734574918e-03 1.011018724104368e-01
-2.467657656777495e-01 -2.024037142510717e-01
1.506874188378826e-02 -5.960734919030546e-02

-1.041701285982510e-01 2.405490485012610e-03
9.171936298312311e-02 6.737351169471294e-01
-4.541051182398094e-01 -7.531442441999954e-01
1.000000000000000e+00 0.000000000000000e+00
4.918808484106021e-01 1.395251762102665e-01
4.451231669661648e-02 -5.272283859952745e-02
-1.146834344191376e-01 6.831488931898769e-01
-8.996018544185911e-01 -6.221445226238077e-01
5.256299190742619e-01 -1.327437679195581e+00
1.436029553777423e-01 8.037033202084670e-02

-5.630095042375202e-02 -1.121231284505888e-02
6.419664625757884e-01 -5.973011147969556e-01
-6.192994524765938e-01 -4.149986929906506e-01
1.000000000000000e+00 0.000000000000000e+00
-1.686868133238308e-01 4.444871125217743e-01
-1.930510430407522e-01 1.436603758708264e-01
2.162247991507807e-02 -5.862398722509047e-03
2.292229371156909e-01 -8.300202600240955e-01
8.049849427622764e-01 -5.249454581692214e-01
1.414057546631096e-01 8.912336249302664e-02

1.338529193947571e-02 5.448767218082202e-03
1.000000000000000e+00 0.000000000000000e+00
1.235872711305576e-01 1.373417817234696e-01
-1.765215750063218e-01 -7.532929656505044e-02
7.686982569868878e-02 -9.001997016194493e-02
4.083816049417793e-02 -2.028096902966998e-02
3.298989602883956e-01 3.639647377728706e-02
-8.544679939870260e-02 -2.949161692515002e-01
1.848918120934943e-01 -4.897417522814058e-01
1.856844657418176e-01 2.644379708498704e-01

-5.501672561598254e-01 3.780407967145695e-01
-1.198284859048711e-02 -3.301023582133475e-03
-6.679619218237302e-01 9.121599505643035e-03
1.000000000000000e+00 0.000000000000000e+00
7.041062060549628e-01 5.377473405381950e+00
2.045295965616356e-01 -1.334987852070784e+01
1.587023315138940e-01 4.159881272315915e-01
-4.723092268040434e-01 2.725023891871633e-01
-4.456695642932030e+00 2.681805091946777e+00
3.577826950214817e-01 -2.825064858625996e+00

-1.052900242543164e-01 6.750772680223087e-02
-5.600859165352086e-01 1.436552534533282e-01
-8.365961917092221e-01 -6.288794276242224e-02
1.000000000000000e+00 0.000000000000000e+00
-6.913923451734419e-01 -2.765400688722020e-01
4.279693017614365e-01 -1.703798483464891e-02
3.285305875746999e-02 -8.485532488446103e-02
-3.108468367299710e-01 5.358160098221376e-01
4.172749112685005e-01 5.615921707176412e-01
1.104225120400750e-01 -1.406213741413114e+00

-8.970534511892531e-02 8.511150261684403e-02
-3.100827904437100e-01 2.449010380783497e-01
-7.677973125694534e-01 -8.499350764036515e-02
1.000000000000000e+00 0.000000000000000e+00
-6.321344572556578e-01 -6.708648854478383e-01
-1.706465194210365e-01 -2.100594814173871e-01
1.831777476674818e-02 -5.258454458750295e-02
-1.087120729436375e-01 6.581280826432081e-01
5.810612289473903e-01 6.123199816929203e-01
1.973202565590987e-01 -9.007058399410144e-01

0.100000000000000000000e1 0.000000000000000000000e0
-0.573086713545348271857e-3 -0.755902274667370416046e-3
0.321029158757488188177e0 -0.189806448049883632495e0
-0.314432542084949138419e0 0.406371525528539549380e0
-0.339680047916181312578e2 -0.195404976660029872822e2
0.655569844870806136203e2 -0.177769853174365477077e1
-0.629105173849559006459e1 -0.127195229767252406938e2
0.984012675635042144504e1 0.164130915552510892753e2
-0.161985052020775896402e0 0.204888717109979816324e0
0.411642286050967823492e1 0.708720246737220854359e1

-3.127822500137747e-01 2.287365892728580e-01
9.436280338810587e-03 1.210208085658414e-02
-4.100959375200410e-01 8.392613647037730e-02
1.000000000000000e+00 0.000000000000000e+00
6.806691762201302e+00 -5.087293966838086e+00
-1.667528165178059e+00 3.851331048149690e+00
-3.553437747551970e+00 -7.591656634601607e-01
-7.348206799019445e+00 -1.246706411367048e+00
3.859235016801149e+00 1.745656087763822e+00
1.530684771489531e-01 -8.534916146494075e-01

-5.034301333301567e-01 4.287413224352580e-01
-4.859970152622824e-02 4.642778559732204e-02
-4.323150406212382e-01 8.205270571627538e-03
1.000000000000000e+00 0.000000000000000e+00
2.890450920862008e+00 -2.834442180326019e+00
4.992629174692427e-01 -5.207803568445378e+00
-2.219442544110294e+00 7.149740018851702e-01
-4.916127801436477e+00 2.104155132065863e+00
-3.386849440928708e-02 1.821755745887000e+00
3.582800358079675e-01 -1.566415163295171e+00

1.674984772088538e-02 1.441471971020824e-02
1.000000000000000e+00 0.000000000000000e+00
2.105828299380381e-01 -3.010426056284974e-01
-4.091184994404698e-02 6.138233964853843e-02
4.370254557749756e-02 -3.350611283717582e-02
8.945355469425892e-02 5.746592171826421e-02
5.326752417612765e-01 -1.629110145917537e-01
2.400157797583856e-02 -5.443466420851917e-02
6.430111790408398e-03 -4.273409233166593e-02
-2.445497366641901e-02 -8.957329065080617e-02

-3.262843547827791e-03 1.143915352706905e-02
1.000000000000000e+00 0.000000000000000e+00
2.696103901344591e-01 4.503790839995464e-02
-6.416062923703630e-02 2.090821591080103e-02
3.150132363233333e-02 -3.439670290921293e-02
1.843626128506615e-02 -9.863695942880236e-02
4.712118932823071e-01 -2.818316371570255e-02
-1.977970935278387e-02 -2.040974728750937e-02
5.977766054909402e-02 -1.600138944822299e-01
-2.580830752727157e-02 -6.443275583835603e-02

8.333953391498673e-02 4.654495387890373e-02
2.407337792610004e-01 2.105272015987586e-01
1.000000000000000e+00 0.000000000000000e+00
-6.082889729002525e-01 -1.488803625800264e-01
1.009001249946245e-02 -1.582301959237196e-01
-1.335214737832599e-01 -2.338780578141107e-01
5.884307367741391e-02 -3.936578445847257e-02
-2.364990537215221e-02 -1.734013618564072e-02
6.753457654044398e-01 3.240904081421328e-02
-2.042196053102413e-01 -1.271781031410977e-01

3.161566905341280e-03 -1.547168880980648e-02
1.000000000000000e+00 0.000000000000000e+00
-2.548511978995660e-02 -2.027614913564693e-01
4.081113145425037e-03 1.603380622751970e-01
6.792875245994572e-02 -5.325970454594331e-02
1.399312831199813e-01 -6.622176504139096e-02
2.920811524562281e-01 -1.059144993412596e-01
-2.583538127161068e-02 -1.248005441256464e-02
3.655233285816906e-01 -2.711172760992964e-02
-2.649294991810136e-01 -1.341623263698146e-01

9.118537441734653e-02 -2.728025020153482e-02
-1.369898806527133e-01 2.226299913174539e-03
1.000000000000000e+00 0.000000000000000e+00
-7.302138340942798e-01 -8.574280824084214e-02
-8.143038440617212e-01 6.469101556844316e-01
1.243223512548240e+00 -4.304837814221993e-01
3.251168964912593e-01 1.092012799695140e+00
-3.315918835635311e-02 8.037408269498950e-03
2.188971574281054e-01 -2.085106928147241e+00
-3.160379530502374e-01 6.813257634530981e-02

-1.086612506608178e-01 2.843473477902333e-02
-8.199055355747312e-01 -1.058885055580563e-01
-8.228134542237696e-01 -1.803953333367852e-01
1.000000000000000e+00 0.000000000000000e+00
-7.855119772912547e-01 -5.573418620357700e-01
-1.958889137560013e-01 -1.555594840502122e-01
4.314644667758794e-02 -3.583004546417878e-02
2.906989621580666e-02 -6.986044224868941e-02
2.941460042419225e-01 -5.641771758847225e-02
1.111213341302940e+00 -1.545669584885703e-01

0.113522261670497790093e-2 -0.177148085857360008939e-2
0.100000000000000000000e1 0.000000000000000000000e0
0.580547362885811344530e-1 -0.584848294627539479304e-1
-0.246169212105039996710e-1 0.577958641621192463546e-1
0.222192120168402243210e0 -0.195949147101086025284e0
0.223155176307566406104e-1 0.157708314536128589459e-2
0.551792938847657271314e0 -0.192835118498525600353e0
-0.428118315223342873411e-1 -0.658878032749465333599e-2
-0.424264735559617515213e-1 -0.332834009919683631686e-2
-0.384704586036937296284e-1 0.817929642964063799142e-1

-2.078934883412442e-01 5.628775811180449e-01
-5.770510244348669e-03 -1.219378228991251e-02
-8.507218089545869e-01 -2.489141870345195e-01
1.000000000000000e+00 0.000000000000000e+00
-5.142888258420364e-01 1.979437130498339e+00
-8.973510207633158e+00 -9.203676666196509e+00
-2.560911816765783e-01 1.920943586109136e+00
3.550871400539707e-02 2.921081415207185e-01
-1.632728098585210e+00 2.762617503744244e+00
4.052570758732717e+00 -2.770852555429478e+00

0.100000000000000000000000000000e1 0.000000000000000000000000000000e0
0.155765420282699363101224772351e-3 0.143970134494097128627067837837e-3
0.245857416608350951296220140513e0 0.886180839098678553411232782425e-1
-0.263054774797289189658528658750e0 -0.390573483966986567890454145877e-1
-0.945773329288344982476587122301e1 -0.541652308395745885331023548666e1
0.165458869442960115870857509036e2 -0.137670499319609267946805464115e3
-0.279004462183995926670894679918e2 0.337670514178911637039794453472e1
0.189940233976040529260101712349e2 0.906022099129842890227579157211e1
-0.127975666632780080721384784790e0 0.291455470736075180303088885200e0
0.846377629682735265723914496980e1 0.577823303401822767815480329012e2

-6.262331481435332e-02 7.965370051513637e-02
-2.339512676062414e-01 8.761412388812681e-02
-7.248408666801652e-01 -1.442707187410986e-01
1.000000000000000e+00 0.000000000000000e+00
-1.069375275484509e+00 -8.523060104581468e-01
-1.966158363183486e-01 -2.229043576086107e-01
9.831752477242791e-03 -4.676381881196096e-02
3.387495847725480e-01 7.803666338786869e-01
8.053449396918491e-01 5.108620698409385e-01
2.339702528945157e-01 -5.607901054993902e-01

-1.145079717292221e-01 1.974611248141399e-02
-6.818506323367964e-01 -4.652985150311426e-01
-8.009318702515587e-01 -1.674345399640861e-01
1.000000000000000e+00 0.000000000000000e+00
-8.768992894328489e-01 -4.949007647915935e-01
2.371105423155805e-01 -4.829924004291763e-02
4.892486930522649e-02 -4.665961168807240e-02
-1.579533664841374e-03 -5.261066885856056e-02
2.607033478338534e-01 -1.719411707429583e-01
1.017283861850925e+00 -2.174123423808614e-01

-1.275865991442238e-01 3.614601649882265e-02
-2.820050073920117e-01 5.372397361657592e-02
-7.945291002290427e-01 -1.232984079593950e-01
1.000000000000000e+00 0.000000000000000e+00
-9.451139944148679e-01 -4.460708558842381e-01
5.381840606511157e-01 -2.814747712481272e-02
5.058071380116608e-02 -5.203460611867373e-02
-2.215158324199009e-01 1.366380339955114e-01
1.195145332942577e-01 6.697138116160559e-03
9.683481345728435e-01 -7.174074039378178e-01

4.352508449920500e-02 1.051317608822567e-01
-2.128337561541526e-02 1.019569540255120e-01
1.000000000000000e+00 0.000000000000000e+00
-3.973183389353181e-01 1.802797465836226e-02
4.497718765315913e-02 -1.105623249172555e-01
4.113287104699497e-01 -1.510805847381777e+00
-3.958563210040963e-01 -5.395997778960030e-01
-1.367765102002107e-02 -2.885244778641951e-02
6.819111131195547e-01 8.566598562138664e-01
-1.523418497106526e-01 -1.685779244746966e-01

1.000000000000000e+00 0.000000000000000e+00
9.364665394558939e-04 9.100074525960058e-03
7.955176132614804e-02 3.789621700140060e-01
-4.634357342769630e-01 -8.730279268608667e-01
-8.999616436997813e-01 6.553394827362205e+00
-6.344453458862912e+00 -1.948794023880950e+01
-2.240892152732416e-01 2.730778050312972e-01
3.686918954525224e+00 1.084936744018327e+00
-2.901574395780573e+00 6.097913490972478e+00
1.778366657683650e-01 -2.274553768131742e+00

4.642802147169922e-03 6.447382913752365e-03
1.000000000000000e+00 0.000000000000000e+00
1.409612116853852e-01 9.339499152690323e-02
-8.523722701477016e-02 -3.213633827516270e-02
-1.446800348425390e-02 -1.592330422818143e-02
1.314015132776550e-02 -1.683308926098862e-02
2.846924946255450e-01 1.485128936024975e-01
-5.094041413943917e-02 -1.114047091221025e-01
3.944844707650539e-01 -4.501011105740294e-01
-1.172664366991518e-01 1.514783770824459e-02

-1.465212689097534e-01 7.435647328393361e-02
-8.971909351652675e-02 6.761662389412783e-02
-3.731312851137913e-01 -8.728943740280833e-02
1.000000000000000e+00 0.000000000000000e+00
4.228618988912904e-01 9.048241820087843e-03
1.321463364865169e-01 -5.319229920627954e-01
5.047492311276040e-02 -6.050514787549164e-02
-6.142135199883467e-01 -2.974750401247526e-01
9.580929695895213e-02 -1.216407880439273e-02
2.235233737876445e-01 -2.921290818808572e-01

7.147658815700786e-03 -2.607620444552717e-02
1.000000000000000e+00 0.000000000000000e+00
6.763176038171378e-02 -9.678396710553608e-02
-1.306491988434741e-01 1.759057454141301e-01
6.318402483917096e-02 -3.130472865820907e-02
1.116402758946198e-01 -4.262190716464430e-02
2.922284049268224e-01 -8.899695880890890e-02
-2.664469195128908e-01 -1.490346681520261e-01
1.019244690074098e-01 -4.101612894419225e-02
1.712562218579069e-01 -3.299970142771623e-01

-4.816973391034226e-01 2.893090655166585e-01
-1.125432579865339e-02 2.281115910512951e-02
-5.058628445647091e-01 -2.752415883106460e-02
1.000000000000000e+00 0.000000000000000e+00
6.289687530655653e-01 -8.271341625744949e+00
6.173492871380640e+00 -6.451360552608781e-01
-2.307229256476129e+00 9.099915031464012e-01
-6.620199819706182e+00 5.733328340004967e+00
1.331176612536469e-01 4.715140003692042e-01
6.691336214960616e-01 -1.469940650282352e+00

-5.424339348981802e-02 -3.264514170989292e-02
1.000000000000000e+00 0.000000000000000e+00
-1.576318709282889e-01 -4.339500739479867e-01
2.185442674625702e-01 4.938227905041657e-01
1.537651170707017e-01 4.819772182165602e-02
9.361707368001000e-02 -5.380888647114217e-03
3.923495664584573e-01 -2.355186590436282e-01
-5.865811039447943e-01 3.317645339540557e-01
-1.055573446192455e-01 7.955904872754282e-01
-1.270024228553598e-01 -1.462101894666358e+00

8.031469924518575e-02 2.980284383169901e-02
4.929846361781626e-01 9.445616865186182e-02
1.000000000000000e+00 0.000000000000000e+00
-7.384330261288505e-01 -4.629823812865810e-02
-1.285077661890471e-01 -1.708990874207376e-01
3.606395802411325e-01 3.938740978139330e-02
5.143374765987092e-02 -5.273565553677442e-02
-2.748419222272932e-02 -1.632881457496759e-02
7.190739250382567e-01 -1.657414426378960e-01
-2.934889499382599e-01 -1.094135964730070e-01

7.350363169267371e-02 2.249691733162804e-01
-6.699648511683864e-01 5.019257177041589e-01
-8.890038593417717e-01 -1.142452428877817e-01
1.000000000000000e+00 0.000000000000000e+00
1.257681575921519e+00 5.996921167396942e+00
-5.293473014626326e-01 -1.363528524743703e+00
1.931391528021654e+00 1.548419880933793e+00
6.113969881185261e-02 1.051076927698169e-01
-5.665133484769429e-01 -2.754442028554597e-01
-4.964433039308911e+00 -4.622507714572025e+00

-8.308791494852975e-04 -8.772541087570501e-04
1.000000000000000e+00 0.000000000000000e+00
-1.241883216214709e-02 3.505677248990379e-02
-4.302090614272696e-03 -1.154211962890279e-02
5.411968425257609e-02 -5.932273695035633e-02
-6.533397106982800e-03 -5.390867924072461e-03
5.647666841161703e-01 -6.574276892590787e-02
-4.424298112417963e-04 -9.967531216535771e-04
-3.701237868482132e-02 -1.287233308797932e-01
-7.664036991421128e-03 -5.329602631624990e-02

9.203480645717535e-02 2.262671378819733e-01
1.154365803276251e-01 -4.273860077147860e-01
-8.917123744878271e-01 -1.199986344406344e-01
1.000000000000000e+00 0.000000000000000e+00
6.792258118655612e-01 5.592958041823918e+00
-4.557965610780229e-02 -3.977499833769192e-01
1.668702714847654e+00 1.394085202222409e+00
2.628077088748182e-03 5.195700356332265e-01
5.419471938393725e-02 1.316197302752038e-01
-5.168626247525141e+00 -5.453701618592918e+00

2.545195609390822e-04 -8.184168223584460e-05
1.000000000000000e+00 0.000000000000000e+00
1.059737528874268e-02 -2.294436813767159e-03
-6.918369567252967e-03 4.804435882944403e-03
1.828637050839336e-01 -2.545872009349707e-01
4.582688003094845e-02 3.073094688183624e-02
4.992079326114735e-01 -2.558765064637981e-01
-9.180395565968778e-03 3.461518425630789e-03
4.350852871319877e-02 8.394000414787160e-02
-4.241692613110368e-02 7.675925580451234e-02

1.039655585730999e-03 -8.847773499604224e-04
1.000000000000000e+00 0.000000000000000e+00
4.634211478013095e-02 -2.617724845695582e-02
-2.549903706154920e-02 3.188617683283966e-02
2.090719712192650e-01 -2.027304709204249e-01
-2.182101722657418e-02 -3.746346012439890e-03
5.249225375069663e-01 -1.909232595726389e-01
-2.607049658413658e-02 -1.212208118217247e-02
8.860911205771545e-03 1.044445056450866e-02
-3.945107793771149e-02 8.225189744060263e-02

-3.592470189846371e-01 5.499588206154868e-01
-1.292906489598122e-02 -6.684133578625094e-03
-6.425744844960506e-01 -2.043267870904807e-01
1.000000000000000e+00 0.000000000000000e+00
8.810378525480744e-02 3.648984785557867e+00
-3.887192005569064e+00 -1.198475604837578e+01
-5.897561354480263e-01 1.201628045781434e+00
3.407183845075823e-02 5.115222117081286e-01
-2.124511888008349e+00 2.724146161356810e+00
1.242608389905195e+00 -2.427376437337340e+00

-2.687121453645799e-02 6.631928540499184e-02
-1.267406333962715e-01 -5.393848132040797e-02
-6.594588996411747e-01 -1.936619132781984e-01
1.000000000000000e+00 0.000000000000000e+00
-2.162846754493991e+00 -2.982847019185495e-01
6.681163140552678e-02 -8.161686874007071e-01
-1.001652438211512e-02 -3.477144052373517e-02
1.476728209497023e+00 7.718319578495172e-01
1.145327454156310e+00 3.327648131627407e-01
8.156394690418681e-02 -3.064845171519898e-01

-1.561839214327845e-02 -3.626220883658336e-02
1.000000000000000e+00 0.000000000000000e+00
6.617015102304011e-02 -4.621734797336199e-01
2.549608025313662e-01 5.094571629286785e-01
-1.844542078237029e-01 2.169972829994715e-01
1.109694395302817e-01 -6.425949859779334e-02
5.174584254459610e-02 -1.237761438770930e-02
1.032996456891719e-01 -5.685766483171245e-01
5.967030191597926e-01 -4.729636600855440e-01
1.658208508827916e-01 1.127003861284730e-01

-0.940977369245040144517949160030e0 0.203867138942087591032196067435e0
-0.283173380420895783317320533687e-2 -0.173800036559326983323954005311e-2
-0.964365357796427665817455021754e0 -0.188102839294317446722905222847e0
0.100000000000000000000000000000e1 0.000000000000000000000000000000e0
0.741926687092687367967952037123e1 0.905440961064321684952651145775e0
0.340067920332218432753634816320e1 -0.324208984175498632851170018639e2
0.169346985093076514018893093199e0 0.133621451925564201332276765421e0
-0.355826633693653451653866409133e0 0.166501773938611404778778181700e0
-0.113162651697546850762350358710e2 -0.124265083539025102853391497864e1
0.270391465204801111991677541240e1 0.156805602945095138410494564440e2

-1.398942386351126e-01 5.496630005516026e-02
-3.844273632059182e-02 1.062275276918023e-01
-5.785664717105411e-01 -8.140933320248991e-02
1.000000000000000e+00 0.000000000000000e+00
-4.146819337729616e-01 -1.602117924049795e+00
1.456953244656646e+00 3.461787619176914e-01
5.019199024173542e-02 -5.509163230220356e-02
-8.919362707575517e-01 1.007316645073878e+00
1.035998629795692e-01 -8.084076130632167e-03
3.407814404714556e-01 -4.054646104191310e-01

