0
52
4.968535554052068e-02 -1.009171586110362e+00
-1.452491509185814e-01 9.361940435143619e-02
-2.219189603715284e-01 -6.323871882689261e-01
-3.223500506867268e-01 -1.231139735734163e+00
2.834773834533496e-16
2.723551407120344e+01
7.682598930515743e-16
9.765625000000001e-05
3.725171543471971e-15
0.000000000000000e+00
1
0
0
0 0
0 0
0 0
1 0
1
52
-1.086035789842727e+00 -6.952044639925127e-01
4.551761161207863e-01 -3.116420974727430e-02
-1.041851829527579e+00 -7.989386605328075e-01
9.396508197185199e-01 -1.577939616445449e-01
1.964148268296129e-16
9.716093416930769e+01
1.425979076744390e-15
9.765625000000001e-05
1.634753923632462e-14
0.000000000000000e+00
1
0
0
0 0
0 0
0 0
1 0
2
52
-1.721000265599812e+00 -1.196726706284338e+00
7.680460030804570e-01 2.507045601108664e-01
-1.282490130977205e+00 -1.320652425154175e+00
8.575582710058890e-01 9.768891311398937e-01
8.469146707540355e-16
6.153933541488927e+01
4.791056807440227e-15
9.765625000000001e-05
5.484097192022683e-15
0.000000000000000e+00
1
0
0
0 0
0 0
0 0
1 0
3
52
-1.008373861423549e+00 -1.333712749958987e+00
3.933223322808727e-01 2.978315047631617e-01
-7.873146787842845e-01 -1.178154040500972e+00
1.355175588627613e-01 2.560122848752053e-01
3.333559025893249e-16
1.150910440321619e+02
8.230155097745691e-16
9.765625000000001e-05
1.495075148912382e-14
0.000000000000000e+00
1
0
0
0 0
0 0
0 0
1 0
