0
52
-8.545248451055302e-01 -8.446466043162147e-01
9.280398856858481e-01 -1.589455179086630e-01
-2.299204997170172e-01 -6.389088330154037e-01
2.671657197537795e-01 -1.017304310035747e-01
0 0
0 0
0 0
1 0
1
52
-8.136134392409329e-01 -5.563056818391555e-01
4.652575460808039e-01 -1.328774967997440e-01
-7.787696181853423e-01 -5.554935372373816e-01
8.042107561967554e-01 -5.497563699824869e-01
0 0
0 0
0 0
1 0
2
52
-7.569432789506951e-01 -8.152677376672917e-01
8.683132260714521e-01 -8.147038048568081e-03
-2.840825219417530e-01 -4.523506487723084e-01
2.038021445048201e-01 -3.381189478564718e-01
0 0
0 0
0 0
1 0
3
52
-6.107401010106682e-01 -7.028886659630135e-01
6.704130204839795e-01 2.085872797507439e-01
-4.955390398524286e-01 -1.715488995353197e-01
2.484537940345609e-01 -7.787073572260813e-01
0 0
0 0
0 0
1 0
