10                                               

-1.241652157030300e-01 -3.470345435821910e-01
1.839826880399977e-01 -4.188246104405755e-03
1.000000000000000e+00 0.000000000000000e+00
-3.901587578016107e-01 -3.489350386068836e-01
-7.201236521521009e-02 -1.470063415957364e+00
-1.295416082573192e+00 1.063734541960203e+00
5.220818488843183e-01 1.977022480165071e-01
1.667504201558668e-01 2.999471419193054e-01

6.878942768940882e-01 -1.344294193222150e-01
2.149711072201867e-01 -1.893885154782859e-02
-4.687982733090383e-01 -2.754867889511287e-02
1.000000000000000e+00 0.000000000000000e+00
-5.445058020068114e-01 6.008402071033858e-01
5.416697091731089e-01 -9.481929241483356e-01
-1.445214484725563e+00 -3.908651650838849e-01
2.544727578681392e+00 -3.735675223804358e-02

7.704879533159992e-01 1.837829134225407e-01
1.254350058411075e-01 2.529959420057682e-01
-5.174074696342804e-01 -1.341350772074587e-01
1.000000000000000e+00 0.000000000000000e+00
-7.735184949324192e-02 1.432063253099235e+00
-1.334023244923410e-02 -2.932887410766743e-01
-1.157127107907261e+00 -1.916871985139101e+00
2.663373886214509e+00 -1.111054609453694e-01

-7.996303985849867e-01 3.041328796405215e-02
2.304255625597883e-02 3.996245733902217e-02
1.000000000000000e+00 0.000000000000000e+00
-8.986044708875046e-01 1.401243107892164e-01
1.234268105866814e+00 -3.113562551450342e+00
2.204197139843143e+00 2.811013321395460e-01
-5.074796885136727e+00 1.935592301906096e+00
9.199487856628177e-01 -2.126950006834563e-01

1.000000000000000e+00 0.000000000000000e+00
2.150135168131836e-01 1.012243209943001e-01
-6.415512939532162e-01 -1.436276702475637e-01
8.903368847886469e-01 1.171433779225267e-01
-4.002902468339083e-01 1.237606476177201e+00
-1.592821472842860e+00 -1.138628600246230e+00
7.179719172159913e-01 -3.318638737555238e-01
1.980234529952017e+00 -5.717756975398653e-01

1.000000000000000e+00 0.000000000000000e+00
7.222848674781697e-03 2.324841201972228e-03
-1.131604299813898e-01 4.321066992114592e-02
4.074145264476165e-01 -8.239976951858433e-02
-1.399161505347798e+01 -4.756977101966240e+00
9.814106807999798e+00 1.612183294218190e+00
3.983284631546056e+00 7.703470411807445e-01
3.271218844566625e+00 1.053615957788283e+01

-5.073592261094353e-01 1.862877247024362e-01
-4.447204020656438e-02 -7.798677283812613e-03
1.000000000000000e+00 0.000000000000000e+00
-4.605276226816796e-01 3.445668946206836e-01
2.588119293780999e-01 -4.657393936063060e-01
-2.220038118641861e+00 3.676757150935629e-01
1.016018297094940e+00 7.117143570198292e-02
4.478493757647356e-01 -3.694175561755856e-01

6.944524343918302e-01 3.183167763344114e-01
-4.437703239279346e-02 3.281459496078770e-01
-6.473689826407368e-01 -1.385967128444130e-01
1.000000000000000e+00 0.000000000000000e+00
1.894624944496571e-01 -5.606370152384745e-01
7.422196728357791e-01 4.836521968233315e-01
-2.147829182377027e+00 -7.399411386083036e-01
1.714108394409073e+00 2.245641608675224e-01

4.990726553611115e-01 -4.254542705007011e-02
3.182183991568117e-02 -2.176116994567903e-03
-9.283856810937217e-01 1.190701086396513e-01
1.000000000000000e+00 0.000000000000000e+00
1.581150293920641e-01 -1.758049116524001e+00
-2.273774762708688e-01 2.558104951913272e-01
-1.141481865110697e+00 1.121015832364819e+00
6.179234394278209e-01 -1.730889164800981e-02

-3.383987227048054e-01 -3.982933735354618e-02
4.433864589243395e-02 1.007097037249475e-02
1.000000000000000e+00 0.000000000000000e+00
-7.281043506264835e-01 -1.380577992570366e-01
-3.340144122058220e-02 -2.047277154371705e+00
-4.812848131318274e-01 1.143531587484068e-01
-6.925121232874971e-01 1.677081923278042e+00
3.598912458362773e-01 -1.124700052206942e-02

