0
6.999269664869159e-01 5.897108546440057e-01
-1.296701292054279e+00 -2.221405851945853e-01
1.993390766898158e+00 -2.819223232268331e-01
-7.525639894059327e-01 -5.132484987392498e-01
-8.369039969781348e-01 4.269712208103833e-02
-5.767836805588076e-01 -7.650315398693119e-01
1.045053570645625e+00 -7.023816675868320e-01

1
-1.059480760401154e+00 1.422699980093147e+00
-6.784572346237951e-01 -5.398455205591967e-01
-5.449877078858941e-01 -5.283272879479444e-01
1.390619485636541e+00 8.442325969563362e-01
-8.439771123166911e-01 -5.081590692599449e-01
5.910837361253258e-01 -4.879915361261026e-01
-1.509009630575560e+00 1.089947395409673e+00

2
7.559141526614962e-01 7.140333861366106e-01
-1.870309540312916e+00 -1.027738442031037e+00
2.328444902558606e-01 -8.289959839428740e-02
8.555886544693394e-01 -9.427407237422126e-01
-8.367782059852689e-01 -5.932437176227858e-01
5.084388989290309e-01 1.251260378714638e+00
1.122145734177354e+00 7.173888545257476e-02

3
7.078049283901869e-01 6.279496356524412e-01
-1.322966252289953e+00 -2.550875726353000e-01
1.778286100431570e+00 -2.238949698047414e-01
-6.012526351410877e-01 -4.482509042843389e-01
-7.878262456375769e-01 -6.417307238920934e-02
-4.461653703225475e-01 -6.973960837673032e-01
1.011016965408854e+00 -5.300199450226016e-01

4
9.697938256508462e-01 9.116004585625458e-01
-2.431900708790939e+00 -5.540030988003951e-01
8.092850833577702e-01 3.686711317621557e-01
2.891807329757972e-01 -9.215839511193819e-01
-1.076631688909031e+00 -5.820003439979663e-01
8.423571369588209e-01 -6.068703075295312e-03
1.052840400287328e+00 -3.783676435498927e-01

5
7.917563826317010e-01 1.135842570438702e+00
-1.873676764128076e+00 -9.130646974610047e-01
8.726099850597143e-01 -1.632341041386133e-02
3.646404506815544e-01 -7.410801657326169e-01
-8.969993762139250e-01 -2.062711467748504e-01
1.069607069910644e-02 -3.761282123366182e-02
8.145399401509368e-01 1.851364146678603e-01

6
1.070562397702057e+00 5.725144858609379e-01
-1.962512886963510e+00 -3.140832042510333e-01
1.301517600167220e+00 1.794609339777199e-02
-1.793041660767604e-01 -1.928627023784996e-01
-9.582043474559195e-01 -3.851122671554078e-01
1.303923282259808e-01 -9.249665407069335e-01
5.736509579176022e-01 -3.198137319541000e-01

7
4.692140360430463e-01 7.317566637046587e-01
-1.499902043867372e+00 -4.915700439584881e-01
9.482457176847711e-01 1.829329551642384e-01
3.183192691839416e-01 -7.590748024942681e-01
-9.179036351495263e-01 -4.048647398275808e-01
1.556158620910301e-01 -8.880475783270843e-02
1.135640846227635e+00 5.122926322379228e-02

8
6.738858593506372e-01 3.697539638126659e-01
-1.569190716486865e+00 -6.546785814384171e-01
7.176008231264212e-01 -5.508150482858515e-02
4.355445974758573e-01 -7.413578226206580e-01
-9.158428465033090e-01 -1.855266258473128e-01
1.249249962768393e-01 1.036456039145977e-01
7.029139814362210e-01 3.752852138359424e-01

9
7.652683910241345e-01 5.987262127067358e-01
-1.758454151759128e+00 -3.075148095300109e-01
1.925578675318717e+00 6.571737758982021e-02
-3.976286830745398e-01 -8.275982468276467e-01
-1.164696185979856e+00 -1.326340091615600e-02
-3.381842933075153e-01 -8.832916736349025e-01
1.120131816797198e+00 -6.276314580990383e-01

10
5.342456288984319e-01 5.853458406202596e-01
-1.543991974948030e+00 -1.401731420186585e-01
9.091332844482001e-01 5.428335859056483e-01
3.352561950672250e-01 -9.845290724273946e-01
-9.250309391618924e-01 -4.904739939958286e-01
3.942701338620013e-01 -2.332925893196403e-01
1.416003380446745e+00 2.403730692287544e-01

11
9.646507086531800e-01 1.296554369090531e+00
-2.058977074621818e+00 -5.649742996149008e-01
7.546794878994125e-01 -2.132290216553150e-01
2.209019520803157e-02 -5.115408146829977e-01
-5.830334432601598e-01 -6.177099041010446e-02
1.100796068941626e-01 -1.516665686094380e-01
4.363792273392234e-01 2.947108342330761e-01

12
5.527912023242648e-01 5.192539391934952e-01
-1.542418972763820e+00 -1.638835339292753e-01
7.950511033057166e-01 3.400623551455890e-01
3.882613744801429e-01 -7.620476726251569e-01
-8.214711080190115e-01 -5.149381690528400e-01
2.711947562920228e-01 -8.397127423296807e-02
1.264712367088975e+00 2.820666278333345e-01

13
1.012314483278845e+00 1.021226341426321e+00
-2.495376248629821e+00 -6.601652428320413e-01
8.276996564024354e-01 -6.920023550440843e-02
3.533886898169147e-01 -7.407514494286768e-01
-8.110894770578657e-01 -4.042479268815282e-01
1.060294648258315e-01 3.790190280763759e-01
1.093665806370480e+00 -1.975939460366709e-01

14
4.972124086264793e-01 6.686285716544846e-01
-1.550890356449390e+00 -4.085752508395398e-01
7.599828314855039e-01 3.174179216619033e-01
4.778897385216030e-01 -8.294924285060647e-01
-8.926813486818361e-01 -5.011982109580280e-01
3.034113203415550e-01 2.319479282841540e-02
1.231025290151068e+00 2.348723216945375e-01

15
1.344875224564236e+00 1.082509802167968e+00
-2.187658244784681e+00 -1.110801075043083e+00
1.027311854803327e+00 8.908169344617121e-02
3.770391678545390e-01 -9.892151908455297e-01
-9.642524802769787e-01 -2.314548173531139e-01
-1.197119216270784e-01 1.081164287791614e-01
1.189744240881111e+00 1.158188545364998e-01

16
1.295075502661904e+00 1.751142841176292e+00
-1.969731901653339e+00 -1.385573620709883e+00
7.344617441594627e-01 1.951010475904382e-01
5.408940676491597e-01 -9.095272812000098e-01
-7.861093063466534e-01 -1.763225823533885e-01
-1.221206587745141e-01 -9.845143941411133e-02
9.920191803891818e-01 7.538038406542942e-01

17
5.292585814564925e-01 3.932442650298733e-01
-1.575764295385703e+00 -7.635947513751598e-01
6.762138100806532e-01 -3.462740599542041e-02
4.398611803640274e-01 -7.414500765781172e-01
-8.459826903185506e-01 -1.663022667750924e-01
9.941025482542912e-02 1.093721079744063e-01
7.894924276136823e-01 4.948661604245608e-01

