0
4.391371216756457e-01 -4.095934012505332e-01
1.878305910629768e+00 7.316523390720665e-01
-1.244632661496561e+00 3.036866353288474e-01
6.363125947557310e-01 -8.186672996037214e-01
-3.739430010280789e+00 7.589958303969933e-01
4.393051586050742e-01 -5.204062119053599e-01
3.215436857845856e-01 -3.836320419363907e-01
4.303197081254244e-01 -3.706650825171444e-01
1.966930914916185e-01 -1.278907194761145e-01
3.504187983394085e-01 -4.694478649030528e-02

1
3.013559076941935e-01 -2.806323449054799e-01
-6.222975309356042e-02 -5.153614786622293e-01
-7.022639976884999e-03 1.240760022745851e-01
-3.874533981126124e-02 7.683729777626187e-01
-1.067073936866712e-02 6.133938514584619e-02
2.109536926442734e-01 -7.220317601955648e-02
3.260365217241183e-01 -5.082056573871445e-01
1.095140032710546e-01 -2.960336316023390e-02
9.196085978558688e-01 -3.178513579661970e-02
-1.934376984876196e-01 -6.221225373442711e-01

2
5.341670082867114e-02 -1.661813900958282e-01
1.594529194952781e-01 -3.343654847607525e-01
2.497969711733983e-03 2.903172775144129e-03
2.334854975597465e-02 7.008385709881850e-01
-3.180829935723871e-01 -1.699189729071832e-02
2.014350111657967e-02 -6.017998652930025e-02
7.069194418189781e-01 5.245005147250504e-01
-1.215168905244556e+00 2.526353613171942e-01
4.024433169133609e-01 -7.465878693639094e-01
-6.709996912698295e-02 -9.430881076862901e-02

3
-3.546710200961823e-01 -4.717148305876606e-01
2.841257444254979e-02 7.365061636833735e-02
1.273304275867674e-02 -2.076008222521437e-02
2.951922131099728e-01 5.996336751199915e-01
-5.789520784229504e-01 -5.238398343335252e-01
4.643542211073767e-02 4.953985766598031e-02
2.332063188432624e-02 -1.388799581052718e+00
-9.734120490365443e-01 -3.522998343071397e-01
-3.395308722516582e-02 -2.947422287899447e-02
8.518486807367645e-03 -5.807983456164131e-02

4
9.121528770836045e-01 3.985160133155121e-01
-1.466604007747421e-01 -4.141624999381184e-01
-2.684605988970634e-04 2.703929845342276e-02
1.002436413889759e-01 9.057466777326643e-01
3.866921602500808e-02 -2.022553698895649e-01
3.249475915910382e-01 -1.768027005807734e-02
3.167068641192903e-01 5.567248736862720e-01
1.124096822922758e+00 1.271156254686743e+00
2.090444920265195e+00 9.082082048247088e-01
2.358654275704763e-02 -1.739473893002006e+00

5
9.346961350621958e-01 -4.259547377970551e-01
1.165738611215097e-01 -2.571064781304963e-01
4.505140356211161e-03 2.782999848851549e-02
8.749992548058681e-02 5.880336954288636e-01
-4.086030774405504e-01 -1.227216361801383e-01
3.028245808535672e-01 -7.376706615734629e-02
2.769247899408328e+00 -7.019699206313811e-01
1.161366473903981e+00 1.033602937422974e+00
4.352416813506061e-02 -4.841301358916099e-01
5.001975827351259e-03 -4.923608263753091e-01

6
4.641646610089236e-01 -3.536545905991454e-01
2.636892312742709e-01 4.836371012397727e-01
5.203024675732617e-01 -5.256693967831736e-01
1.374451805178196e-01 2.522308214011613e-01
-9.984579760453492e-01 -1.068544048844479e+00
4.438081399319263e-01 -4.925180225282618e-01
2.421056563589352e-01 -1.012740050879578e-01
3.462601282667462e-01 -3.561015312054132e-01
4.152795183417193e-01 -2.717943549103752e-01
2.130510744671674e-01 -7.141582909737984e-02

7
1.016213272353372e-01 -2.163617610662853e-01
5.699467779636456e-02 -9.207239935402854e-01
2.879144964795183e-02 1.829347555822646e-02
-2.968352209611632e-01 9.451576035025137e-01
2.991364204602374e-01 4.401177173409839e-01
-1.378802467825671e-02 -1.356948535653474e-01
6.122130635892957e-01 8.959534619197919e-02
-8.002967701997924e-01 1.613054810858633e-01
4.467555106757818e-01 -1.880498715369489e-01
1.538957428730261e-01 -4.139390082389062e-01

8
1.821397068107762e-01 -1.126139944176327e-01
-9.668004927372460e-01 -5.233077873180024e-01
-5.553696093290322e-02 6.569262422511195e-01
3.543671495830700e-01 6.594199989857300e-01
5.536864662232657e-01 -4.145619781882747e-01
4.966903794423719e-01 -3.662964153625538e-01
-8.334626223392755e-02 -1.737205667181438e-01
-1.992402591542440e-01 1.365883054494896e-01
-5.720098652233351e-02 -5.172662255230335e-02
5.136059326896351e-01 2.063372054213177e-01

9
7.624206365449878e-01 -6.878836763753787e-01
2.747198477403406e-02 -3.205989224260238e-01
9.217546634226097e-02 6.182700208090294e-02
2.401053217407269e-02 6.308493839822078e-01
-2.180240786822467e-01 -1.107071713574351e-01
2.004119129272513e-01 -2.725023781401776e-01
1.500578853919530e+00 -4.906843748489151e-01
8.975929345618620e-01 -4.324519955166851e-01
9.325822820044453e-01 -6.646702723305011e-01
-4.627879429418368e-01 -6.243176618243339e-01

10
2.784581961296890e-01 -2.024590658543495e-01
1.261360519223501e+00 -3.506881575404580e-01
-5.065576408752790e-01 -2.298451134548840e-01
-2.220262496227173e-01 -8.487516596727460e-02
-1.875325598669943e+00 8.272750787972515e-01
4.343994756982913e-01 -2.720557960036308e-01
4.265335134665742e-02 -3.629654807074088e-01
8.796573417185748e-02 3.051169321869700e-03
3.757576168407758e-01 -5.793438449067576e-02
1.945171310716326e-01 -1.128483635722323e-01

11
5.176430894180788e-01 -3.544888977928424e-01
-1.015627105490714e-01 -4.473333560024128e-01
-4.055565062292817e-02 2.856039826967325e-02
8.328476210572948e-02 9.011823429432210e-01
3.633632756562270e-03 -1.284703743405048e-01
1.793953741630286e-01 -1.205722139639964e-01
4.573830361601131e-01 3.616254759341603e-02
2.726977118041782e-01 -3.248352301046713e-01
1.515611070945942e+00 -4.619525501454088e-01
-5.927031307147950e-01 -7.891673077445360e-01

12
1.678975480105139e-01 -1.274400092871661e-01
-3.878046048738635e-02 -5.903969482687413e-01
1.346311935979733e-04 3.552872685337401e-02
-6.297397829230784e-02 8.754877090896189e-01
7.525747970152123e-02 7.114498960596426e-02
1.713705532047707e-01 -1.524379084425302e-01
4.103209592183307e-02 1.744723922617665e-01
-5.217781053269156e-01 2.940861240569358e-02
8.118419850667690e-01 -1.646545788109749e-01
-5.075125683412517e-03 -4.109811895080974e-01

13
8.538446241944657e-02 -1.360563041668723e-01
5.591617338836861e-01 6.767239705385558e-02
-8.335049643328190e-03 -4.773772973117284e-03
1.665765841906025e-01 3.624571096830642e-01
-1.017095064243906e+00 -6.531739151249824e-02
2.540807254011196e-01 9.054606070613393e-02
7.737499311061821e-01 -5.451888914282621e-01
-5.161389401324239e-01 6.728054569804263e-01
3.289612704478048e-02 -2.851261399008856e-01
5.463749144669099e-02 -6.112653398991639e-02

14
3.341752234768909e-01 -2.295491724873440e-01
-6.631357953432769e-01 -1.534957938052434e+00
1.808900700660561e-01 2.291668526659602e-01
-2.049140409702404e-01 8.384755085128284e-01
1.225992051827471e+00 2.660644091663824e-01
2.434262718540499e-01 -4.023158426326104e-01
1.234157385411695e+00 1.345059499495165e-01
-3.589082231161545e-01 4.972014833853579e-01
-4.723701584321793e-01 -3.288795852656838e-01
6.931824314364433e-01 1.441830373733362e-01

15
5.702389745497400e-02 -3.041987278000480e-01
6.630921050346119e-01 3.060654107283721e-01
-1.893120533768136e-02 -1.557455074713442e-02
3.442120644719764e-01 4.918798688350117e-01
-1.143802989615569e+00 -2.119414167216847e-01
2.896246622997900e-01 2.677159421546378e-01
1.222594968558098e+00 -1.878447902617176e+00
4.984134555818882e-02 8.765289787227650e-01
-4.067283455120714e-01 1.215011703781075e-01
1.042344369842832e-01 -1.492081298251322e-01

16
4.540160529936196e-01 -1.054475250561268e-01
6.116413606146719e-01 -8.540787424630913e-01
8.373492110486999e-01 2.734910123495828e-01
-7.134592583159952e-01 1.648748728286218e-01
1.476927979488681e-01 9.151892156916867e-01
6.806366848929628e-01 -6.606153578369572e-01
-3.111629859175806e-01 2.347564254680152e-01
3.397610180996369e-01 -1.143111225263066e-01
1.103164148507397e-01 -4.032825900264686e-02
6.622081246978172e-01 2.438561611183367e-01

17
4.530305743992700e-01 -2.660372336483919e-01
8.714439366570129e-01 3.669775864976357e-01
2.791771653145706e-01 -3.510183060466341e-01
-8.494908083107200e-02 -4.820258319460165e-02
-1.571302818999816e+00 -2.470140049276006e-01
4.131988814288436e-01 -4.539767755292399e-01
3.607775798489804e-01 3.648313045271223e-02
2.170102810882558e-01 -1.025260917424345e-01
3.482526929401900e-01 -2.265355258874773e-01
2.993869595523133e-01 -9.603027875942534e-02

18
7.420904250744444e-01 -3.621435640692200e-01
-1.338679740105667e-01 -4.253023546026480e-01
-6.686465606369832e-02 6.841576535874525e-02
1.300120166781799e-01 8.891856809024298e-01
-6.137459235191714e-03 -1.539785263052312e-01
2.847288938499996e-01 -1.048313306318649e-01
5.169285289589907e-01 -1.694257572661104e-01
9.386150784851380e-01 -2.877086615614635e-01
1.850997976613572e+00 -3.164525239663295e-01
-7.410751480174232e-01 -1.043826965406802e+00

19
5.168409140555160e-01 -2.645476307510450e-01
9.242760362243055e-01 -1.236512975311492e-01
-8.092296590723487e-02 4.824641272686347e-02
-7.625321773340904e-02 5.245540520826591e-02
-1.332344338681999e+00 4.768712787266340e-01
4.229856810629563e-01 -4.103178531450839e-01
7.356073721845504e-01 -1.272405822950674e-01
3.750493621295016e-01 1.600642858586550e-01
1.622923722221208e-01 -1.908533083402581e-01
3.651204617053306e-01 -1.048540857414074e-01

20
4.046368203550378e-01 -2.927788785915099e-01
5.753667011550366e-01 -7.985475805515160e-01
9.400888868759202e-01 2.535425278122728e-01
-6.715018898655355e-01 9.696849935107459e-02
1.618563430615067e-01 7.756629437241004e-01
4.332014485947784e-01 -7.084092635945919e-01
1.819182164809000e-01 -1.160842894779240e-01
2.767893255081180e-01 -2.243462572739992e-01
-1.498250411555542e-01 2.087547259523995e-01
8.806081799559091e-01 2.318494350177000e-02

21
-1.785006290405243e-01 -9.821904436944504e-02
-6.236540961365366e-01 -8.643681958551805e-01
1.957871018894982e-02 1.389653021373951e-02
-6.836866624293952e-02 6.798413100796247e-01
4.370789990387944e-01 -2.610984988526875e-01
2.957735284125337e-01 -2.699798094548688e-02
-1.009196423890925e+00 -1.726162819786895e+00
3.147993468967924e-02 3.418113417409146e-02
4.716406841194227e-01 1.338062953576744e+00
4.795888761502223e-01 -7.037184555754834e-01

22
8.342180521537205e-01 -1.664988541381912e-01
-1.083952473217855e-01 -3.686375687557765e-01
6.421376945965934e-02 1.791275189543638e-02
1.229792873594824e-01 7.588594543871950e-01
-5.759398241840662e-02 -2.593748343158714e-01
1.433046441352717e-01 -1.162021349317815e-01
1.314458592284602e+00 1.341464319426275e+00
8.543502048179728e-02 2.648488493150744e-01
1.725324288040314e+00 -1.161777337449120e+00
-7.474743331280977e-01 -7.634123488131671e-01

23
1.373417189393902e-01 -3.308874964169457e-02
1.111329079758269e+00 -2.956548679463987e+00
-2.988346776680298e-01 4.952709378510279e-03
-1.650822908961706e+00 1.325343831288719e+00
1.058795504500580e+00 3.226522526386582e+00
5.070419034048327e-01 -1.425364343228953e-01
-2.891618109392220e-01 -2.833528935757452e-01
-2.155871727948382e-01 2.461612521106161e-01
3.561046891943718e-01 -8.346020827459272e-02
1.506347714847021e-01 3.643478003577291e-02

24
1.134927737984887e-01 -4.159991057675988e-02
-1.530014220090924e-01 -5.810383575054965e-01
6.872135896943125e-03 1.998392533826330e-02
1.288509248187604e-02 9.699454106810115e-01
1.960980930311227e-01 -6.793706274866954e-02
2.920498794999143e-01 -3.675233420230913e-02
-2.330190725530944e-01 -3.121366036154894e-01
-2.916667669172151e-01 2.310214309045034e-01
7.751586415060038e-01 1.509705278755486e-01
1.785864006964627e-02 -4.405741280480557e-01

25
2.465339826901852e-01 -1.094334798740391e-01
-9.501366866949114e-01 -8.385135591752223e-01
-2.398046976759422e-01 7.277253083635813e-01
2.261232626968648e-01 8.595727676337406e-01
7.632484710841213e-01 -2.114906585168152e-02
3.516287890540480e-01 -4.392210154342982e-01
1.010159431529527e-01 1.163436141297408e-01
-2.481505361693064e-01 1.437724559747085e-01
7.789099457266313e-02 7.404985972851066e-02
6.295083375988234e-01 -4.445793810884016e-02

26
9.968058140867235e-02 -3.279527488346823e-01
-1.709670075073353e-01 -1.182304318560772e+00
1.331437739523454e-01 8.494531260204310e-02
-3.916200144115914e-01 8.030964196200486e-01
5.989468093945555e-01 4.663923433471596e-01
-1.034295035027027e-01 -2.137806527215521e-01
8.111343590305384e-01 -4.370903673102954e-01
-5.408234923059384e-01 1.219310446038711e-01
1.813375551885511e-01 2.900035855583937e-01
4.717580303250639e-01 -6.111790621855923e-01

27
7.113453904151008e-01 -8.146947071799362e-01
7.521211420263193e-01 8.232521591645087e-01
-6.369646214625337e-02 -2.396006239649820e-01
3.946325510484706e-01 -8.814227947421792e-02
-2.043504317999108e+00 -6.717557188605388e-01
2.128401554203211e-01 -9.979298239166718e-01
9.575104582005600e-01 3.573815494534352e-02
6.891965069350282e-01 -1.195889953698184e+00
1.524313600916860e-01 -3.320334552893272e-01
5.751059019965142e-01 -1.764395207947814e-01

28
-3.733115995193873e-02 -1.410852022293079e-01
9.260350038412043e-01 -1.025002609821716e-01
-3.291037814649323e-02 6.586054631651790e-04
4.278598164234272e-01 2.666974946573756e-01
-1.120976036507245e+00 1.105735685499242e-01
3.886360632460195e-01 1.274894651550171e-01
-2.783796130276025e-02 -1.157766228151621e+00
-2.526338191965590e-01 3.732708285182890e-01
2.195460164147567e-01 9.991284780446610e-02
-1.267311472599039e-02 -1.157259183586321e-01

29
2.023058730591394e-01 -1.118406033708880e-01
2.880647791870387e-01 -9.793286409103575e-01
-8.264519526034027e-02 7.670175657029547e-02
-3.736116964749833e-01 7.545460927363384e-01
2.402380309583301e-02 7.447424013525220e-01
2.747654720590433e-01 -2.812910574140425e-01
6.395072081374793e-02 2.336839608607007e-01
-4.511490527650953e-01 8.005399746335264e-02
4.666437590946161e-01 -1.673658093581868e-01
2.457795259619176e-01 -1.669187472743110e-01

30
-1.906770211759529e-01 -7.716933020735513e-03
3.868192735646491e-01 -2.857622954738624e+00
2.629840613132533e-02 3.982206200554110e-02
-2.100706374861736e-01 2.150028754331823e-01
1.068878114455402e+00 1.490326312791056e+00
6.437868088999632e-01 2.204601002629198e-01
-1.459412995250087e+00 -1.689637191678941e+00
6.327211914603999e-02 3.967054500780776e-02
7.769530441513581e-01 5.825122740003539e-01
-2.310878602814683e-01 -2.193692424680753e-01

