10
0
0
52
3.706131477594844e-01 -3.830245934496710e-01
3.008705181600643e+00 2.178235194749913e+00
-2.162006615051145e+00 -1.389370559908019e-01
1.547116265481951e+00 -1.364325072132111e+00
-6.454348476424705e+00 1.504807504390851e-01
3.717933690211763e-01 -5.492349439672902e-01
2.864642495580400e-01 -3.811991128818805e-01
3.727329760185706e-01 -3.776587353401841e-01
1.956561684965996e-01 -1.168710506842631e-01
3.462018773630152e-01 -3.337179930232424e-02
9.930136612989092e-16
1.354087905453301e+03
3.206102474609144e-14
9.765625000000001e-05
3.924236910864597e-12
0.000000000000000e+00
1
1
1
52
2.581905499809818e-01 -2.696089977823665e-01
-6.362933698719911e-02 -5.296274402186524e-01
-1.235211701604301e-02 1.025458418290829e-01
-4.371535892717410e-02 7.392604389543006e-01
-3.088049107736982e-02 5.137921938984692e-02
1.982392401699171e-01 -7.711430933863257e-02
3.041033723594446e-01 -5.439862805521196e-01
9.858260253667712e-02 -3.745008204304862e-02
9.023256537893305e-01 -9.449741633541747e-02
-2.456681617786560e-01 -5.528264255484278e-01
2.482534153247273e-16
8.596949289265758e+01
5.363439558219769e-16
3.906250000000000e-04
6.400128890050207e-14
0.000000000000000e+00
1
1
2
52
5.074592316951333e-02 -1.550355616835889e-01
1.503679838760240e-01 -3.607206762870808e-01
2.360368066375968e-03 2.751271144528111e-03
1.744418980219135e-02 6.930362123678721e-01
-3.007241083670807e-01 -7.868025196867067e-03
1.685255548729123e-02 -6.089861887775789e-02
6.806237607094204e-01 4.756308206306011e-01
-1.163802606288115e+00 2.489576747227382e-01
4.099333637661892e-01 -7.216657151003344e-01
-7.088679469575655e-02 -9.403428704886861e-02
2.408705867777664e-16
1.610869240184496e+03
3.941314608509280e-16
3.906250000000000e-04
4.028289381291902e-15
0.000000000000000e+00
1
1
3
52
-2.951082578771527e-01 -4.287944077479045e-01
-4.617617611356956e-03 9.301124979256392e-02
1.306307377487969e-02 -1.806168101805407e-02
2.916811952058976e-01 6.192260186044455e-01
-5.632013636181952e-01 -5.501905841806880e-01
1.974449417494886e-02 6.508384679747452e-02
5.932135862839041e-02 -1.339323808856086e+00
-8.911117963215663e-01 -3.547891597313712e-01
-1.992756907270145e-02 -4.153544157391830e-02
3.303925633698420e-02 -5.115424493368337e-02
2.482534153247273e-16
7.500227283538133e+01
4.863894884413646e-16
3.906250000000000e-04
9.414759982896830e-14
0.000000000000000e+00
1
1
4
52
9.766180713591112e-01 3.301330790418827e-01
-1.677712636765059e-01 -4.314432951638361e-01
-1.940265792269284e-03 2.218338081349638e-02
8.078899332899266e-02 8.857635030220821e-01
4.285809516509378e-02 -2.021334978911557e-01
3.617464540743839e-01 -6.768639005915367e-02
4.412198291693549e-01 5.671972601124247e-01
1.413328897065504e+00 1.286281489219284e+00
2.451850122051671e+00 8.098716391103401e-01
-2.814823287661097e-01 -1.930923461257690e+00
2.106500081146021e-15
1.830393685420264e+02
2.469532042462774e-15
3.906250000000000e-04
1.707677844150661e-13
0.000000000000000e+00
1
1
5
52
8.068276804968674e-01 -5.156479843881305e-01
9.787633928098256e-02 -2.485256228392934e-01
3.656243740994977e-03 2.294787842991687e-02
9.674521725190985e-02 5.878355314989714e-01
-4.069055756452964e-01 -1.500688210084976e-01
2.583365488246473e-01 -1.104311012519675e-01
2.759027228856969e+00 -1.207713158664052e+00
1.330047396193131e+00 8.959429464426981e-01
-5.640100117961473e-02 -4.443015390691151e-01
-9.627418372939024e-02 -4.258201222185552e-01
2.286089127109703e-15
1.961645416248648e+02
1.344962628430581e-15
3.906250000000000e-04
3.583740250225303e-12
0.000000000000000e+00
1
1
6
52
4.034832221728362e-01 -3.397700062420629e-01
2.592330294104000e-01 6.137890596213118e-01
4.758361234662657e-01 -4.068903205853653e-01
2.280658833501034e-01 2.074718538203715e-01
-1.103726011429896e+00 -1.090541370086211e+00
3.739364301369174e-01 -5.401704276239161e-01
2.522831319191754e-01 -8.513825438604908e-02
2.930888159604733e-01 -3.620801593230685e-01
3.872713479361869e-01 -2.643444760427959e-01
2.300024975736825e-01 -5.585518993716555e-02
2.220446049250313e-16
5.186989918909160e+01
2.597812265228820e-16
3.906250000000000e-04
5.322484330319827e-12
0.000000000000000e+00
1
1
7
52
9.189029989578780e-02 -1.952166788612093e-01
7.699112277422404e-02 -9.663179211861301e-01
2.253718898900338e-02 1.758726592956215e-02
-3.012343080054085e-01 8.786438911084578e-01
2.727603962227026e-01 4.726534116970103e-01
-1.489360532389019e-02 -1.354700673607321e-01
6.072680694253976e-01 7.028956636954913e-02
-7.777023686564445e-01 1.847621424751870e-01
4.256970767643324e-01 -2.041961040370173e-01
1.462293227235086e-01 -3.752292559542740e-01
2.775557561562891e-16
3.638139230303528e+02
6.062092844437751e-16
3.906250000000000e-04
2.128402071505729e-14
0.000000000000000e+00
1
1
8
52
1.688898079469818e-01 -1.067915224642296e-01
-9.944303486101358e-01 -5.972270221250620e-01
-1.029809104931285e-01 6.075268055729628e-01
2.951193473686206e-01 6.686143595756365e-01
5.643925842344806e-01 -3.820862913984561e-01
4.836953681966479e-01 -3.882720306770100e-01
-8.814366131617898e-02 -1.688205650458516e-01
-1.894976571461847e-01 1.362034907113050e-01
-5.546861843218424e-02 -4.802198456472729e-02
5.136610247075244e-01 2.107794876415580e-01
1.755416734288351e-16
2.917808348010677e+02
4.301426165450807e-16
3.906250000000000e-04
2.294833946047613e-14
0.000000000000000e+00
1
1
9
52
5.742174339452040e-01 -7.094380772458714e-01
4.456763250691203e-03 -3.184952026328013e-01
7.115088586820494e-02 5.819985807411786e-02
4.256612728886589e-02 6.246373693987686e-01
-2.280423780224938e-01 -1.371534300375133e-01
1.298219684178261e-01 -2.774722246409568e-01
1.410193361925999e+00 -7.781884137241172e-01
7.766464091253450e-01 -5.465074485609046e-01
7.525159830581256e-01 -7.576371740155757e-01
-5.354004358924073e-01 -4.123151955938978e-01
8.950904182623619e-16
3.099458695792037e+01
4.880213042031510e-16
3.906250000000000e-04
4.017792521746047e-12
0.000000000000000e+00
1
1
10
52
2.507280704140399e-01 -1.937336249481259e-01
1.514461164096446e+00 -4.085881657464320e-01
-5.098062856716635e-01 -2.138477444568608e-01
-2.354671781448715e-01 -2.037084569182514e-01
-2.034082582603225e+00 1.045096011385280e+00
4.034984479625425e-01 -3.024489120549805e-01
4.357912963707836e-02 -3.638105621497391e-01
8.696509792621848e-02 2.446713832603181e-03
3.668231025683013e-01 -4.816041279983391e-02
2.007647039840506e-01 -1.059704917439360e-01
1.570092458683775e-16
2.747826581407375e+02
2.081910874969067e-15
3.906250000000000e-04
2.156582434284917e-13
0.000000000000000e+00
1
1
11
52
4.435324277323208e-01 -3.518050674827369e-01
-1.168360770231008e-01 -4.607097009958839e-01
-3.274361530777664e-02 2.091017241597482e-02
6.353571888460778e-02 8.747682327326379e-01
4.570648588636883e-03 -1.320754080970434e-01
1.587656084172922e-01 -1.358184062850439e-01
4.480764132520274e-01 -1.635283167639472e-02
2.327031921418249e-01 -3.415314738751985e-01
1.468239282648265e+00 -5.762910880382061e-01
-6.732590882403164e-01 -6.719991008203591e-01
2.288783399261119e-16
3.424269555194870e+01
1.003048056571552e-15
3.906250000000000e-04
1.996987877188556e-13
0.000000000000000e+00
1
1
12
52
1.514824068392753e-01 -1.185484861097021e-01
-5.177494336827835e-02 -5.991333895061817e-01
-8.451742222172225e-04 2.764370711092884e-02
-6.135576038462909e-02 8.439539577104714e-01
6.400359090345688e-02 5.498914264003822e-02
1.617552615890975e-01 -1.509941131972299e-01
4.562781929406139e-02 1.690197918795597e-01
-5.223807725143894e-01 4.298133714523395e-02
8.239238677351347e-01 -1.939950622533450e-01
-4.082780231391540e-02 -3.958737502026680e-01
1.123693828313069e-16
3.963584391985666e+02
4.073027960025658e-16
3.906250000000000e-04
1.959045517859079e-13
0.000000000000000e+00
1
1
13
52
7.805244004742144e-02 -1.288678025802295e-01
5.855578740697625e-01 6.693399941764053e-02
-7.613938384303636e-03 -3.835065578173751e-03
1.746423621460289e-01 3.741828064029382e-01
-1.019835163593642e+00 -4.925085394817788e-02
2.346920834715802e-01 8.319150369253835e-02
7.844928620407490e-01 -5.412816994218995e-01
-5.138697523550642e-01 6.735886877249401e-01
3.401886714653374e-02 -2.873611979900510e-01
5.306242343572349e-02 -5.986450486381449e-02
1.464747745534152e-15
1.148524572588631e+03
5.896570742703560e-16
1.562500000000000e-03
6.429174191560916e-12
0.000000000000000e+00
1
1
14
52
3.014053527493540e-01 -2.234069076360456e-01
-7.069346811352785e-01 -1.553381059368748e+00
1.586510643018803e-01 2.032009361884747e-01
-2.243311238744159e-01 7.825849740288404e-01
1.195049264220500e+00 2.357667403098054e-01
2.133172196252408e-01 -4.223501786525089e-01
1.221752554399878e+00 6.771027810476617e-02
-3.194602547177415e-01 4.967350086814697e-01
-4.598765656336861e-01 -2.936494312593690e-01
6.774270056223953e-01 1.306724920971634e-01
3.433175098891678e-16
8.385732614914909e+01
6.094558376867346e-16
3.906250000000000e-04
3.865888398405793e-14
0.000000000000000e+00
1
1
15
52
5.039831713431268e-02 -2.830643495871376e-01
6.849728411600525e-01 3.369260934984613e-01
-1.760119794111100e-02 -1.435115692276769e-02
3.613417531085918e-01 5.116834712816899e-01
-1.160032412129312e+00 -2.194269493696848e-01
2.584463353041682e-01 2.560305818548203e-01
1.194906311463962e+00 -1.853498062931564e+00
5.784751518665401e-02 8.490402805011569e-01
-3.854617043286188e-01 1.166312356206650e-01
1.020354128929172e-01 -1.408754422149897e-01
1.671106944322084e-16
4.839862727152791e+02
7.190494375905237e-16
3.906250000000000e-04
3.742373919797964e-15
0.000000000000000e+00
1
1
16
52
4.161908367019954e-01 -1.161010565332377e-01
5.688912801392820e-01 -1.016991295866253e+00
8.163185536672721e-01 2.048877561633874e-01
-7.154672705201138e-01 2.148148466353300e-01
2.785594668453304e-01 9.237248666251725e-01
6.450844721547756e-01 -7.180047063792635e-01
-2.916159789646737e-01 2.519343032693375e-01
3.265226582542658e-01 -1.302015107229215e-01
1.045627744621508e-01 -4.401877226542737e-02
6.605790019432395e-01 2.459597447250013e-01
2.482534153247273e-16
4.263959518402152e+01
1.425830623683850e-16
3.906250000000000e-04
4.317692170913986e-13
0.000000000000000e+00
1
1
17
52
4.134253255690460e-01 -2.600315985904287e-01
9.545340893803373e-01 4.029636141643630e-01
2.643926166714974e-01 -2.862560736497699e-01
-3.062055784235720e-02 -7.329431603523184e-02
-1.637519612056640e+00 -1.868903865542650e-01
3.714842205145933e-01 -5.006446007762485e-01
3.759988108070184e-01 1.832103762709572e-02
2.315532680465837e-01 -9.984139815091279e-02
3.357914758191384e-01 -2.134146639420403e-01
3.000572927358207e-01 -8.946398680405375e-02
2.482534153247273e-16
8.051338854519460e+01
6.452785311386161e-16
3.906250000000000e-04
1.366878045558003e-12
0.000000000000000e+00
1
1
18
52
6.557384596730607e-01 -3.965982412171662e-01
-1.483732768589026e-01 -4.408019299939872e-01
-5.504788775415612e-02 4.877694235264077e-02
1.005816627780097e-01 8.712771640449202e-01
-4.926552289622192e-04 -1.594871567377756e-01
2.636906842437228e-01 -1.439752977337411e-01
4.932793874368901e-01 -2.367111571578786e-01
9.207798439369077e-01 -3.961572617164305e-01
1.850721952246868e+00 -5.145039822989900e-01
-9.069259904280959e-01 -9.003062806070449e-01
4.577566798522237e-16
4.833820515609350e+01
2.583966788993502e-16
3.906250000000000e-04
2.169321528282925e-13
0.000000000000000e+00
1
1
19
52
4.591516562850022e-01 -2.562934357531293e-01
1.108609420565325e+00 -1.115577221932494e-01
-8.857062639521816e-02 4.110622905160839e-02
-6.045650061945480e-02 -1.038033434654538e-02
-1.478662907783038e+00 5.820073671977798e-01
3.744291058781459e-01 -4.601494036135116e-01
7.266075184721816e-01 -1.246987992424217e-01
3.477255060564453e-01 1.544232825953335e-01
1.538305832835132e-01 -1.862063589269534e-01
3.611715668751506e-01 -9.142675325180279e-02
2.482534153247273e-16
5.403410542154246e+01
8.908645444222789e-16
3.906250000000000e-04
2.580963143167062e-13
0.000000000000000e+00
1
1
20
52
3.553218655576547e-01 -2.791815208567873e-01
5.393643822446785e-01 -9.511390552297236e-01
9.088824128679359e-01 1.800599436806645e-01
-6.807881307736585e-01 1.435849841657896e-01
2.691314476364033e-01 7.878462738530763e-01
3.845016402577179e-01 -7.286648002858541e-01
1.718498092149181e-01 -1.240003641650824e-01
2.536751728270274e-01 -2.271487460165264e-01
-1.274585831288154e-01 1.995515685667869e-01
8.457760398088443e-01 2.566633446194305e-02
2.288783399261119e-16
3.784571355662055e+01
5.470970773502978e-16
3.906250000000000e-04
2.446999297149334e-13
0.000000000000000e+00
1
1
21
52
-1.635617975856740e-01 -1.000234058413013e-01
-6.195231061541027e-01 -8.838888503523263e-01
1.692061334017819e-02 1.337420464945684e-02
-8.918293080539713e-02 6.443989395764906e-01
4.209058294383772e-01 -2.390144843765569e-01
2.832343337765082e-01 -2.007428152417928e-02
-9.484611195942810e-01 -1.732606305648174e+00
2.939220339038006e-02 3.416734298251135e-02
4.102325292353551e-01 1.323665862827522e+00
5.147634280188228e-01 -6.763635610438957e-01
6.753223014464259e-16
1.012105837851541e+03
3.700620444190875e-16
3.906250000000000e-04
1.220753197271331e-14
0.000000000000000e+00
1
1
22
52
7.686007692667884e-01 -2.682138012534501e-01
-1.323000664784513e-01 -3.814523142460807e-01
5.662824793162392e-02 1.895752291235495e-02
1.113638500392798e-01 7.435489636294167e-01
-5.395762569131614e-02 -2.612950955812650e-01
1.181247619818806e-01 -1.474784575350113e-01
1.599174810210265e+00 1.131856933517656e+00
1.276350555020787e-01 2.402418895593260e-01
1.569405187935222e+00 -1.418587125854559e+00
-9.126522578752325e-01 -5.929755708840921e-01
6.280369834735101e-16
1.635411391782827e+02
7.619315453455380e-16
3.906250000000000e-04
1.046200333717641e-12
0.000000000000000e+00
1
1
23
52
1.276571623814766e-01 -3.092791295578331e-02
6.678816656934015e-01 -2.931743262128297e+00
-2.302561198064825e-01 3.572451714447947e-02
-1.346919992775341e+00 1.308663351487824e+00
1.350313541777335e+00 2.695857793325808e+00
5.045845408840550e-01 -1.594469733160296e-01
-2.973185857029713e-01 -2.802690755586210e-01
-2.091719517489496e-01 2.487087968913625e-01
3.565507754713731e-01 -7.872127491352421e-02
1.512917504832442e-01 3.959963710978514e-02
1.415262216750919e-16
3.134344245946820e+03
2.073275596468849e-15
9.765625000000001e-05
1.897149936107019e-15
0.000000000000000e+00
1
1
24
52
1.053097072813016e-01 -3.736016861900544e-02
-1.664930799581566e-01 -6.005435039516895e-01
4.488563212428764e-03 1.631274433384915e-02
-4.677480033521321e-03 9.327923353941852e-01
1.869774979382562e-01 -6.349798866009820e-02
2.912877833807007e-01 -4.226444233335390e-02
-2.405798078455505e-01 -3.094467648974085e-01
-2.871089915638199e-01 2.366012088712658e-01
7.875459323366657e-01 1.410848103941786e-01
6.180077132896025e-04 -4.361061901551427e-01
1.387778780781446e-16
1.250754519800590e+03
1.023829712729883e-16
3.906250000000000e-04
6.316156762456444e-15
0.000000000000000e+00
1
1
25
52
2.283180878166214e-01 -1.067766656345808e-01
-9.780393737980626e-01 -9.366864106180257e-01
-2.789466467726870e-01 6.598634529862552e-01
1.542016733693953e-01 8.485716991313665e-01
7.771711316946793e-01 1.115832399066885e-02
3.392633030486811e-01 -4.637905950950697e-01
1.053458002710560e-01 1.125748108600386e-01
-2.363494345305518e-01 1.478935701050062e-01
7.566583797827588e-02 6.945455905413639e-02
6.209081320405597e-01 -3.463814633889368e-02
3.330669073875470e-16
2.558241862294193e+02
4.472465644705598e-16
3.906250000000000e-04
6.409920490250854e-14
0.000000000000000e+00
1
1
26
52
8.744924548215237e-02 -2.994292292986363e-01
-1.963484261058776e-01 -1.245618639786694e+00
1.159980403423016e-01 7.969118503118580e-02
-3.894051177839679e-01 7.491104154403290e-01
6.062874884777225e-01 4.721833717798214e-01
-1.117584675918934e-01 -2.115161639360864e-01
7.868452098897666e-01 -4.594914904244765e-01
-5.113899487873315e-01 1.311909139351905e-01
1.710518203694326e-01 2.693988183294603e-01
4.558400044872174e-01 -5.661667191234027e-01
1.241267076623637e-16
7.894727868745281e+01
3.034034339263401e-16
3.906250000000000e-04
2.586754129093730e-14
0.000000000000000e+00
1
1
27
52
5.851998420473711e-01 -7.386563312891278e-01
7.463844164439221e-01 1.094405363202454e+00
-4.838740211623310e-02 -2.396394820397715e-01
5.366917250690313e-01 -7.552961192942506e-02
-2.197091013826740e+00 -9.048461878400164e-01
9.511283655906694e-02 -1.000506070959958e+00
9.146375157766802e-01 5.985939365811292e-03
5.784095465660898e-01 -1.130280456640860e+00
1.434091230243799e-01 -3.101404358183034e-01
5.508400897018516e-01 -1.505475623470720e-01
6.753223014464259e-16
5.168947293078087e+01
1.552566604992856e-15
3.906250000000000e-04
8.589069711704336e-13
0.000000000000000e+00
1
1
28
52
-3.663303353171594e-02 -1.359079929230188e-01
9.818912012678177e-01 -9.117069609458306e-02
-3.119397682266466e-02 1.672288720166595e-03
4.507190039330922e-01 2.708719582324444e-01
-1.149011227916002e+00 1.310064250918804e-01
3.678534503323760e-01 1.334073902985139e-01
-7.834755558001175e-03 -1.167229048049091e+00
-2.494379472720925e-01 3.681130934968597e-01
2.128396020576194e-01 9.897075865798627e-02
-9.053220814376884e-03 -1.153154144798019e-01
2.220446049250313e-16
1.099291590096229e+03
9.617261561935845e-16
1.562500000000000e-03
7.179985868262304e-13
0.000000000000000e+00
1
1
29
52
1.878606500635556e-01 -1.068451617692927e-01
3.017332871445594e-01 -1.076440652871170e+00
-7.762254367266101e-02 6.939079576098300e-02
-3.944518416367046e-01 7.163669769061726e-01
6.109629915045033e-02 8.032238875138797e-01
2.630767920654942e-01 -3.051903023280175e-01
7.451784386980684e-02 2.335100859505198e-01
-4.412354625750752e-01 8.993191189420838e-02
4.510305762935070e-01 -1.672230731306304e-01
2.511125049975012e-01 -1.536567946969348e-01
1.241267076623637e-16
4.073570125463030e+02
3.758268942221099e-16
3.906250000000000e-04
2.098614990120519e-13
0.000000000000000e+00
1
1
30
52
-1.837265613903338e-01 -1.513165747456907e-02
3.749305136167330e-01 -2.707675158622046e+00
2.161639965505615e-02 3.453983396876800e-02
-1.684691754436025e-01 1.668146168654872e-01
9.350356009517407e-01 1.372511615532387e+00
6.344217417547692e-01 2.534438876437609e-01
-1.418622535988890e+00 -1.745129881020045e+00
6.159409989657616e-02 4.342277247572836e-02
7.515596981204263e-01 5.898304899816155e-01
-2.263835069592825e-01 -2.261696573980378e-01
2.830524433501838e-16
2.178138559909996e+03
1.158780971694404e-15
3.906250000000000e-04
2.209789258062635e-13
0.000000000000000e+00
1
1
-1

2 0
2 10
0 0
-1890182055244348937796195808495653129644668603890512289099454649679032060273067828188543559260937385470097321534005008139499357891323779004635111194335444012054586074875981566031917236454515295935811158014724514611877046941150533039986831206497017149380698206227346530744477864562917222942195948357208065249261/10000000000000000000000000000000000000000000000000000000000000000000000000000000000000000000000000000000000000000000000000000000000000000000000000000000000000000000000000000000000000000000000000000000000000000000000000000000000000000000000000000000000000000000000000000000000000000000000000000000000000000000000 1042669452706870836858899202683450863275091059213281933812930436153468360861619790085671791447533527805982887985080532006628840600258657602452699914607577890040368984479068162182111539410586315169468373174540024937537912606195642080864833764556938124622770119533635138050054609733879360870288185525951034285233/1250000000000000000000000000000000000000000000000000000000000000000000000000000000000000000000000000000000000000000000000000000000000000000000000000000000000000000000000000000000000000000000000000000000000000000000000000000000000000000000000000000000000000000000000000000000000000000000000000000000000000000000
6138285159007357470219815622195269763269486155323311839987922215681918740081445579113915351845710617029796172557623897529068904379981043581522916416228299494498300470108033995742751764462608984587456374116683604778457981683872435859061580573507069271946570808407644146222167160387010975418669200749136201386011/10000000000000000000000000000000000000000000000000000000000000000000000000000000000000000000000000000000000000000000000000000000000000000000000000000000000000000000000000000000000000000000000000000000000000000000000000000000000000000000000000000000000000000000000000000000000000000000000000000000000000000000000 -5920574752949865276926443227901831396183800885591835843819173219494545965708983228172522077421970332581402474421583362552027154085794738268469749255873047898973962072907743711399645213223788440675326294761208718832452307398118176170672506976820701504566825149549395639418438937636601994805954715563315841226503/10000000000000000000000000000000000000000000000000000000000000000000000000000000000000000000000000000000000000000000000000000000000000000000000000000000000000000000000000000000000000000000000000000000000000000000000000000000000000000000000000000000000000000000000000000000000000000000000000000000000000000000000
-1182291623361801666940311489573412062253289346642728311167214490727813968565008462956372557125983816358519844042993677872156429749941102158425003138416381434116869599282506009833158805884974269146573206513535536254236236647626394221081644646471916347037482207244281337027420484852929002830424035652274728590357/10000000000000000000000000000000000000000000000000000000000000000000000000000000000000000000000000000000000000000000000000000000000000000000000000000000000000000000000000000000000000000000000000000000000000000000000000000000000000000000000000000000000000000000000000000000000000000000000000000000000000000000000 -3233166696611407870206400101738867399774175131131818154770476752636625632690901459277666665574801212558071956442627933392079773466559607971746093254313070357522083384043944895977968872790752311894814457425821586908466932939071294614810537800551915309258590271065674310658047986942478758940984370361424790008391/5000000000000000000000000000000000000000000000000000000000000000000000000000000000000000000000000000000000000000000000000000000000000000000000000000000000000000000000000000000000000000000000000000000000000000000000000000000000000000000000000000000000000000000000000000000000000000000000000000000000000000000000
-183260180802002258832092394010803605655334643241486562061779164215691965352837138373733296451387605015554459895291979404936172762967007608118377831683073615060857855084358020669097047697023275119452985186846069994121264502247304458281915475849107126833925580910105153308531059584867343280481247563573478845389/200000000000000000000000000000000000000000000000000000000000000000000000000000000000000000000000000000000000000000000000000000000000000000000000000000000000000000000000000000000000000000000000000000000000000000000000000000000000000000000000000000000000000000000000000000000000000000000000000000000000000000000 1793899837975598995198794045568034068878146539617529083025317546511873105996909968050373327323221984134178043625444984305433107740980927649109960016293573397581499414708866520612882080715245840311024464660378583153468773354376739189855719863230954910442261061112408360408336624819450052069744861040541501012667/5000000000000000000000000000000000000000000000000000000000000000000000000000000000000000000000000000000000000000000000000000000000000000000000000000000000000000000000000000000000000000000000000000000000000000000000000000000000000000000000000000000000000000000000000000000000000000000000000000000000000000000000
0 0
0 0
0 0
0 0
0 0
196388613245661459653355972062388537960340597250932631441066450778057701906129355882822535881388817630151362138267192467972867009006009555253330022440406421735484114525095324426309850977114463489106701237761696757979295555392906136283898839230070019320850496707356119636397780416654343299667289377122860157181/2500000000000000000000000000000000000000000000000000000000000000000000000000000000000000000000000000000000000000000000000000000000000000000000000000000000000000000000000000000000000000000000000000000000000000000000000000000000000000000000000000000000000000000000000000000000000000000000000000000000000000000000 -9617012438735338218692073629070362050865346779929952282378607905467726476273852684622785587468844663848615680029139544201171515076348414555200988311081733807643824973104066496083873961769944059269547297179792736515143752211361449943311432537160814223942541942514180843158246913963089794780473275599718469053701/10000000000000000000000000000000000000000000000000000000000000000000000000000000000000000000000000000000000000000000000000000000000000000000000000000000000000000000000000000000000000000000000000000000000000000000000000000000000000000000000000000000000000000000000000000000000000000000000000000000000000000000000
0 0
0 0
0 0
0 0
5389110338306550011866720390213791281742394511798107987853903983566802450608971863014097299166469238079884308677254877235604816775230112731014307577404242029990009404120145164529492031589587553015356096448245248791448730342421168565434879091116245994024020896594439681438781114838301021493662133483261236904767/10000000000000000000000000000000000000000000000000000000000000000000000000000000000000000000000000000000000000000000000000000000000000000000000000000000000000000000000000000000000000000000000000000000000000000000000000000000000000000000000000000000000000000000000000000000000000000000000000000000000000000000000 6367817482568367729643047106890830955694487514422467259017238855110673688210541484089336914489724724389650865922282429675799867293451271590874386578639925859661584238420635708486889762368733166512582579475177547726706682991814789072814848743306862318757030441734690958874827630805965250399686833189451087414131/10000000000000000000000000000000000000000000000000000000000000000000000000000000000000000000000000000000000000000000000000000000000000000000000000000000000000000000000000000000000000000000000000000000000000000000000000000000000000000000000000000000000000000000000000000000000000000000000000000000000000000000000
2363920973208803562738863897536471052150949243020047784889687636025533050824779710777956224909116399057980858377600557148374548073324517297995018403335539214575555663748627063070033855045429511458115250208382751184627519381194557780116824936297100929489196361297727739745803122698830972957441956857349183300811/10000000000000000000000000000000000000000000000000000000000000000000000000000000000000000000000000000000000000000000000000000000000000000000000000000000000000000000000000000000000000000000000000000000000000000000000000000000000000000000000000000000000000000000000000000000000000000000000000000000000000000000000 7328213286568289575571589827267209732771842125128447074333543742347993197640631563694167140965591769782864700966327022739666008767460870917620320507149707181687810745462584163751105361816083438083208735523187745492040691150891304887802614174113798634189738075059182483097630281267086521551252911366155901506617/10000000000000000000000000000000000000000000000000000000000000000000000000000000000000000000000000000000000000000000000000000000000000000000000000000000000000000000000000000000000000000000000000000000000000000000000000000000000000000000000000000000000000000000000000000000000000000000000000000000000000000000000
-209385098986132873507531367138438107703182751348554549583618238910046791334787054206143795663214585230488069085488758379501889847348344106735976948493315838015570468542324761421639994692837248478346698145921457397450886485904353619835327628689451875446335501316602507443836364664867502552703993324293542283669/500000000000000000000000000000000000000000000000000000000000000000000000000000000000000000000000000000000000000000000000000000000000000000000000000000000000000000000000000000000000000000000000000000000000000000000000000000000000000000000000000000000000000000000000000000000000000000000000000000000000000000000 1002481005193606552670497026238742364099629839157917237901383964741607214373351328678028343409337163803349922743350165015964081531756481357282382000647790682829152277269464081496400200991412065432180433249301409369081414040616369022691119993781942628680957976250719585735814950551852386121794503175163432663253/10000000000000000000000000000000000000000000000000000000000000000000000000000000000000000000000000000000000000000000000000000000000000000000000000000000000000000000000000000000000000000000000000000000000000000000000000000000000000000000000000000000000000000000000000000000000000000000000000000000000000000000000
1449583295252508187667880219423666676217814182462105525769291332456791536387998833076036373824428646373433062829156417383884787673669743217310352888219397516008140728411836253686183689763698568346603475023193046609722523090530074281890820532763001425387592222127420379542938660069721731489543807534740945530203/2000000000000000000000000000000000000000000000000000000000000000000000000000000000000000000000000000000000000000000000000000000000000000000000000000000000000000000000000000000000000000000000000000000000000000000000000000000000000000000000000000000000000000000000000000000000000000000000000000000000000000000000 7834326278373511832621458296089935574435706368447642072951809539351282257812664423386428740479272716752039593434959017384854690090841441148358223934851422004688316095379432750152515362147188261902490405376096724107560814113960429580033329678498041107251728948265017859669110350012963417329830353315858741831381/10000000000000000000000000000000000000000000000000000000000000000000000000000000000000000000000000000000000000000000000000000000000000000000000000000000000000000000000000000000000000000000000000000000000000000000000000000000000000000000000000000000000000000000000000000000000000000000000000000000000000000000000
9185688820485235324163985851983831205463996535973187681030140476070562452124156979450901159333760202988327268549530110121004383668330259739772992127746423385161610690465938914218004226707512583631515043857892359258387760310054472559660916672209313690523905482190782997480368168696395196136338699496213966738883/10000000000000000000000000000000000000000000000000000000000000000000000000000000000000000000000000000000000000000000000000000000000000000000000000000000000000000000000000000000000000000000000000000000000000000000000000000000000000000000000000000000000000000000000000000000000000000000000000000000000000000000000 83486976662595964004426750505674526869840920742430625117729157348825927770485758546764236598184568147935487996305439617751442453636778924237109816455475429501159090230220938521091866759873370463516320035893558799458628309024326693540850991772853888328539833016964205966131614782305432562494674341201150617161/312500000000000000000000000000000000000000000000000000000000000000000000000000000000000000000000000000000000000000000000000000000000000000000000000000000000000000000000000000000000000000000000000000000000000000000000000000000000000000000000000000000000000000000000000000000000000000000000000000000000000000000

-1
-3854000475774034517848866215671401678315513042549269840910549787246157208573554100537936818444409296503283120464369465792011089579243132858853878031862428478431198665305330654593607334339930506216424701220782162096278823125945630745442964265035313596180004887905426321215678383095624618087983805820425302789863/5000000000000000000000000000000000000000000000000000000000000000000000000000000000000000000000000000000000000000000000000000000000000000000000000000000000000000000000000000000000000000000000000000000000000000000000000000000000000000000000000000000000000000000000000000000000000000000000000000000000000000000000 -4714023595016801332931041479762255878572356961954703735483323281294345081211150314280914876385876254664608738861213163440108815299754454931585385507997725274686299481842471918011539262215387487755745932134882833606349826749486578623795559903926588491051370796594706619109801425893631632462812347254631526566207/10000000000000000000000000000000000000000000000000000000000000000000000000000000000000000000000000000000000000000000000000000000000000000000000000000000000000000000000000000000000000000000000000000000000000000000000000000000000000000000000000000000000000000000000000000000000000000000000000000000000000000000000
0 0

0 0

0 0

