31                                               

-1.236602449193042e-01 2.311893024099086e-01
1.023291273417396e-01 5.546588782876553e-02
-4.830093964654110e-01 -2.701167869232642e-01
1.000000000000000e+00 0.000000000000000e+00
5.037925693754272e-01 7.585125306637066e-01
7.546280606773348e-02 -7.742274106034861e-01
9.362386773108964e-01 3.350208406825630e-01
3.050863681623688e-02 -2.463821483958930e-01
1.646898308178469e-01 -1.964916670685270e-01

-1.687636722047839e-01 -1.131867678409626e-01
-5.298426121843993e-01 -7.635585591382268e-01
1.000000000000000e+00 0.000000000000000e+00
-1.185319504468800e-01 -2.362695407817442e-01
1.066854641706415e-01 1.474318088387270e-01
1.554566273250264e-01 1.601285781674136e-01
-4.219157671643713e-02 1.836902457327294e-01
2.068282548990302e-02 7.814054073315426e-01
1.521455837104404e+00 -8.916350973200535e-01

-1.497693394159566e-01 -3.045718098709798e-01
3.698439637107314e-03 -4.938246688156527e-03
1.000000000000000e+00 0.000000000000000e+00
-2.516991171165344e-01 5.679424469916088e-01
1.873818773362528e-01 1.507725398264451e-01
-3.951478977676862e+00 3.709180053517017e+00
-1.627835311048790e+00 -6.057969676630989e+00
3.372660245638577e+00 4.805247611335708e-01
3.206280418302888e-01 -1.950847798575198e-01

-1.543884105706850e-01 1.883806136322528e-01
-5.348929813594055e-02 1.546524678288018e-01
-4.685649663616860e-01 -2.112144332142674e-01
1.000000000000000e+00 0.000000000000000e+00
6.067324399102514e-02 1.018582173377486e+00
7.785176422213251e-01 8.112701236535350e-02
2.668890279963919e-01 -5.152430278052662e-01
3.855851228685661e-02 -1.866506197020441e-01
1.875707639305619e-01 -1.543923803804037e-01

-1.500076461834705e-01 -1.619591309335873e-01
-1.552037935987947e-01 -5.517045416758568e-01
1.000000000000000e+00 0.000000000000000e+00
-1.754935888149192e-01 -1.946600597539095e-01
1.074629121058367e-01 9.447514354519834e-02
-2.181802096337750e-01 2.829165186690888e-01
1.803682661592591e-01 3.530071756621890e-01
4.772641136075534e-01 4.142850771747463e-01
1.069823903259887e+00 -1.080442426858978e+00

-1.779032712223019e-01 -1.352129908793601e-01
-1.622307918091341e-01 -1.959808252539177e-01
1.000000000000000e+00 0.000000000000000e+00
-1.328908722277188e-01 -2.030814244278122e-01
1.104511714342001e-01 7.357609108448029e-02
4.172310639350955e-02 3.446925677812708e-01
-1.514533768353810e-02 4.812268546626268e-01
2.444972187243170e-01 3.824405201517644e-01
1.245551600003263e+00 -9.743659171466952e-01

-1.623553493067336e-01 3.408508550632808e-01
2.860994578404779e-01 4.482797619847088e-01
-5.232354359291089e-01 -6.086818600709600e-01
1.000000000000000e+00 0.000000000000000e+00
6.036112039653361e-01 6.905168695932840e-01
-1.740872469497180e-01 -5.317383609082151e-01
4.765076779355442e-01 2.234510100340671e-01
3.834750898348935e-01 -3.104233463400011e-01
2.106861191985896e-01 -2.542707179270736e-01

-2.438389904520560e-01 -1.570732863602423e-01
-1.573137647656078e-01 -1.559237633855257e-01
1.000000000000000e+00 0.000000000000000e+00
-3.045755202524189e-03 -2.250133300200634e-01
1.684568123405613e-01 4.503897803254364e-02
-3.783950041187906e-01 9.363306090256674e-01
3.492927143534030e-02 -1.041634391942952e+00
-2.870140377810685e-01 4.120671877184313e-01
1.444755806451108e+00 -5.324238031724837e-02

-4.153075948309290e-01 -1.992211431453957e-02
1.000000000000000e+00 0.000000000000000e+00
6.438232865161704e-01 -2.790933241393161e-01
2.440756711542829e-01 -3.827153412693257e-01
8.743385027312405e-01 8.655479241945765e-01
3.156152540690020e-01 -3.279846664896145e-01
-7.348457010019669e-01 -2.571768013811833e-01
2.238955499925310e-03 -2.866302771491872e-01
7.489369865187478e-01 3.974630464666437e-01

-1.479139817793882e-01 -1.612328646543697e-01
-1.642709174028433e-01 -5.052557159973634e-01
1.000000000000000e+00 0.000000000000000e+00
-1.723763772225209e-01 -2.020009705772656e-01
1.225384346173673e-01 8.298732537888798e-02
-2.787426117342035e-01 3.030587837968409e-01
8.452260025753768e-02 2.571141771466862e-01
5.290410544103750e-01 5.057847898586548e-01
1.144752956120811e+00 -1.100130299825723e+00

-1.314820723647637e-01 1.871634585473687e-01
3.399309457307834e-01 3.736642740849374e-01
-3.027841790934624e-01 -2.698426290565083e-01
1.000000000000000e+00 0.000000000000000e+00
5.973167259869658e-01 9.037043221603248e-01
-1.151602118027240e-02 -4.682838186640793e-01
1.458662158886617e-01 -1.624079016889975e-01
5.012641197333709e-01 -2.651750308497268e-01
1.505632057583670e-01 -1.598125218998858e-01

-1.521233992744880e-01 -1.444635633621034e-01
3.139348389227947e-01 -4.700231448004965e-01
1.000000000000000e+00 0.000000000000000e+00
-1.483541533328627e-01 -2.019163174845898e-01
7.422260267342293e-02 9.650698103273112e-02
-1.336747536980337e-01 2.662753004810995e-01
3.157257696574726e-01 1.893390688319965e-01
1.973491264196510e-01 5.186673557675159e-01
1.186595355935152e+00 -9.262914019476561e-01

-1.850008659482915e-01 -9.910605496008228e-02
-3.699766254524494e-01 -3.573938106813913e-01
1.000000000000000e+00 0.000000000000000e+00
-8.730770038989939e-02 -2.621240796964887e-01
2.740406814409784e-01 1.433530030081576e-01
-2.368645187844744e-01 6.098110291458873e-02
1.208263788220187e-02 -5.768751454338299e-01
-1.945919877255372e-01 1.132991900561697e+00
1.794629430700946e+00 -5.069712504089632e-01

-2.820056776214893e-01 7.518450435624036e-02
1.510160572072139e-02 3.430464984164476e-02
-1.942416855826269e-01 -1.996503031728060e-01
1.000000000000000e+00 0.000000000000000e+00
4.942701915750123e-01 1.901570937330803e+00
2.727682037534516e+00 -3.908456691528557e-01
-2.406976846643456e+00 4.871785854834614e-01
3.846281521545627e-01 -6.341468517246261e-01
2.794658071801541e-01 -4.599470689265210e-02

-4.908804819841592e-01 -3.273288379044919e-01
2.820439499052936e-01 -3.771134310863800e-01
1.000000000000000e+00 0.000000000000000e+00
4.598776710485613e-01 -2.274617900628824e-01
3.459445781772020e-01 1.916631279752723e-01
3.904679534550679e-01 1.524598301036071e+00
-9.261930528833320e-01 -1.120038249542463e-01
-2.207292522101444e-01 -1.104339566946415e+00
8.544346921415666e-01 3.719191223994567e-01

-3.513986908983232e-01 3.164827458618902e-03
3.512227968141608e-02 5.186841229144952e-02
-2.415686868704849e-01 -2.066819580001304e-01
1.000000000000000e+00 0.000000000000000e+00
-1.318817380530936e-01 1.597905905501975e+00
3.244800570799221e+00 4.354484269916934e-01
-1.600310027513444e+00 5.226526241337812e-01
-4.795264093674991e-01 -8.626846287408310e-01
3.403508883680325e-01 3.607054475064594e-02

1.612004969264793e-01 8.712688510259556e-02
1.000000000000000e+00 0.000000000000000e+00
-5.108123663860663e-01 1.242498478756970e-01
1.786384253913314e-02 -2.953115891700331e-02
4.482671344374461e-01 3.522681677736871e-01
-2.601363936042638e-01 -1.429287801887070e-01
3.508006725388133e-01 1.853547838503092e-01
2.187132848931073e-01 3.301386338913090e-02
7.470582328527422e-01 -4.366734652278676e-01

-1.300001116088250e-01 2.290034163844510e-01
3.188885226711160e-01 5.419260038209677e-01
-5.386227211581244e-01 -4.023198988368876e-01
1.000000000000000e+00 0.000000000000000e+00
2.691107045865468e-01 7.285576243803172e-01
2.721742552328323e-01 2.966942312589296e-01
9.271970449912242e-02 -1.715203865164520e-01
3.168177673648215e-01 -5.445752192627943e-01
1.690079408504491e-01 -1.801309175291337e-01

2.092638118102144e-01 -4.336591731195508e-02
1.000000000000000e+00 0.000000000000000e+00
-6.177664893107285e-01 7.308698316066196e-01
2.194929285079690e-01 3.201818196275052e-02
8.901054387872709e-02 1.548872174695434e-01
1.093031216324910e-01 2.065121278006407e-01
2.204127483271521e-01 2.954420115693543e-01
3.206462786416950e-02 4.748285040005725e-01
1.232800583072584e+00 -8.312684890800570e-01

-1.934203317085281e-01 2.892056708506693e-01
-4.241823453568425e-02 4.540102650126867e-01
-6.469700959136157e-01 -5.930086098181043e-01
1.000000000000000e+00 0.000000000000000e+00
1.593581243942662e-01 6.391029667124336e-01
4.625524138584862e-01 2.416526588159693e-01
4.398263481786738e-01 1.164360487148068e-01
-1.678119732856181e-02 -5.438883093427300e-01
2.368694585434760e-01 -1.973394266079024e-01

1.212647486778180e-01 5.039992717067247e-02
1.000000000000000e+00 0.000000000000000e+00
-3.758491218490326e-01 3.472889068195484e-02
-2.880106934972448e-02 5.870812947180378e-02
3.438607684514506e-01 2.472958748100655e-01
1.049474640193653e-01 1.227936519875300e-01
2.991433403911897e-01 1.499930980300367e-01
-3.647551656539602e-01 2.920558078109844e-02
1.073298434097647e+00 -1.657176335879833e-01

-8.005392300447500e-01 1.096475054963424e-01
1.200449820614984e-02 -7.354665565630694e-02
1.000000000000000e+00 0.000000000000000e+00
-2.297395994599164e-01 -8.314877546439815e-01
-1.343628987067262e+00 1.097649985836665e-01
3.338994944282084e+00 4.751786038185677e+00
-1.269489855773342e-01 -9.039481241360317e-02
-2.720485564451159e+00 -3.576383881251214e+00
1.937189928739613e-02 1.650202563901719e+00

-2.067123669980215e-01 -2.525623499356909e-01
-5.564996422707287e-02 -1.294540816359973e-01
1.000000000000000e+00 0.000000000000000e+00
-3.277681255801246e-01 9.950280696200971e-02
1.188395153149277e-01 1.415233679327978e-01
-1.185937178449357e-01 1.366539245869310e+00
-4.246902914144571e-01 2.551096056963958e-01
7.661060538934196e-01 -9.292783370127671e-01
3.617436299652899e-01 -6.032869147742276e-01

-3.241945601817027e-01 -7.168190863601860e-02
6.973816750022580e-02 2.706000231740776e-01
3.930981845636380e-01 -1.576132708387388e-01
1.000000000000000e+00 0.000000000000000e+00
1.265725060459548e+00 1.031192816118324e+00
-1.611216019654765e-01 -8.997198795538964e-01
-1.063301031818948e+00 2.375368093328314e-01
9.674104248548681e-01 -4.884812306905589e-01
2.955447160548667e-01 3.657765819545249e-02

-1.988850384321984e-01 -1.402594613871185e-01
-2.224401977711703e-01 -2.464551318136127e-01
1.000000000000000e+00 0.000000000000000e+00
-1.046810911526889e-01 -2.547548163864680e-01
4.246766850732088e-01 8.150600643138712e-01
7.353859396857909e-01 -8.822259925003999e-01
-1.052855933517603e+00 -6.093186680666260e-01
-4.671486019257221e-02 1.958969894111642e+00
2.169946982233960e+00 -7.070983923387965e-01

-2.819793935418404e-01 -5.697391206208909e-02
1.000000000000000e+00 0.000000000000000e+00
7.429575151674854e-01 -2.239384430563715e-01
-1.116548254858060e-03 -1.472178659367440e-01
5.646525206374844e-01 2.923921627534098e-01
-9.156480780384524e-02 2.096313952073266e-01
-5.903993057664040e-01 -2.020096979855159e-01
4.525201815698313e-02 2.559609531987386e-01
1.357743744395324e+00 -1.740046124311782e-01

-2.284935693375916e-01 -9.651247793080932e-02
-3.416631054403314e-01 6.660479780830258e-03
1.000000000000000e+00 0.000000000000000e+00
-2.961068670893878e-02 -2.777319744011556e-01
1.534007785771013e-01 2.896403288262351e-02
-2.273582344910119e-01 6.124300284711467e-01
3.372541696985844e-01 -8.747758314325751e-01
-6.356108437497502e-01 6.571072148237730e-01
1.634764909293735e+00 -4.193986569291486e-02

-1.451647020248895e-01 -2.507481204436190e-01
4.341038727467064e-02 3.493289490851449e-02
1.000000000000000e+00 0.000000000000000e+00
-3.965631306281372e-01 3.048914876602187e-01
1.280185344063083e-01 1.295888306869738e-01
-2.907620467840101e-01 5.200878683234841e-01
1.109607237352135e+00 3.214988326220513e-01
-3.400774641049664e-02 -6.623142627155350e-01
2.778285630613110e-01 -3.242582065546543e-01

-5.562140634131363e-01 2.750670694447344e-01
6.120879335970587e-02 3.762073128967479e-02
-3.120430563374550e-01 -2.207615340030315e-01
1.000000000000000e+00 0.000000000000000e+00
-8.577772652679910e-01 3.153643954818441e+00
5.147391155311737e+00 -7.132874344618672e-01
-1.798834044750752e+00 -1.674740335806824e+00
-7.850561660803209e-01 1.346206805639019e+00
5.760215416152819e-01 -1.899127280977459e-01

-2.970068265770806e-01 -3.819117981993375e-01
9.949876696805901e-02 2.908681680238011e-01
1.000000000000000e+00 0.000000000000000e+00
9.865764159444405e-02 7.262583257647321e-01
7.609855038261008e-01 6.220462969006595e-01
-5.415374987038857e-01 4.967257874836568e-01
-1.106151908780173e+00 -5.447376291902143e-01
1.178954263225744e+00 -5.119964752214905e-01
4.062653169218233e-01 -1.785772506006338e-01

-1.926269435855829e-01 -8.048343831642881e-01
5.915548537984874e-02 4.646014009358625e-03
-2.967500909464954e-02 6.096427464482318e-01
1.000000000000000e+00 0.000000000000000e+00
-1.981849117709685e+00 -2.898671331945999e-01
3.512555379033949e+00 5.753900876310061e+00
-1.617737529073665e-01 -9.585497159486563e-02
-2.639913422919797e+00 -3.297864906265404e+00
3.626536649919564e-01 9.895936145380303e-01

