0
3.487239576507003e-01 2.622274747750497e-01
-7.338177224930531e-02 2.607436091820190e-02
9.665184891396773e-02 -1.210703584454568e-01
-3.259313765481847e-01 -6.769046868067154e-02
2.096037049379240e-02 -1.744940882051684e-01
-5.389419864195780e-02 5.791426669502533e-01
-1.024430472976865e-02 -3.353407619056272e-01
2.717619694640894e-01 2.729560489978544e-01
4.374077129841437e-01 2.360047743279146e-01
2.753708661657848e-01 3.048163143815084e-01
3.319271934736692e-01 1.114322763681527e-01
-6.219120503240504e-02 8.873742966300068e-03

1
-8.785373470903141e-02 4.430040205962332e-02
-2.662087678226461e-01 1.180811335910340e-01
-3.897100870275262e-03 4.035459950317980e-03
-6.490687130352961e-02 -1.676836348773916e-01
1.134905671369520e-01 -7.585904542736609e-02
8.326846283375726e-02 3.340191316100570e-01
-5.362738976538588e-02 -2.521931991208129e-01
-3.113196628557522e-01 2.834540797235821e-01
7.354446452091852e-02 -1.810233870859460e-01
9.905267265864712e-02 -3.872145489629162e-01
1.210304860961140e-01 6.029144921541594e-01
-4.709926448461895e-02 -3.263101442066396e-01

2
2.632426938319788e-01 2.096815612028411e-01
1.518691911689324e-01 1.492004949351363e-01
2.826175442891410e-01 -1.971424684982433e-01
2.378255354023354e-01 -5.601449287479071e-02
1.744149360524314e+00 -5.491155632604219e-01
1.061015601051309e-01 -2.722772688272326e-01
-9.520854730470998e-01 1.292176183832145e+00
1.521344802965880e-01 2.645472281692747e-01
3.704267305916430e-01 1.439921672384868e-01
2.517863853242473e-01 1.598689714604120e-01
2.798270829122964e-01 2.082873977224456e-01
-5.302984353373881e-02 -5.951140748807909e-02

