2                                                

1.052823337715103e-01 9.138908735143453e-01
8.799263538629165e-03 1.278858350727471e-02
-4.911996721687584e-01 6.941161763729933e-02
-1.575436053208992e-01 -2.731850586274580e-01
1.000000000000000e+00 0.000000000000000e+00
-7.796225853455725e-01 -1.263131056023910e-01
4.424368314057157e+00 -1.293777234849697e+00
-1.769850415574426e+00 1.514897180767402e+00
-2.808771702748489e+00 2.976433907955230e+00
2.017965905258643e+00 -6.043683716898189e+00
-1.051202781897449e+00 3.213210717646456e+00

0.893795304391549521506053850011e-28 0.325641106031764991354284608931e-28
0.100000000000000000000000000000e1 0.000000000000000000000000000000e0
0.132521759187555950876640732118e-14 -0.122714209581316018301650846187e-15
0.373178488876792995658289868354e-14 -0.111217175895241367929569011073e-14
0.349176624891501555440967437962e-16 -0.165439828790933837072172399411e-14
-0.142784241678444517002989089360e-14 0.352357146157996279611757498946e-14
0.100000000000000009213223284104e1 0.264769460857075147058649246631e-15
0.999999999999999955772967534453e0 -0.186257735503138253160600806413e-15
0.999999999999999911372168191080e0 -0.221666145464790746194960706389e-16
0.100000000000000009101905716066e1 -0.760781204178160260485402936552e-16
-0.621363589229941648460764757304e-16 -0.439204328132611610085637495410e-16

