12
0
0
96
0.297997812187507405358773201369e0 0.248150480006939813973426716689e0
-0.577912876573912269955402382903e-28 -0.326650949373427650028919314145e-28
-0.614621989593084634556232489826e0 -0.137498789230954319622199122075e1
0.598961477363951863416211640715e-15 0.224030097044482589886850330553e-14
-0.127259764665605378521303481963e-14 -0.433541408218425051536428969460e-15
0.433758900235249742811844394303e-14 -0.706326265249819232479791530347e-15
-0.168375037884045518118814394399e-14 0.181501370488192732742014572282e-14
0.297997812187507459943120951134e0 0.248150480006939876739645032517e0
0.297997812187507475424029594815e0 0.248150480006939834436756645104e0
0.297997812187507420405354062680e0 0.248150480006939900195471667862e0
0.297997812187507347937302228375e0 0.248150480006939776968773191790e0
0.310729432204851246436018560239e-16 0.141398262290162650376647447144e-16
8.65688261399496e-17
2.098422766962256e+18
5.74868025781329e-20
3.72529029846191e-10
4.04564714319922e-17
3.814697265625000e-07
1
1
1
52
-8.175760373122830e-02 4.467676842524723e-02
-2.979172664236944e-01 1.158614898919925e-01
-3.523831500270933e-03 4.083813267784457e-03
-6.658408854214722e-02 -1.589958523608627e-01
7.795370837748200e-02 -7.701076993336943e-02
8.805508106880508e-02 3.361319384641342e-01
-2.619186091611923e-02 -2.731785616364983e-01
-3.039239654664511e-01 3.034426050784589e-01
7.701801840687852e-02 -2.029255605626824e-01
9.666099540602888e-02 -3.688329469018765e-01
1.050282010300323e-01 5.842732938423237e-01
-5.761205065027677e-02 -3.096687518130826e-01
1.671106944322084e-16
6.339533704746887e+03
1.904903491459968e-16
3.906250000000000e-04
1.514234547763490e-14
0.000000000000000e+00
1
1
2
96
0.297997812187507355537516313487e0 0.248150480006939830002787312586e0
-0.101593670242132782261026920819e-28 -0.142910390622403462176497157892e-27
-0.614621989593089801659688235233e0 -0.137498789230953607169454989072e1
-0.983238425350964053452600037718e-15 -0.174673529186028268818142069180e-14
-0.382285975579614111936615110285e-14 -0.444759381950301374323576044287e-14
-0.229623877812398766957130546627e-14 0.968818204143906632206585281302e-15
0.572245144438932595346180674911e-14 -0.202398466985109700158692674264e-15
0.297997812187507317290051329203e0 0.248150480006939931766165185677e0
0.297997812187507388577903869323e0 0.248150480006939763523430294049e0
0.297997812187507334627272375346e0 0.248150480006939801404145668776e0
0.297997812187507401539818314437e0 0.248150480006939829918096596936e0
-0.761762253162665415027344492738e-17 -0.285073601813047355876802286027e-16
9.33539646641416e-17
1.941169934248990e+18
2.65001112246509e-19
3.72529029846191e-10
1.33837141535120e-16
3.814697265625000e-07
1
1
-1

2 0
2 12
0 0
-4239957195204892141476636044315367055922754560032783218483214338912144962764932536336624776159789184036643760939857120162914489527988573732179677509627999913156176024869343897056774280709943600287631803123146566400360854532140704929450195399684566634673458244033916007044579839978322370964470872724040799780699/5000000000000000000000000000000000000000000000000000000000000000000000000000000000000000000000000000000000000000000000000000000000000000000000000000000000000000000000000000000000000000000000000000000000000000000000000000000000000000000000000000000000000000000000000000000000000000000000000000000000000000000000 -2337422574839108959716367057972197253385649103326148674400725084516752827626379112101969463207214344110411103139177118294619702788301633310243818422838441440906343676574745175090576611366602079223419440391632535005639888372864564118662917756259506311650048292830267826653394406075832812749895591378127129244597/10000000000000000000000000000000000000000000000000000000000000000000000000000000000000000000000000000000000000000000000000000000000000000000000000000000000000000000000000000000000000000000000000000000000000000000000000000000000000000000000000000000000000000000000000000000000000000000000000000000000000000000000
-677388273832928003016623509292400075443053512363978973483522270106003582503547210298959323291218418293521372661442294286162616112144076309861693900097682135406005428773565636702358008304203696366560729702107427408399591505653519073395287931335951898622502762912701252845503614867466121474479423653190570807789/2500000000000000000000000000000000000000000000000000000000000000000000000000000000000000000000000000000000000000000000000000000000000000000000000000000000000000000000000000000000000000000000000000000000000000000000000000000000000000000000000000000000000000000000000000000000000000000000000000000000000000000000 6061616347500764256197073773903171967505646603188945262499591462642391309318997649425545381898541180788525506639574881001931070569654659364478417186131868028726146124419283836498804373040141587371574151404563140990979806746793069039763060490325619130708042249021155816542534316214329727472020851852932514304389/10000000000000000000000000000000000000000000000000000000000000000000000000000000000000000000000000000000000000000000000000000000000000000000000000000000000000000000000000000000000000000000000000000000000000000000000000000000000000000000000000000000000000000000000000000000000000000000000000000000000000000000000
-4091688711450222361836632604153397210711803627851038513956736762835006735446387542109672862806073545195390865749089183765857301592913755607219616823489665680889281863345537720549775714509830073340588329845004688189848639332935747098424383618084037488321470523242061924361110969001369447887068547631437242940859/100000000000000000000000000000000000000000000000000000000000000000000000000000000000000000000000000000000000000000000000000000000000000000000000000000000000000000000000000000000000000000000000000000000000000000000000000000000000000000000000000000000000000000000000000000000000000000000000000000000000000000000000 8710034619521430333327491453548617282794202474779546995607601377432259362364108382354960265357665907832413659672841338365282542081095194102654207458513282081903324281378588898603136035759338199524557243860024959173851726537170268256168888690587676319240724776710032500485120457119738214063832286378805758226223/10000000000000000000000000000000000000000000000000000000000000000000000000000000000000000000000000000000000000000000000000000000000000000000000000000000000000000000000000000000000000000000000000000000000000000000000000000000000000000000000000000000000000000000000000000000000000000000000000000000000000000000000
3517840695806670647196662868924120424204341743248960819643437852420070933773705166287128525110957660873477217083552220492114737326389672538563854608314455703789534240246265068311086040123715942532114054882047640451936794114498472446894298911335268401405650823734221118744112869600490829210711772210216399913749/5000000000000000000000000000000000000000000000000000000000000000000000000000000000000000000000000000000000000000000000000000000000000000000000000000000000000000000000000000000000000000000000000000000000000000000000000000000000000000000000000000000000000000000000000000000000000000000000000000000000000000000000 6820328647887357197091397144670946336562196057935931804810585512033455669176289625762457266349217804194326192382756923970528956842913107686607431949972354765754821246611399630803052283976416010911971405144071342114143599043496161584336410042163691736136757856977871055005952623390704551606264973945591219175281/10000000000000000000000000000000000000000000000000000000000000000000000000000000000000000000000000000000000000000000000000000000000000000000000000000000000000000000000000000000000000000000000000000000000000000000000000000000000000000000000000000000000000000000000000000000000000000000000000000000000000000000000
1334507769991831007638581014182155599335471062021056511311040813957553090422115652611805080801274588219092818895180236407572935587429901384175322060673131049200348137598368502501419523812401415981677633115071754137325971457909864962338789142486879135826239038676145040478470289924007240509978052769787958014139/5000000000000000000000000000000000000000000000000000000000000000000000000000000000000000000000000000000000000000000000000000000000000000000000000000000000000000000000000000000000000000000000000000000000000000000000000000000000000000000000000000000000000000000000000000000000000000000000000000000000000000000000 -886868552060300659242888756726767268475905820935574550994538301676826554589625206805203505862087995663943599633452329282482506221158965370698805229153960270638726355066733275294924974464085862826693832793781024045748056342518168414583874041084631079571670685333470198370303981607997505270206864311245993027727/1000000000000000000000000000000000000000000000000000000000000000000000000000000000000000000000000000000000000000000000000000000000000000000000000000000000000000000000000000000000000000000000000000000000000000000000000000000000000000000000000000000000000000000000000000000000000000000000000000000000000000000000
-1582887731731824391707070391922129817006538582985333068066183696941604436754511589373566062232944255789800907738653634394973433982206972281202704700607247500805298488472510014548063911339392057620026260074397815555857234274900596223782671347238114853639585287005466164587921909591887640910354249930928684325431/5000000000000000000000000000000000000000000000000000000000000000000000000000000000000000000000000000000000000000000000000000000000000000000000000000000000000000000000000000000000000000000000000000000000000000000000000000000000000000000000000000000000000000000000000000000000000000000000000000000000000000000000 5246715550358444181513941507933014239861071348740149978575760079541566873551106512103292659260663584096380440108636032578725920942539573002999714183260559765043885495062666256053421099313592698359432303495033902257698232057353697801177710701292383088622160001920556937120629952179154009990554159764055863046133/10000000000000000000000000000000000000000000000000000000000000000000000000000000000000000000000000000000000000000000000000000000000000000000000000000000000000000000000000000000000000000000000000000000000000000000000000000000000000000000000000000000000000000000000000000000000000000000000000000000000000000000000
0 0
0 0
0 0
0 0
0 0
-6142372827993802611889190361736493568414471402197741377229397714683948110717501975777829997684361252128002903268300644384517616877450533213145383455352418714295332461495153619036416606346704762341289127962368093534961849797581932484326055251764578947538593783778585654959175610360229947437432266389311699971047/10000000000000000000000000000000000000000000000000000000000000000000000000000000000000000000000000000000000000000000000000000000000000000000000000000000000000000000000000000000000000000000000000000000000000000000000000000000000000000000000000000000000000000000000000000000000000000000000000000000000000000000000 -3576021788751566941097826506000270546747202894937758438831177073732254987885179575638133097695448004819269694310819821958754131731000750378112243145659105712643756918188601224814593630890666896176483084534694313070174975303192986545666136245718653968382838381329672292448334873002324837827768356092975665259993/10000000000000000000000000000000000000000000000000000000000000000000000000000000000000000000000000000000000000000000000000000000000000000000000000000000000000000000000000000000000000000000000000000000000000000000000000000000000000000000000000000000000000000000000000000000000000000000000000000000000000000000000
0 0
0 0
0 0
0 0
0 0
0 0
3430769372832442562732572229503729426705233137239213608092498843093784860053199338404098570433975337486220515753932810494677220914466654587271547539478375209664875402835258090571271071840329468311733284851425884718363400092567466200377752820461452590525428572557548958894153291491868352056278665167015837141347/5000000000000000000000000000000000000000000000000000000000000000000000000000000000000000000000000000000000000000000000000000000000000000000000000000000000000000000000000000000000000000000000000000000000000000000000000000000000000000000000000000000000000000000000000000000000000000000000000000000000000000000000 -2585629896298825759498346642276685436025972017091485167434955725269819414516419280945674241109273562628410732494633575606921726920360473686680995422794362693175207847861470140571903235815018997832829259924861887226681376774117391610662879994539329086570112388976621810462283849347119917929166065042483612090919/5000000000000000000000000000000000000000000000000000000000000000000000000000000000000000000000000000000000000000000000000000000000000000000000000000000000000000000000000000000000000000000000000000000000000000000000000000000000000000000000000000000000000000000000000000000000000000000000000000000000000000000000
1667663109899944818442899756460054578606033588396394948279231354979999820230070402453824005070654476569924703632555675262839312788039768301532602041820735724296077005547513297550001917783594488482016010096375055550664664737819214812437137973456522977706285788188638510942520945941463961897116478495182647603011/2000000000000000000000000000000000000000000000000000000000000000000000000000000000000000000000000000000000000000000000000000000000000000000000000000000000000000000000000000000000000000000000000000000000000000000000000000000000000000000000000000000000000000000000000000000000000000000000000000000000000000000000 1647665795374550564579060619093243531459851705456105433391164673979003490567990316807564349108986577143002604944476576503837315775246985173637522572361167224525330664166267714855936074730403893746676989191306781066188233450220530414208942420498148191044850151294027859906624330499213894903624693674198890630099/5000000000000000000000000000000000000000000000000000000000000000000000000000000000000000000000000000000000000000000000000000000000000000000000000000000000000000000000000000000000000000000000000000000000000000000000000000000000000000000000000000000000000000000000000000000000000000000000000000000000000000000000
9857873791861830838776829834681876592217338440000084307025170483798383489626346238496658993275273367641775288472569933724133030578413010892120301229799135197274111568647833331526923160282751108175233348853523031695510110924636535096346338957111956212085981166946242514153038235867094087628393437103726862885971/10000000000000000000000000000000000000000000000000000000000000000000000000000000000000000000000000000000000000000000000000000000000000000000000000000000000000000000000000000000000000000000000000000000000000000000000000000000000000000000000000000000000000000000000000000000000000000000000000000000000000000000000 -1997991615254584330046431280054117055670965218670314710576829014142809328414806357480299525227715484679189593225412280162632190365104231110110526721818218756979752648078174923932680241563972608288982122862003485088910140356921659826752971191096099672585991087201631992842751828924497930677875784022954195983881/10000000000000000000000000000000000000000000000000000000000000000000000000000000000000000000000000000000000000000000000000000000000000000000000000000000000000000000000000000000000000000000000000000000000000000000000000000000000000000000000000000000000000000000000000000000000000000000000000000000000000000000000
9007854206481180838506545736560452337959365393972859176570013296544102183319791394141297779458487606199776075995489251015982581640410807108756572372190784236371574407499473889531722345782793764307161581259004643765600947843003083384835678204876832402909649676773376110990914092718423804672466652879107934943999/100000000000000000000000000000000000000000000000000000000000000000000000000000000000000000000000000000000000000000000000000000000000000000000000000000000000000000000000000000000000000000000000000000000000000000000000000000000000000000000000000000000000000000000000000000000000000000000000000000000000000000000000 -1810294177852032825317892253478794310273254283611587362342868749680614114418586969089208529592825081661055427456469162852834423249481334632260544597920451192227537959224046588796785756748110889689514313374883573696273585755274270653696591130942966923205350185490868934947352747407944510253106302629837167128869/2000000000000000000000000000000000000000000000000000000000000000000000000000000000000000000000000000000000000000000000000000000000000000000000000000000000000000000000000000000000000000000000000000000000000000000000000000000000000000000000000000000000000000000000000000000000000000000000000000000000000000000000
-1001800697317585099665462919407104463379605923168684639306205798766696578286720409838419451669449241738586302627947867482332599394623012954658295980265283327098714172607416249873342262080429205476325504829120937001297537527730976216740404532229745529455028555322025629955434549129653793109491711498176273657169/1250000000000000000000000000000000000000000000000000000000000000000000000000000000000000000000000000000000000000000000000000000000000000000000000000000000000000000000000000000000000000000000000000000000000000000000000000000000000000000000000000000000000000000000000000000000000000000000000000000000000000000000 2004184709126230498142989402987502815067354690323760397750060666393414907977070503808011975424748308338505068556546300041498079985523379315604383366966638373545609811648832676192334504492828894459897033226826972101407150322905819417033068387229729529426022909259349396242569345417977770116775774718929632818571/2500000000000000000000000000000000000000000000000000000000000000000000000000000000000000000000000000000000000000000000000000000000000000000000000000000000000000000000000000000000000000000000000000000000000000000000000000000000000000000000000000000000000000000000000000000000000000000000000000000000000000000000

-1
-1870286523856867131529760724072088783993628651143998025679341418107330532256691583801786300049319987846764467836103848939964745432319029870171193178580249925919178952534131738627479329290266998726515496036359062518884044510789200829804673790573423025904193658611937870750355505711029810765865571460933272084129/5000000000000000000000000000000000000000000000000000000000000000000000000000000000000000000000000000000000000000000000000000000000000000000000000000000000000000000000000000000000000000000000000000000000000000000000000000000000000000000000000000000000000000000000000000000000000000000000000000000000000000000000 205486812567672900091472913846679807634306564973040854193219239970182357518160778091422818210742662369132631840258141806496909568765934625199209448904274121412375058204105853235701891921168285096975994202601404534450104800764997298723491592755335031887863575840527290234308969166809978503527360246349881980207/400000000000000000000000000000000000000000000000000000000000000000000000000000000000000000000000000000000000000000000000000000000000000000000000000000000000000000000000000000000000000000000000000000000000000000000000000000000000000000000000000000000000000000000000000000000000000000000000000000000000000000000
0 0

0 0

0 0

