2                                                

0.893795304391549521506053850011e-28 0.325641106031764991354284608931e-28
0.100000000000000000000000000000e1 0.000000000000000000000000000000e0
0.132521759187555950876640732118e-14 -0.122714209581316018301650846187e-15
0.373178488876792995658289868354e-14 -0.111217175895241367929569011073e-14
0.349176624891501555440967437962e-16 -0.165439828790933837072172399411e-14
-0.142784241678444517002989089360e-14 0.352357146157996279611757498946e-14
0.100000000000000009213223284104e1 0.264769460857075147058649246631e-15
0.999999999999999955772967534453e0 -0.186257735503138253160600806413e-15
0.999999999999999911372168191080e0 -0.221666145464790746194960706389e-16
0.100000000000000009101905716066e1 -0.760781204178160260485402936552e-16
-0.621363589229941648460764757304e-16 -0.439204328132611610085637495410e-16

0.354591835820148577092082881276e-28 -0.261800804910382060250229840640e-28
0.100000000000000000000000000000e1 0.000000000000000000000000000000e0
-0.152027629107461112225936517513e-14 -0.243953974623077471746177304698e-15
0.607613257998401382018249631753e-15 -0.653929523416865584386357402635e-15
-0.747144887149334018784834313479e-15 0.282066289237211410581817309794e-14
-0.643970569369719944562721012672e-15 -0.151241248236221340187003415878e-14
0.100000000000000021173823731057e1 0.343065374082371274071055390578e-16
0.100000000000000017260968256228e1 -0.750671472687974666732122207208e-16
0.100000000000000017209506930076e1 0.146029833500858752797841761352e-15
0.999999999999999825149900111165e0 0.214245958549384801385481475346e-16
0.849072919403107616748248269208e-16 -0.232550667778081719580209991560e-16

