3                                                

-1.288385964343330e-01 -5.244340033979764e-01
-7.824363085322457e-04 -5.288869608558342e-04
7.803378320029647e-02 -4.922196831583545e-01
-7.459777710909303e-01 -3.904870531232754e-01
-4.037465110172865e-01 1.051822712370487e-01
1.000000000000000e+00 0.000000000000000e+00
-6.371473870581182e-01 1.671513823048146e+00
2.534047077429456e+00 -2.101166449295012e+00
5.528846620639072e-01 1.120134799246590e+00
-1.101320934352704e+00 -1.638395822006851e+00
-1.098396113693060e+00 5.090879985577025e-01

1.257005341402132e-01 2.731831012466587e-01
-1.957059052009919e-03 -2.322647457627313e-03
1.934752047493329e-01 -1.838248730477314e-01
1.000000000000000e+00 0.000000000000000e+00
-2.205782448726866e-01 2.123840072267026e-01
-6.720679749199986e-01 2.164844447647895e-01
1.931443987307333e+00 -4.354891950352249e-01
5.924493151120187e-01 5.861583607947196e-03
-1.857512237124173e+00 4.785575589764580e+00
-1.981387931483960e+00 -7.130568398224831e+00
-1.068995406235753e+00 3.577201521950808e+00

2.403428717691998e-01 3.591961245055185e-01
2.094386491086822e-02 9.245102017978813e-03
1.409427529325442e-01 4.300396285008376e-03
1.000000000000000e+00 0.000000000000000e+00
-1.877084642037213e-01 4.978351911671149e-02
-5.558944267315044e-01 3.289727400896771e-01
-7.186897274161068e-01 3.519442530968965e+00
2.382494758963749e+00 -3.689222640068637e+00
-7.033661483181519e-02 -1.241571862190411e+00
1.502287053373871e+00 3.853631583941064e-02
-2.381024425867878e+00 -6.192940787143052e-01

