0
3.423280074749102e-01 1.354148143289907e-01
1.949168375153190e+00 1.019545971161555e+00
-5.186543072537539e-01 2.399554684185946e-01
-9.911817349782709e-01 -2.432154105690553e+00
-1.631739569403482e-01 8.888916185599630e-01
-1.432988275690803e+00 8.106224143002436e-01
-7.623424859800213e-01 -7.514061557296577e-01
3.086384309829333e-01 1.090801724563820e-01
1.832510477318673e-01 1.075056986775817e-01
2.530688742743224e-01 1.932587749684432e-01
2.075419845310715e-01 1.122620714058360e-02
4.043392237010594e-01 4.468954070135154e-02
1.374505882570900e-01 1.060167719012100e-01

1
1.674869831319059e-02 1.593721245975377e-01
1.412381833948557e-02 6.240713374734738e-02
1.227997441721896e-03 -2.237877601351884e-02
1.662967547884676e-01 -2.302606566866011e-02
5.149525180150436e-02 6.482677889885892e-01
-3.781296154282802e-02 -3.215101613335661e-01
-3.166057511632723e-01 -3.791905065356203e-01
-2.011462133483062e-02 2.081546281039668e-02
2.398193075698262e-01 4.133609535615296e-01
2.659482457132012e-02 2.746431683260140e-03
1.444615652357489e-01 3.028488795134513e-01
5.045752260879480e-02 -1.128010044825703e-02
-2.010107481467351e-01 -3.987050910638460e-02

2
-2.079117444292004e-02 -2.192182760129650e-01
4.529536204747346e-02 5.405164166162232e-02
-4.718683380895931e-02 4.945058627573853e-02
2.205785706545640e-01 2.819431953272347e-01
1.578862428608682e-03 4.792217728064742e-01
-7.686165479849658e-03 -5.603857204189044e-01
-3.569763173799536e-01 -1.967124141446247e-01
8.299137260178591e-02 -3.568802916573506e-02
-1.185800199083907e-01 3.143068371331789e-02
3.362963758591407e-01 -2.824485254594969e-01
-5.033039511290298e-03 6.028885288963719e-02
-1.505553527746307e-03 6.195464016956704e-02
-2.715675528010133e-01 -5.743918340051869e-01

3
-9.067952177709496e-02 -8.509977602195540e-02
2.048705072254210e-01 1.266497383443391e-01
2.351478311180379e-03 2.305256505326430e-02
3.210319229706050e-01 -7.315403843194071e-02
2.414616508286976e-01 5.936828404285388e-01
-2.622975967738843e-01 -2.262465690704860e-01
-5.133140354835363e-01 -3.106135938727888e-01
-1.655102475741380e-01 1.525685472778119e-02
1.993349737470563e-01 1.669640047153022e-01
1.948138087978200e-01 -1.988991118627698e-01
1.299879984954403e-01 2.660975793499780e-01
-2.850274520679107e-01 5.460634799348794e-02
-3.143187940817755e-01 -5.436456925693774e-01

4
-1.239594889909651e-02 1.132647580478151e-01
-1.656670042523427e-01 1.716441755215985e-01
4.575401649764116e-03 5.861188150727739e-03
4.794023591290143e-02 -5.363855692765752e-02
-3.205136471559775e-01 3.436124224846306e-01
4.185938433011936e-01 -3.554849606824415e-01
-1.515231959860035e-01 1.400865415180028e-01
-7.302358813434656e-02 -1.459336913007364e-01
2.513312897075506e-01 6.014645392311141e-01
6.334605337715752e-03 -2.973779759997658e-02
5.064863657415819e-02 3.986013983087900e-01
1.309327996775703e-02 -2.461955985140044e-01
-1.122367390769902e-01 -8.046169663101388e-02

5
-1.467247227948549e-03 1.251886562798695e-01
-6.631720428806470e-02 6.660299524451331e-02
3.613003832003874e-04 1.045036696143947e-03
-8.753025300995336e-02 -3.721078911473866e-02
-4.157351601913539e-01 2.988543147933840e-01
5.066149661204739e-01 -3.535837610982472e-01
-1.509700084377926e-02 2.251637998424267e-01
-9.293703025491466e-02 -2.385126908102947e-01
2.950320371177345e-01 7.406212635678376e-01
-2.422759110056633e-02 -3.207842168048457e-03
1.299055362377948e-02 4.644179884742254e-01
2.260504032073271e-02 -3.992841768229729e-01
-2.171819249950600e-02 -3.420090581387989e-02

6
1.650645565403158e+00 -1.978469623402979e-01
3.687216353287332e-02 1.710116909514142e-01
-1.530726677002071e-02 3.714060667917285e-02
5.536125839726911e-01 5.092777888203393e-01
-4.993967913773186e-01 7.464300448656601e-01
-2.505648346320582e-01 -1.189783835008569e+00
3.012640245259147e-01 -2.557083041869154e-01
1.413791970692847e+00 -6.710115467707063e-01
1.162540874075107e-01 1.628745808037712e-01
1.064937189941395e+00 9.258531054947048e-01
-1.321334338739395e-01 -5.732505673891829e-01
1.781477078279151e+00 -1.417606186878591e+00
2.369678962814336e+00 6.417306500620868e-01

7
1.393866973532951e-01 -1.023654914598601e-01
1.671080088641893e-01 1.049818228705100e-02
9.305063651477836e-03 3.174753573800489e-02
-4.737841904323597e-03 -1.106187299619785e-01
4.649590086787193e-01 4.137387543626864e-01
8.650121885622950e-03 -2.797615617861733e-03
-8.453127212076870e-01 -3.200825995899456e-01
3.196394015944584e-02 -3.393913671690924e-02
2.041086005719773e-01 1.062647282022961e-01
3.243680650333177e-01 -5.008372998087800e-02
1.258058356504751e-01 1.389294079718571e-01
-4.519101261120365e-02 -8.250663331266740e-02
1.663132283123120e-02 -4.166551801909399e-01

8
1.395627127906966e-01 -4.557538291541750e-02
5.101058967216809e-02 2.152130844617804e-01
-3.104940515361962e-02 -2.222574467983666e-02
2.992655748780609e-01 -2.316472582523930e-01
4.000092636635919e-01 9.914029737623554e-01
-3.836955667433490e-01 -1.851220816615115e-01
-5.310713337419060e-01 -8.832881391081859e-01
5.498664972117988e-02 1.770000608853240e-02
1.989760416450999e-01 1.048919297046364e-01
2.856395994929113e-01 -2.515229459044869e-02
1.509436460727547e-01 1.303020746941920e-01
4.594397306911702e-03 -1.251816318049908e-02
-2.822416783223909e-02 -3.287184151935928e-01

9
2.069570241990244e-01 9.477234416485451e-02
2.327967267478606e-04 -2.374731450157018e-03
-1.751943275851358e+00 -8.168744690644515e-01
-1.977288391829379e-02 -4.621887484174541e-03
-2.774422142506256e-02 -3.297277481120033e-02
4.887194571099689e-02 3.673902256456153e-02
-4.571995706828389e-03 7.946539627006146e-03
1.618286451664238e-01 1.207896328913353e-01
2.000235441438332e-01 1.045164951707876e-01
2.203120892166830e-01 8.529832340077761e-02
2.101950550540004e-01 8.465407798638434e-02
1.932420826003581e-01 1.015036417558456e-01
-3.244488770947586e-02 -6.681779048618690e-02

10
2.184464537598752e-01 7.183770292519803e-02
-1.847191426065499e-03 1.194149547776910e-02
-1.495912157435395e+00 -5.167137819143810e-01
-8.503131376817371e-03 -5.099310969034623e-02
-1.463324070183483e-02 1.003252553652020e-01
9.033888170447683e-02 4.903588443623497e-02
-7.369779576901200e-02 -1.012092482838812e-01
1.714544424231450e-01 1.048860550839128e-01
1.904596100153529e-01 9.253156328536784e-02
2.434437364175033e-01 8.033464486167535e-02
1.996808863934436e-01 7.296971231135650e-02
1.962078093220614e-01 8.035597357515790e-02
-6.701098806423396e-03 -9.154072774229509e-02

11
-7.284374528023182e-03 -1.425188482268653e-01
8.360651142135899e-03 -5.714875030976801e-02
-1.446487358555224e-02 -1.375451057980938e-02
3.527322513762091e-01 2.760141922025475e-01
-1.627587437967571e-01 4.718422714043501e-01
-7.893859180302532e-02 -5.800547765426238e-01
-1.412283155829526e-01 -1.268716574335183e-01
1.698240662580011e-01 6.844896549398036e-02
-1.851797157247956e-01 -2.569470192413871e-02
2.995364764197900e-01 -2.538409591264331e-01
2.796898024033943e-02 -4.150164155453323e-03
1.315993020669150e-01 2.193758412916492e-01
-3.578811908346436e-01 -4.323192435827943e-01

12
-3.709499216757475e-02 3.756979489275913e-01
1.586505647093334e+00 -2.510054185173358e+00
1.329162919541516e-01 5.744624432966156e-01
-6.951248103824436e-01 -1.421784691825980e+00
7.343624115573684e+00 -1.001927280589417e+00
-2.137517405411264e+00 6.814901608678756e+00
-8.998986840174716e+00 -1.551056607065448e+00
5.682521849222365e-02 1.476864962710794e-01
1.648406850551072e-01 5.293407308099130e-01
-1.727133984158367e-01 5.284076081588225e-02
1.731089717305896e-01 3.187131052213824e-01
2.637393926078617e-01 1.824136578129676e-01
-4.099473249868383e-01 3.183152412261742e-01

13
4.870499159607935e-01 -1.206365543812322e+00
-1.003143574265510e-02 1.514266741340065e-01
-3.854404442572242e-02 -1.341803539490926e-02
3.176551385377590e-01 -8.960273096270176e-02
2.389646343386757e-02 7.900569490467959e-01
-1.861322463192847e-01 -4.009942347686727e-01
-2.060948966634346e-01 -5.471302477860503e-01
4.464062269223532e-01 -1.856694165173877e-01
-4.265168295086648e-01 -1.230289307002153e+00
1.495790745763957e+00 -4.898911435185589e-01
-1.029871358910009e-01 -6.924155720135003e-01
-1.491375002192054e-01 -9.000614858902771e-02
5.133899984826863e-01 -1.905458791822649e+00

14
2.037158242810369e-01 1.051270103411400e-01
9.417183338043776e-03 -1.135747875367517e-04
-1.644015058388689e+00 -1.232718509412400e+00
4.116697034680987e-02 -2.105730239492974e-02
1.030860765586305e-01 2.243046830966550e-02
-1.251647079472794e-01 -8.337205282747819e-03
-1.134642629204792e-02 -2.253280970008018e-02
1.674366436896063e-01 1.217322288640765e-01
1.927753043976445e-01 1.174182641622005e-01
2.088277663960174e-01 8.672396949562876e-02
2.071101260181695e-01 8.700680599130350e-02
2.083382642709659e-01 1.043583564627594e-01
-4.086046243989798e-02 -4.612039106191099e-02

15
2.168430740584764e-01 6.974811487258309e-02
-7.748322482059511e-03 6.154375426881364e-03
-1.398122855178930e+00 -4.828697187344010e-01
6.102013324446987e-03 1.188905155111320e-02
-9.900219182185409e-02 1.270721243382128e-01
1.083654913694600e-01 -6.311712629799503e-02
6.989255837904111e-04 -7.722093452201775e-02
1.787572005306089e-01 1.081162778978669e-01
1.775018496574743e-01 8.591700656128863e-02
2.450897007492168e-01 7.538334707076706e-02
1.966763990236260e-01 6.589512431163837e-02
2.048571118940127e-01 8.930934681857092e-02
-1.476967626014043e-02 -9.139207420114789e-02

16
1.838175228026563e-01 9.086267636059991e-02
-7.915116196477492e-03 -7.808233943048238e-03
-1.521008741982584e+00 -7.009573763490835e-01
-8.052862208312538e-03 1.931461077455745e-02
-7.797707580194203e-02 3.639524306615669e-02
7.631172624105673e-02 -5.156395119256171e-02
8.908137492456360e-03 -1.003394724893837e-02
1.582385458105528e-01 1.067068487764900e-01
1.738990685128333e-01 1.294584853945258e-01
2.064138249889884e-01 6.306151501442994e-02
1.901106217641442e-01 9.442173309209320e-02
1.965579217892963e-01 9.475601867105211e-02
-5.974414967786587e-02 -6.954946163898354e-02

17
5.097659819268078e-02 -2.252852451452767e-01
4.592409622763778e-03 5.654618352786117e-02
1.525981536624305e-02 9.601291449246231e-02
4.512067829379879e-01 2.600631345122830e-01
-1.730495685807183e-01 5.981364949609960e-01
-1.591308582605195e-01 -6.507091873484389e-01
-1.276196490916971e-01 -2.248683048179519e-01
1.867402911757979e-01 -5.520912460337255e-02
-1.759917859225421e-01 1.613900458950713e-02
3.744963922250360e-01 -2.484109342842233e-01
-3.090326158535620e-02 -2.859586346261667e-03
1.363473928434432e-01 2.876791069822584e-02
-1.837494786633264e-01 -5.051354488434645e-01

18
1.985253405456974e-02 4.251327907195350e-01
-6.873247078759405e-02 1.593803208427335e-01
3.437658560994987e-03 -2.789237981813628e-02
-2.456140978752420e-02 -7.928761817296903e-02
-2.923429409079407e-01 3.593826374652065e-01
4.791342597416549e-01 -4.007088209789529e-01
-4.152022184938720e-02 1.073860391076810e-01
1.096863918735616e-01 4.925192143657584e-01
1.951230149589223e-01 8.610484354138628e-02
-8.786444602462268e-02 1.062080143527275e-01
3.898148295275994e-01 1.289823077495230e-01
2.304200254950571e-01 6.609291295851155e-01
-5.747898698171401e-01 2.869947939867502e-01

19
-5.040097923872560e-01 5.800304130720416e-02
-2.555847180342278e-01 -9.216567123927154e-02
1.674401558501798e-03 2.160718864439881e-03
2.287778216446044e-01 -7.123711503186016e-02
-1.777723222123294e-01 3.272368638470619e-01
2.781707517610703e-01 -1.010126508848401e-01
-2.325574398414885e-01 4.242795879040485e-02
1.101506109219468e+00 -3.640502709590864e-01
-2.024228970452017e+00 1.015197372204871e+00
-3.402184839191456e-01 -8.494433625414859e-01
-9.770324092932525e-01 -1.704225044985231e-01
1.908297763240475e+00 1.839535343047854e-01
-1.290416783058163e+00 7.321725171384007e-01

20
1.383659547793689e-01 -9.586720843844559e-02
4.532244913631352e-02 7.185183401549295e-01
-4.282183708548277e-01 -3.943442157996090e-01
-1.327072032492658e+00 -1.264506503500006e+00
1.415541535676337e+00 5.198027732678487e-01
1.162995263508906e+00 1.108293817458538e+00
-1.579363194763995e+00 -7.073327141593880e-01
1.763942515984668e-01 5.759942532279891e-02
8.137130649179241e-03 -1.659127862881446e-02
3.384709257304655e-01 -9.240272927391439e-02
1.054584853174123e-01 8.358963440729669e-03
1.374880495396057e-01 1.042423706808191e-01
-1.105943792678505e-01 -3.462905641160708e-01

21
1.638789227881284e-02 -3.345206237771021e-01
-8.020497443402217e-03 9.014760745041032e-02
-8.498300127577327e-02 -9.361502677310730e-02
3.002449117124731e-01 -7.551920331618259e-02
-2.479082520879889e-02 6.789013419778579e-01
-1.264135019456348e-01 -3.521219993074977e-01
-1.533572884145042e-01 -3.909276724703118e-01
1.776420372637968e-01 -3.545137271228639e-02
-2.541220205982583e-01 -1.324350719765865e-01
4.617832750334013e-01 -3.430045287226174e-01
-4.559177511133573e-02 -6.582028650943313e-02
5.694732232893074e-02 1.032094708629162e-01
-2.515762698014746e-01 -7.015659968864109e-01

22
3.510350146530603e-01 -3.266077435018507e-01
-9.227024485721542e-02 1.381294902623507e-01
-4.511621503353827e-02 1.246648002348729e-01
3.928917919097821e-01 2.243043447705010e-01
-2.554216794756721e-01 7.923852667929638e-01
-7.302636150719842e-02 -7.710082655885442e-01
6.449527790680526e-02 -4.627320099022725e-01
4.044498342268071e-01 -5.720515694673265e-02
-1.472698937381581e-01 -2.466413465576761e-01
6.362233991067008e-01 -9.163519176968150e-02
1.325651349621415e-02 -2.218551064346466e-01
3.190436561674508e-01 -5.364583136134638e-02
2.219932766515881e-01 -5.250176465059586e-01

23
2.712785808847099e-01 2.762102818842639e-01
3.394945194441615e-01 1.629171329398427e-01
-1.561610251573715e-01 1.360069022299344e-01
-1.595583278439239e-01 -3.092768891379805e-01
-2.646243892990821e-02 6.619696048423954e-01
-6.119964278259073e-02 -1.197123573218798e-01
-3.317474999526011e-01 -3.684815604008006e-01
1.530730051916935e-01 1.720443124637317e-01
3.740902918551171e-01 2.323707600829707e-01
1.045323493196734e-01 2.524053547163284e-01
3.013416084808993e-01 1.589430953678704e-01
2.573256180964406e-01 8.831936497993557e-02
4.422751664581842e-02 2.065354837871957e-01

24
-2.736549862171757e-03 -1.191683902296537e-01
3.039520078212404e-02 -2.854508065462676e-02
1.518330637165698e-02 -1.590701677746722e-02
2.441927129384084e-01 1.107200941821951e-01
-1.014881822809738e-01 5.105854856824183e-01
-1.196256428838930e-03 -4.520127838808600e-01
-1.626997793282382e-01 -1.828483174267057e-01
1.792458286427553e-01 2.241884859767476e-02
-1.836978682870069e-01 6.508674180866192e-02
2.668633540357410e-01 -2.367912984871581e-01
5.304524852350933e-04 2.694181661182882e-02
1.756913283188867e-01 1.465613006545787e-01
-3.226324196895470e-01 -3.670383545545953e-01

25
1.554165216427590e-02 -1.249155249052197e-01
1.514501736992032e-01 -7.255057836497202e-01
9.050116101683044e-02 -8.002182489814760e-02
-1.709469436051554e-01 -3.759071846591953e-01
6.838265190248436e-01 -2.899867269329288e-01
2.158726095124383e-01 9.425575172422224e-01
-1.263790069422685e+00 2.080766834089575e-01
-8.677771594383893e-02 2.935422335193230e-02
2.059132137666956e-01 4.841158830265103e-02
2.953382370336777e-01 -1.467796646086415e-01
1.532062849339740e-01 1.776183385315922e-01
-2.258069149971899e-01 4.878396821455259e-02
-1.816028823579332e-01 -5.625333775798084e-01

26
-2.744303700226035e-02 -1.751534670313350e-01
-6.753634286382161e-02 1.397538737382372e-01
-1.103127918791344e-01 -4.351035528228207e-02
-5.551132486367739e-02 -5.330990884681124e-02
3.373287861057547e-01 4.847313778083570e-01
1.844159064377089e-01 -1.098602048397810e-01
-7.397825388499487e-01 -3.539887001275969e-01
1.143183052025911e-02 2.369450286094615e-02
-6.403112648918722e-03 9.309066263279132e-03
3.113055884974271e-01 -2.443995668201125e-01
6.886536602640754e-02 9.786334866704657e-02
-9.966432824044956e-02 1.158400575133351e-01
-2.921495340536038e-01 -5.759529230489494e-01

27
2.019393843354022e-01 1.006047374046617e-01
-1.689625702763573e-04 2.752106914095473e-03
-1.615338965940154e+00 -9.700352410908302e-01
9.442145052915654e-03 4.162784851082201e-03
8.823819168886160e-03 2.456417791600419e-02
-1.672128175844698e-02 -2.259482174097101e-02
2.169516049055611e-03 -6.776396822783756e-03
1.588120799425033e-01 1.226184542613862e-01
2.005543085310987e-01 1.115780327343175e-01
2.125800516533005e-01 8.486175933282041e-02
2.106511200863741e-01 8.934697911377679e-02
1.929958006830813e-01 1.047107964200926e-01
-4.071057454727190e-02 -5.994822032644935e-02

28
-8.467897884688722e-03 1.791980375367761e-01
-5.814757129678520e-02 5.915842277162828e-02
-6.146571870233791e-02 -2.046282607641200e-01
2.347498221798236e-01 -5.928456683742404e-02
1.449484771460866e-01 6.721026505416835e-01
-1.847425553800492e-01 -2.711148576782071e-01
-4.009661409768419e-01 -4.849552486620753e-01
-6.430417032287597e-02 3.128106823198374e-02
2.786237143956753e-01 4.361063788899869e-01
-1.942102971873883e-03 3.287300675431766e-03
1.616464810885774e-01 3.378067352115301e-01
2.484388125492072e-04 -1.616422884232942e-03
-2.308875406107125e-01 -4.163629263427904e-02

29
1.245022107064501e-01 2.604572908804060e-01
2.922641104647795e-02 1.290038078859515e-01
7.448718793259500e-02 -3.559102839181261e-02
3.677257521581324e-02 1.779426281191094e-02
-2.719594478491814e-01 6.356303334570319e-01
1.681904214202101e-01 -5.538255663815566e-01
2.542886154590428e-03 -1.891158721903930e-01
1.384241738972166e-02 1.803635612823360e-01
3.769301264506139e-01 2.700126536952513e-01
4.064403504799374e-02 1.464312717337025e-01
2.942212865650572e-01 2.449024951664198e-01
7.684020575699475e-02 1.437410839932391e-01
-1.454655473964442e-01 8.187058215870543e-02

30
-3.007098715608233e-02 -2.246059210686402e-01
4.270245891243261e-02 5.984493107121938e-02
-3.321490685655764e-02 5.091030578684008e-02
2.405207214528061e-01 2.397771898558120e-01
1.852527314035703e-02 5.155694285185758e-01
-4.248788471229224e-02 -5.303126571125163e-01
-3.622882616482838e-01 -2.387656851901654e-01
7.377910312513203e-02 -5.122629491258537e-02
-1.202596400622450e-01 5.061472481792299e-02
3.317278794845907e-01 -2.909882330316491e-01
-1.537231081664251e-02 7.186495251288498e-02
-1.030365357743941e-02 4.281069982884653e-02
-2.723687116901067e-01 -5.828953243391464e-01

31
2.508850675171799e-01 -9.932171267515025e-02
-1.189471292860546e-01 4.714678068958913e-02
-1.457827262184586e-01 9.019631713458838e-02
3.199797117336275e-01 1.350919695096893e-01
-3.027894699381904e-01 7.093835634237712e-01
2.850073471908186e-02 -5.626680326755609e-01
1.124524701998673e-01 -3.479855930138983e-01
2.725990572822302e-01 4.352658701580066e-02
1.349487950732717e-02 -5.387923246809685e-02
4.000847841403803e-01 -1.696677323968465e-02
1.101317732778582e-01 -5.599811807375486e-02
2.536314657776502e-01 5.046581731072021e-02
4.459180092027754e-02 -2.804685652031805e-01

