13
0
0
52
3.100166067746370e-01 1.542862365260234e-01
1.389504257005254e+00 3.490867009039249e-04
-1.687413413525538e-01 3.691708330765490e-01
-1.286712663255557e+00 -5.493153688357090e-01
-1.781973750009459e-02 7.901631877713640e-01
-1.012941576259086e-01 2.992763054401015e-01
-4.931922928535649e-01 -3.163743026712070e-01
3.306243674632929e-01 1.078039038720748e-01
2.216660358622186e-01 1.164826093703118e-01
2.324778109070697e-01 2.020826470717054e-01
2.248232875875123e-01 7.908887723191907e-02
3.596882140148709e-01 8.669208888468190e-02
1.262417666535186e-01 1.465511245377222e-01
2.220446049250313e-16
5.158291531001932e+03
1.087325839014441e-14
9.765625000000001e-05
2.694064702634263e-12
0.000000000000000e+00
1
1
1
52
2.770147605429327e-03 1.491943587974201e-01
4.220320197831604e-02 4.664899356979292e-02
2.164352031410506e-03 -1.926273731780321e-02
1.665297209340812e-01 -2.847059894473542e-02
9.363623107167186e-02 6.651934481753536e-01
-6.909373568582482e-02 -3.039128127582884e-01
-3.375266316157778e-01 -4.170700349292626e-01
-8.402296890784205e-03 2.319874149734923e-02
2.332465828740589e-01 4.357755193464794e-01
1.847498018184674e-02 -6.357635156406406e-03
1.145818444342801e-01 3.210052129793508e-01
3.680346353983099e-02 -2.531873768232331e-02
-2.183049921867880e-01 -3.151724249625219e-02
2.989366980140908e-16
2.291630175063697e+04
3.234399446218739e-16
3.906250000000000e-04
2.489151012679467e-12
0.000000000000000e+00
1
1
2
52
1.012345026963890e-02 -2.175381198690972e-01
5.980969244696915e-02 2.179558260081214e-02
-5.100417715477652e-02 5.006548349321510e-02
2.739076282084543e-01 3.050689970215280e-01
-1.895896519634209e-02 4.944507616231121e-01
-7.775753451325873e-02 -5.827604436604606e-01
-3.216791991038671e-01 -2.140455262529982e-01
7.467106210777515e-02 -9.355195709841940e-02
-1.122784115440260e-01 4.989376955238267e-02
3.518069192440030e-01 -2.665908259467755e-01
8.786986612400353e-03 4.995540503376580e-02
3.737911326764057e-02 5.079387773704669e-03
-1.935695392112606e-01 -5.800991684419066e-01
2.237726045655905e-16
1.394228499473154e+04
3.672346377772742e-16
9.765625000000001e-05
5.272175759925329e-13
0.000000000000000e+00
1
1
3
52
-8.038026760585203e-02 -9.581531224977234e-02
2.052097027967625e-01 9.664102714247039e-02
-5.125228621038487e-03 2.507566950321496e-02
3.360251271854757e-01 -7.328612864218614e-02
2.547822456954500e-01 5.828828385892212e-01
-2.857731052819230e-01 -2.011805268573013e-01
-5.285933836155436e-01 -3.180378429102222e-01
-1.779501568179784e-01 8.558684103083067e-03
1.867695798125677e-01 1.540310111500491e-01
2.086146803042178e-01 -2.055366461503815e-01
1.315423021560579e-01 2.413474876429225e-01
-2.748897790485640e-01 4.372546164565624e-02
-3.051346448066761e-01 -5.723329095991038e-01
3.333559025893249e-16
2.686939768692999e+04
3.883243471672568e-16
3.906250000000000e-04
8.107262549214058e-13
0.000000000000000e+00
1
1
4
52
-1.198993446564757e-02 1.081597522513605e-01
-1.828866078000390e-01 1.764066031397606e-01
3.904382894363630e-03 5.505633466989927e-03
5.881772848029517e-02 -6.771205819434836e-02
-3.015460754207092e-01 3.301473670042188e-01
4.150753716808763e-01 -3.325111745616496e-01
-1.871136698306124e-01 1.400513228561467e-01
-6.022044583577655e-02 -1.326746633459122e-01
2.520079298689454e-01 6.026932280970838e-01
6.454858300765739e-03 -2.781303619836435e-02
3.700980623484070e-02 4.017465510908466e-01
7.180267939636742e-03 -2.474134714742675e-01
-1.187434113445544e-01 -7.155783821601104e-02
2.259140179941514e-16
3.737927211477765e+04
4.983193047855598e-16
3.906250000000000e-04
1.380571370905316e-14
0.000000000000000e+00
1
1
5
52
-3.089203247078005e-05 1.188681553977984e-01
-5.671707720032375e-02 7.263516396827047e-02
2.522598045006001e-04 8.203651017809056e-04
-9.757930897531526e-02 -4.236906967207012e-02
-4.205577406694098e-01 2.905381319447888e-01
5.150034980672989e-01 -3.530445178777036e-01
-1.346168787072282e-02 2.403446619316533e-01
-8.083201368596808e-02 -2.256781338602853e-01
3.023041409843462e-01 7.403902720697421e-01
-2.211586202732262e-02 9.113227180138844e-04
1.145783280607913e-03 4.709283941585057e-01
1.021767813788036e-02 -4.019901823310986e-01
-2.355488107082791e-02 -2.729341514285687e-02
1.776356839400250e-15
3.034256715540572e+04
2.395035559936146e-16
1.562500000000000e-03
8.330438265768298e-12
0.000000000000000e+00
1
1
6
52
1.381471123843814e+00 -2.932555217656167e+00
4.452376524918986e-02 1.418949178102102e-01
-2.977823630583643e-02 3.292901408150247e-02
6.005381326767869e-01 6.246575039832902e-01
-5.420664298786055e-01 7.449050182649614e-01
-2.897184519975782e-01 -1.288414716741663e+00
3.519277918664388e-01 -2.356545018904313e-01
-1.042185443910886e-01 -3.548229175633448e+00
2.924441877262105e-01 -4.177379267753070e-02
2.995169182109262e+00 -5.517812881983184e-01
-9.000801655992001e-01 -1.224521803639367e-01
-7.957836341968028e-01 -4.446323641388132e+00
4.468545877851063e+00 -4.180309779356049e+00
7.105427357601002e-14
7.134765099946730e+04
1.983854370677032e-14
2.441406250000000e-05
3.295512988042789e-13
0.000000000000000e+00
1
1
7
52
1.258064546114452e-01 -7.813448594353695e-02
1.737640551366355e-01 5.012984936420301e-03
-5.130533302576318e-03 2.050344490347304e-02
4.190968194831492e-02 -1.226028389379829e-01
4.463025873031018e-01 4.621603108569654e-01
-5.540963135085689e-02 -1.891548816867289e-02
-7.874890605700207e-01 -3.700293480968614e-01
2.955191362256396e-02 -3.066231972519745e-02
2.130460533770778e-01 9.457868448934488e-02
3.111368368142176e-01 -4.649294092096307e-02
1.583302609474440e-01 1.520608724894121e-01
-4.593390455744712e-02 -3.630121033861886e-02
2.004543962633805e-03 -3.994395020385884e-01
2.220446049250313e-16
5.428745319349717e+04
3.127363122653755e-16
9.765625000000001e-05
1.608251967086735e-12
0.000000000000000e+00
1
1
8
52
1.493001383217732e-01 -4.638524745633350e-02
2.434331849661648e-01 2.401495371103063e-01
-6.219052997032220e-02 -9.321322716705324e-03
1.853394102289246e-01 -3.800140014247330e-01
7.769531558602566e-01 9.076441674951762e-01
-4.623049463691581e-01 6.150707506296722e-02
-9.248636070719118e-01 -9.605720026815476e-01
6.964463853051624e-02 -1.190101832263727e-02
2.131927734424651e-01 9.889715289115483e-02
2.992579169676401e-01 -1.389587505030734e-02
1.665761305841773e-01 1.427844897472317e-01
8.806500133967858e-03 -1.937391830917180e-02
1.654444838845628e-02 -3.253517146499699e-01
1.154862107131480e-16
7.855935066408642e+04
4.804244794587570e-15
9.765625000000001e-05
1.561554464145713e-12
0.000000000000000e+00
1
1
9
96
0.215586470894668063805658371033e0 0.113131196398018440191623359403e0
0.110038247595825944648417252358e-17 -0.141272257748875070082456685410e-17
-0.167235821307152849554310355519e1 -0.935768475604015223020331594864e0
-0.430883142549558363797610106213e-19 0.177655949648265077809527493115e-17
0.338749172360916303587850019068e-17 0.694467450787901708059897172577e-18
-0.419301203745916906491392830296e-17 -0.262072967493734582723082255829e-17
0.193990587570886962752898410888e-18 0.639556232815695781650609677081e-18
0.215586470894667974848765226589e0 0.113131196398018668638738388765e0
0.215586470894667477741918143611e0 0.113131196398018630231331092620e0
0.215586470894668384548876925048e0 0.113131196398018744578281870234e0
0.215586470894667886725613118001e0 0.113131196398018878015639942630e0
0.215586470894667902782137322986e0 0.113131196398018773380328525754e0
0.478598618689894122334118795601e-15 -0.995467737409174864770960320367e-15
9.59785080111464e-17
2.840891121610103e+28
3.37339550046990e-21
9.76562500000000e-5
1.44615159739448e-12
1.562500000000000e-03
1
1
10
96
0.215586470894667825855038147040e0 0.113131196398019369844471445943e0
-0.183323439568806909490416681442e-16 -0.521238453519576414300493587214e-17
-0.167235821307152833801990226778e1 -0.935768475604015360847113561870e0
0.385508063896729955958414477063e-17 0.276878994678690184442772997590e-16
0.116805857893287701929503855693e-16 -0.251979518388795477310104121853e-16
0.463518673191186139459036641212e-17 -0.449497822042296469811644871633e-16
0.110000067627333763203515368684e-16 0.445338025548083436897270704487e-16
0.215586470894667970736565888679e0 0.113131196398019367509364165979e0
0.215586470894667812014067994601e0 0.113131196398019164800587471665e0
0.215586470894667486553584767065e0 0.113131196398019124374737507575e0
0.215586470894668121198112950635e0 0.113131196398019241325510636946e0
0.215586470894668132937296902507e0 0.113131196398019464609000964244e0
-0.337663975745319757796473739713e-15 0.347031467284692718030774286170e-15
7.25801987854284e-17
6.012373512263321e+28
1.42385257691724e-21
9.76562500000000e-5
1.16914006758997e-12
1.562500000000000e-03
1
1
11
52
-1.834584786814666e-02 -1.192439095527582e-01
1.692221651152912e-03 -9.279038227075660e-02
-8.085574342505203e-03 -4.869636049559306e-03
3.702888823721717e-01 2.398067990652937e-01
-1.700228462518199e-01 4.639138375819555e-01
-9.076726384509433e-02 -5.284865933633853e-01
-1.318390201606137e-01 -1.249400789284179e-01
1.597895744519797e-01 6.829498910624904e-02
-2.036852580761474e-01 -1.394089110249303e-02
2.779692582828241e-01 -2.592710634735739e-01
3.900837220354351e-02 -1.003270404719334e-02
1.594307283018619e-01 2.399693876946875e-01
-3.838801025932509e-01 -4.135498279881292e-01
4.475452091311810e-16
4.142411296213113e+04
3.276361958568294e-16
3.906250000000000e-04
6.290862975043554e-12
0.000000000000000e+00
1
1
12
52
-4.113130045781120e-02 4.268387070862652e-01
-1.639823093364820e+00 1.258955783377084e+00
7.400389627659311e-02 -2.693987787451472e-01
6.030804617057235e-01 6.717501803622900e-01
-3.959230279652467e+00 -1.415117546527837e-01
2.568944010402895e+00 -3.296787724151565e+00
3.617960745240222e+00 2.179403680409229e+00
9.077813029906784e-02 2.383887771548862e-01
2.173868056114966e-01 5.718471819988913e-01
-2.296026555966716e-01 1.008266995923142e-01
1.566516523200026e-01 3.626799487409452e-01
2.459310679594016e-01 2.145603618426818e-01
-4.630192989142679e-01 4.435793929554336e-01
8.881784197001252e-16
6.262143263809434e+03
5.543301900231349e-14
2.441406250000000e-05
1.810065345397554e-13
0.000000000000000e+00
1
1
13
52
-4.889387544660525e-01 -7.655007899188049e-01
6.738951077393650e-02 1.509436727248133e-01
-3.669276377520168e-02 -1.107602349728387e-02
2.879236704193577e-01 -1.590904012302938e-01
1.083415008742294e-01 8.513451825419044e-01
-2.687598603800351e-01 -3.313475416723686e-01
-2.620381964685656e-01 -6.420767948157684e-01
-5.594772650766133e-02 -3.084116223069081e-01
-1.028156109874091e+00 -1.324334506061665e-01
5.029998437316837e-01 -1.088410855513791e+00
-4.330814640326618e-01 -1.838424921118406e-01
-7.839820743946049e-02 1.211234800863720e-01
-9.302205244715168e-01 -1.511962545829501e+00
8.252325904466732e-16
2.821551396076355e+02
5.578969773046903e-15
2.441406250000000e-05
6.624227340069088e-15
0.000000000000000e+00
1
1
14
64
0.215586470899393295398e0 0.113131196399355733747e0
0.746869233677751962411e-17 0.828670101188670891464e-17
-0.167235821307157795301e1 -0.935768475604034006264e0
-0.575928480018765571286e-15 -0.472291782319205883064e-14
0.545383774661123331242e-14 -0.178772147052028547830e-13
-0.518898052901184764910e-14 0.156178436894173559198e-13
-0.930165305036675665312e-15 0.408098743134954590881e-14
0.215586470898733117770e0 0.113131196398631047879e0
0.215586470896877025139e0 0.113131196395954791771e0
0.215586470896551949005e0 0.113131196402434190487e0
0.215586470896543038991e0 0.113131196396315060010e0
0.215586470898753186190e0 0.113131196397706677469e0
0.638282261713274816123e-11 0.449776791216958914178e-11
7.29145735452479e-16
1.766164622274359e+19
8.03203567661791e-12
9.76562500000000e-5
6.52342690199548e-12
1.562500000000000e-03
1
1
15
96
0.215586470894668092732801985901e0 0.113131196398019137622245014943e0
0.722878523075757763519218215537e-17 -0.553638948766386684023843144454e-17
-0.167235821307152842669343363503e1 -0.935768475604015322996996028637e0
-0.115330260711112827838152950392e-16 0.708937028896169347065348068807e-18
0.161748023157365442030861910586e-16 -0.425874414826114444527150024018e-17
0.176822071873288223294543434389e-18 0.366396226707222102394435033129e-17
-0.109421098055429440658695677926e-16 0.389203311277634275519049354597e-17
0.215586470894667881753131214870e0 0.113131196398019134757712243035e0
0.215586470894668160119576679531e0 0.113131196398018985327496084028e0
0.215586470894667871002262655699e0 0.113131196398019275941984954572e0
0.215586470894668235300787847221e0 0.113131196398019234409767823845e0
0.215586470894667856120241175092e0 0.113131196398019048099251382672e0
0.350234234676496046937456574830e-15 -0.479032232120136488410601031577e-16
2.48166907879593e-17
1.245620244925038e+28
7.54659108745910e-22
9.76562500000000e-5
1.63715314227655e-12
1.562500000000000e-03
1
1
16
96
0.215586470894667773009107100202e0 0.113131196398018878013694941765e0
0.127023394998888272392500444533e-17 -0.178426691133822935821380412675e-16
-0.167235821307152821374887739509e1 -0.935768475604015362164491711416e0
0.491512784175950690208832938408e-17 0.117255940825054458253713828285e-16
0.462776940336700016610668861852e-16 0.892749234103464338056974258980e-17
-0.393169414704722711454752092792e-16 -0.703489737735631664811849207662e-17
-0.199736207547500368409226719856e-16 0.902602929289810533121486900792e-17
0.215586470894667776601829272725e0 0.113131196398018915961928766927e0
0.215586470894667658602232585602e0 0.113131196398019092760103047897e0
0.215586470894667830909712726113e0 0.113131196398018815442168178943e0
0.215586470894667915684190866099e0 0.113131196398019196844613525477e0
0.215586470894667834100100614728e0 0.113131196398018977383644188072e0
-0.601708176146583852175447476954e-16 -0.455677456427864858917100934844e-15
8.66078563389211e-17
1.545143177065436e+28
1.15308500262915e-21
9.76562500000000e-5
9.58250627364158e-13
1.562500000000000e-03
1
1
17
52
4.208316634517256e-02 -2.012133139186390e-01
4.493219185353910e-02 -5.725164208457915e-03
-1.184386079628233e-01 1.231586609698444e-01
2.805100223901290e-01 5.658890614381354e-01
-1.199755457605477e-01 3.805517646116894e-01
-1.179191855474723e-02 -7.812760831144043e-01
-3.013926395284943e-01 -8.638742163221087e-02
1.382953854330020e-01 -7.102292323576323e-02
-1.421733222681648e-01 2.004377843133022e-02
3.611867548583497e-01 -2.429283972089742e-01
1.360892506403271e-02 1.277896309729557e-02
1.144979762899129e-01 3.984342936917502e-02
-1.780627060921437e-01 -5.198040358154724e-01
1.570092458683775e-16
2.453362308276084e+04
4.800676654489090e-15
2.441406250000000e-05
1.127245472374155e-14
0.000000000000000e+00
1
1
18
52
-6.342489614048998e-04 4.068864080868812e-01
-9.218505590062762e-02 1.718702839108613e-01
5.776601324541187e-03 -2.966476878939870e-02
-4.247225029327703e-03 -7.080914999957484e-02
-3.092561247327988e-01 3.537324631806296e-01
4.868847796072431e-01 -4.169201087353408e-01
-3.270215971971803e-02 1.232030551558966e-01
1.409537802377669e-01 5.139929940596728e-01
2.030216449897501e-01 1.323165137585147e-01
-1.048580596505282e-01 1.024477742160331e-01
3.269888103180852e-01 1.736627107288556e-01
1.899522447087202e-01 6.296585213851592e-01
-6.035574092614616e-01 3.192247909412387e-01
3.140184917367550e-16
7.934514757286124e+02
1.568942031342567e-15
3.906250000000000e-04
6.860933180921875e-13
0.000000000000000e+00
1
1
19
52
-4.428888597005599e-01 -9.298511252695126e-03
-2.556257118309104e-01 -1.162007128582049e-01
1.303635072938465e-03 1.773037805266875e-03
2.362819333672727e-01 -6.743450129859405e-02
-1.726214900286331e-01 3.246454843584711e-01
2.569571122232664e-01 -9.255243118477713e-02
-2.406566141602947e-01 2.866603881183279e-02
1.019996626024755e+00 -1.259858984354804e-01
-1.957574338875779e+00 6.661442577568082e-01
-2.083602748753003e-01 -8.480121820348302e-01
-8.535080147009096e-01 -3.420377217540575e-01
1.745069237836361e+00 4.059562843474480e-01
-1.372794669469659e+00 4.961948553499475e-01
9.850312255191850e-16
1.217560007289549e+04
5.658303179488533e-15
3.906250000000000e-04
2.806028285218831e-12
0.000000000000000e+00
1
1
20
52
1.407460789312306e-01 -9.549416270161742e-02
1.107104958171844e-02 3.514682820217024e-01
-9.984857045232405e-02 -2.278601222433666e-01
-5.302625149579195e-01 -4.614214324402340e-01
5.956321529810721e-01 6.183204305012359e-01
5.577573798341124e-01 1.249543984284782e-01
-7.842055703117872e-01 -5.306958350330314e-01
1.869320685303602e-01 2.107953784117314e-02
7.077908688450426e-03 -1.730740802827824e-02
3.473086706919436e-01 -9.073461364793418e-02
1.188310047365547e-01 1.742113953010255e-02
1.514500982644743e-01 9.946213368313941e-02
-7.666206426649150e-02 -3.460969708255824e-01
4.002966042486721e-16
3.534881969126145e+04
4.863014500477882e-15
9.765625000000001e-05
7.830047411796888e-13
0.000000000000000e+00
1
1
21
52
-2.870809958112730e-02 -3.001264362922635e-01
1.028391945270669e-02 1.030425647623775e-01
-2.776643295847730e-02 -8.987594501399554e-02
3.428636786254295e-01 -1.708877839644316e-01
-2.710938103589871e-02 7.513773292265510e-01
-1.872638763075715e-01 -3.135038225440733e-01
-1.112520974234440e-01 -4.439235311261874e-01
1.253762282756844e-01 -8.911328517952451e-02
-2.932108302091678e-01 -5.440210864035572e-02
4.070836329526085e-01 -3.759382306368016e-01
-4.445925063128326e-02 -4.651213508913529e-02
9.244346012254687e-02 8.665091575669859e-02
-2.953851028838632e-01 -6.913833862839369e-01
4.002966042486721e-16
2.608969493590133e+03
6.534950078019437e-16
9.765625000000001e-05
1.095853908193962e-12
0.000000000000000e+00
1
1
22
52
4.426462108587217e-01 -9.744827540264271e-02
-2.718427495481539e-01 8.966763393314557e-02
-2.047659509295089e-01 1.129236083816999e-01
4.341897087346447e-01 3.517061862292753e-01
-4.883078830253657e-01 7.404788890722976e-01
1.168617260540873e-01 -8.778039671231215e-01
3.486136274531454e-01 -3.574843680580030e-01
4.408455972617463e-01 1.138973789494877e-02
9.823218110341207e-02 -2.100878230123761e-01
5.408560113258446e-01 1.358194578353299e-01
2.128614889357001e-01 -1.297154336478007e-01
3.835304468496059e-01 4.725340741493505e-02
3.594250007111475e-01 -1.977343065135517e-01
2.775557561562891e-16
1.265369577329948e+03
2.106051177263065e-15
9.765625000000001e-05
4.269262422579283e-13
0.000000000000000e+00
1
1
23
52
2.875631803444835e-01 2.421603434660594e-01
5.689560542352147e-01 2.030747394893076e-01
-3.102891205633087e-01 1.158289126782490e-01
-3.628650776592580e-01 -3.719779583579311e-01
-1.415784871966306e-02 6.649683895563641e-01
-9.436457213789615e-02 -8.745805841321393e-02
-3.160346249336670e-01 -3.797028215750167e-01
2.419980076193333e-01 1.719685272777769e-01
3.704117427473042e-01 1.742539197206597e-01
1.517146807197682e-01 2.622236841512184e-01
2.918039111145609e-01 1.662532141218602e-01
2.550918139990416e-01 1.163099202067227e-01
8.826399885769193e-02 2.169124128587661e-01
2.775557561562891e-16
2.020159755047139e+03
4.339892169184514e-15
9.765625000000001e-05
5.635475559608569e-14
0.000000000000000e+00
1
1
24
52
-1.026557546054332e-02 -9.624700337892866e-02
2.791635902315622e-02 -5.294589336142444e-02
5.392794576731212e-03 -1.061586476955276e-02
2.334825709882866e-01 1.103821509063591e-01
-1.077917177413077e-01 4.891730427442310e-01
1.436369381470006e-02 -4.335692597948715e-01
-1.605906379095178e-01 -1.696168482145541e-01
1.617614886958949e-01 1.494634389468208e-02
-1.812577695090351e-01 8.867212543063718e-02
2.450823993025338e-01 -2.341490018728849e-01
1.209094219617390e-02 3.435506742519855e-02
1.882588679456887e-01 1.478341392440684e-01
-3.315824733242633e-01 -3.486538782077139e-01
5.795534335168190e-16
9.387689141128401e+04
4.554222023104071e-16
3.906250000000000e-04
3.167617700463974e-12
0.000000000000000e+00
1
1
25
52
1.789679372492711e-02 -1.185274697864464e-01
2.496741209819675e-01 -6.131306683461524e-01
9.030172836326630e-02 -3.329148545389869e-02
-2.480655763662327e-02 -3.758906480246141e-01
7.042917360678386e-01 -8.340972809303471e-02
-2.793784430522081e-02 8.018218554013709e-01
-1.192225880275101e+00 1.148460524952058e-02
-9.641017566474790e-02 1.748874762421261e-02
2.040648875695805e-01 4.200669990268857e-02
2.971322678568989e-01 -1.468755171520768e-01
1.700937383422880e-01 1.708280995270425e-01
-2.151315219453384e-01 5.457518337968259e-02
-1.729590449420123e-01 -5.695150282330292e-01
1.755416734288351e-16
8.675425262447208e+04
1.682481217128792e-15
9.765625000000001e-05
4.683677570682985e-15
0.000000000000000e+00
1
1
26
52
-1.026324585716500e-02 -1.606453336324747e-01
-5.561582342600279e-02 8.032072179215843e-02
-8.024519833879078e-02 -1.056860794431234e-01
6.969287460747282e-02 -9.685245069212903e-02
2.919427878355113e-01 5.825038512085535e-01
1.147392739937652e-02 -1.178898166929739e-01
-6.111964928523737e-01 -4.436522688095551e-01
2.563662642213399e-03 1.129378198203539e-02
-2.217973376317665e-03 3.716835409910610e-03
3.143772976635605e-01 -2.317039409512220e-01
9.329154982009248e-02 8.216243464327631e-02
-7.254273159137065e-02 1.143873345178933e-01
-2.657298158202482e-01 -5.716082722024360e-01
2.830524433501838e-16
3.548258412576406e+04
1.043456607775262e-15
9.765625000000001e-05
5.487021077115049e-14
0.000000000000000e+00
1
1
27
96
0.215586470894667947897507806773e0 0.113131196398018886747642483725e0
-0.248428644516156419874479751944e-17 0.117800068863196562627265380194e-17
-0.167235821307152839729752615667e1 -0.935768475604015269367322974197e0
0.243104655881952050236075544778e-17 -0.684635291157208047345247153456e-18
0.107776895998300517830751163942e-17 -0.136658856524664142956834967463e-17
-0.159835432434305635114064474231e-17 0.384450755648550344473891308275e-18
0.558775622211470014769374528926e-18 0.332580165834453387978453695855e-18
0.215586470894667908755531005668e0 0.113131196398018981804117433289e0
0.215586470894667767732432120620e0 0.113131196398018910951243470491e0
0.215586470894667981094624700740e0 0.113131196398018968772306893672e0
0.215586470894668007912897919316e0 0.113131196398019100250273628579e0
0.215586470894667905656980779954e0 0.113131196398019026642152559210e0
0.172316258929561835903692754810e-15 -0.395922394432198997491085134417e-15
2.96640684842278e-17
1.961761694196870e+28
3.99820357723198e-21
9.76562500000000e-5
6.00078882350713e-12
1.562500000000000e-03
1
1
28
52
-1.054351244012598e-02 1.686578735510976e-01
-5.912967788871468e-02 -2.553146070032613e-03
-4.311061963653189e-04 -3.418736939041925e-01
2.543847286603905e-01 -4.796478993188562e-02
1.746885488007170e-01 7.729367133927598e-01
-2.784652889303059e-01 -3.343788007552015e-01
-3.240027217205723e-01 -6.234206272981029e-01
-3.673458283458170e-02 4.952287541264216e-02
2.663449029893889e-01 4.374376596185364e-01
-1.227493310095958e-03 6.921461664897875e-04
1.348023918142821e-01 3.391671357198655e-01
3.529274437901552e-04 -5.128743333152167e-04
-2.461766953166881e-01 -2.642597122533067e-02
1.241267076623637e-16
3.614630226719417e+04
2.734060488177634e-15
2.441406250000000e-05
4.057203825056646e-15
0.000000000000000e+00
1
1
29
52
1.421806532448785e-01 2.586673480735255e-01
8.016761360285569e-02 1.818256807408827e-01
1.205874728365162e-01 -5.308871755583851e-02
1.189511934352122e-02 -1.562104001470573e-02
-2.964793813687336e-01 6.914559857390182e-01
1.479320017895526e-01 -6.041341064841199e-01
4.940492510353474e-02 -2.064799847479753e-01
9.791552605184120e-02 2.082773038130035e-01
3.678256616059392e-01 2.468044941427861e-01
5.297722937997418e-02 1.687089730686780e-01
2.767930297526213e-01 2.456531331600933e-01
1.064571344950878e-01 1.724854417631408e-01
-1.326377889942170e-01 1.445826106149168e-01
2.482534153247273e-16
1.916916304046304e+03
6.904367027813920e-16
9.765625000000001e-05
3.318049121285857e-14
0.000000000000000e+00
1
1
30
52
-9.669107464958899e-03 -1.916733662545946e-01
7.168936081302779e-02 3.201154475637506e-02
-3.298520682975970e-02 2.119594739872614e-02
1.818127460710292e-01 1.974235715790432e-01
8.547864354339504e-02 4.896729350392593e-01
-2.683810939690566e-02 -4.530465591037952e-01
-4.234726291040132e-01 -2.435162387790650e-01
3.343998934680077e-02 -5.647763887451066e-02
-6.635817527055057e-02 5.066988375566937e-02
3.249460940461140e-01 -2.583638866542587e-01
3.716453828986432e-02 7.513491070923797e-02
-1.609229448273717e-02 4.071905706403028e-02
-2.342474046315084e-01 -5.765153050583990e-01
1.989437424840053e-16
1.901384153647797e+04
4.328318695283458e-16
9.765625000000001e-05
4.429801172202452e-14
0.000000000000000e+00
1
1
31
52
2.648891235016118e-01 -1.268829758303798e-01
-1.559624814706830e-01 1.514532044285992e-02
-1.726937012919483e-01 -1.249442403453862e-02
4.025014287283127e-01 2.198535885234704e-01
-3.857073165801833e-01 6.960660778687257e-01
-2.509713840674519e-02 -6.625430752325895e-01
2.243535932101986e-01 -3.042072951797982e-01
3.096228033405682e-01 -4.232359019929898e-02
-2.436136075338598e-03 -5.978986611581603e-02
4.395206882058315e-01 -2.122203994973451e-02
1.124904318588119e-01 -4.657731761646104e-02
2.822247267558043e-01 1.200000822012885e-02
1.328433305820432e-01 -3.014320330787406e-01
2.220446049250313e-16
4.087594598766179e+03
1.380177489638540e-15
9.765625000000001e-05
4.182161118586469e-13
0.000000000000000e+00
1
1
-1

2 0
2 13
0 0
4680840154640525714173414395471526650034911114539869742921671694697713395456156083995465318761091311538578748676385040568155221873880685609382329107892227180224018863684637390740785453939390614174123441292000832876214311174963128977989447534107904062212861247065886008412078167732852283271625889746388106487281/10000000000000000000000000000000000000000000000000000000000000000000000000000000000000000000000000000000000000000000000000000000000000000000000000000000000000000000000000000000000000000000000000000000000000000000000000000000000000000000000000000000000000000000000000000000000000000000000000000000000000000000000 7990070419121262618092468597796661810709364507874936989018261182882660184961751959268439253891513857321186963135094293215551421301019418230559256224928401013096246159947099788549996993243959454388533244301065746616640936328696663405919422583721818664547878611591069727560538012251449583174204967294625679307201/10000000000000000000000000000000000000000000000000000000000000000000000000000000000000000000000000000000000000000000000000000000000000000000000000000000000000000000000000000000000000000000000000000000000000000000000000000000000000000000000000000000000000000000000000000000000000000000000000000000000000000000000
-4553801024397587968716180897539462771728004181356504444292109233300633057801550852360031250662920327816853140343619810385495795522683347994583330782247412430934360011551866371707961503811804060507011862800045221226407871388879627166287260384680384668182990588798474321572807765317710592486581651952285238385859/10000000000000000000000000000000000000000000000000000000000000000000000000000000000000000000000000000000000000000000000000000000000000000000000000000000000000000000000000000000000000000000000000000000000000000000000000000000000000000000000000000000000000000000000000000000000000000000000000000000000000000000000 2548080554451328978118788070333503662760211843642673367127209714397023262266201075739801823241552607813851083615123879265268566730082703227552813110763658468792997533347686582384135899403501133540232469906574372880813867023797012144887042649827103226272014785464426822135165897520197074238037833609189235400973/10000000000000000000000000000000000000000000000000000000000000000000000000000000000000000000000000000000000000000000000000000000000000000000000000000000000000000000000000000000000000000000000000000000000000000000000000000000000000000000000000000000000000000000000000000000000000000000000000000000000000000000000
6159248423250204919353873746969284388570774605847637597726279976572566093211055138432052091790576268172704513522146058471256689416995197701282808339534963211323272467282548203670842635036156225415687124524713352422293097200729507243732068490740735782009487719259791707123401709912188520908809620172704628367817/10000000000000000000000000000000000000000000000000000000000000000000000000000000000000000000000000000000000000000000000000000000000000000000000000000000000000000000000000000000000000000000000000000000000000000000000000000000000000000000000000000000000000000000000000000000000000000000000000000000000000000000000 6379796851897753824458663015825410032446929247888542598029676549767480365552224012786791950114404246388601255588572355053059645394031344107495259538672648409201976936385637504804630542603432463242500834049665677134226905457920137135479366295158836522453671840995795434641435623234602875615647016906813075619747/10000000000000000000000000000000000000000000000000000000000000000000000000000000000000000000000000000000000000000000000000000000000000000000000000000000000000000000000000000000000000000000000000000000000000000000000000000000000000000000000000000000000000000000000000000000000000000000000000000000000000000000000
-267009597659223296106591147277214751207235448433978207149970645393913621296094459675759512819073192889465898738884671049174123735913957505702584588391923652165716876652310951415831223155303275284843240911696024968324275164725182804508073850327322325392913891879985380924892373374553149309446038736739243063693/625000000000000000000000000000000000000000000000000000000000000000000000000000000000000000000000000000000000000000000000000000000000000000000000000000000000000000000000000000000000000000000000000000000000000000000000000000000000000000000000000000000000000000000000000000000000000000000000000000000000000000000 -439791547389809382474080086797729148732603223017281648366758923365158119517865753123017387363461714980877561017049731199024287528460893994519900254205946175662613302338260944866827541543423598153570506867359747497897256356107836746281783515508421621122267814628052250970569613022743591318067414690304984351921/500000000000000000000000000000000000000000000000000000000000000000000000000000000000000000000000000000000000000000000000000000000000000000000000000000000000000000000000000000000000000000000000000000000000000000000000000000000000000000000000000000000000000000000000000000000000000000000000000000000000000000000
3659583865124991987059806151865240039187927532454673206726328393597526542777540930326797445056758891656484821088388695824792901317886394677180437031606692672315367109881774645846648954565220977195087800726410993392209256035023593913890878584785729188651225295166985015976293214266552346714871390679400889776423/5000000000000000000000000000000000000000000000000000000000000000000000000000000000000000000000000000000000000000000000000000000000000000000000000000000000000000000000000000000000000000000000000000000000000000000000000000000000000000000000000000000000000000000000000000000000000000000000000000000000000000000000 1616432999777163696461556819295688350930840071066201196227619809798296291180572398372012920484889660561566172230375174419741006300966018656857711317888673182527318338810596815232105398638501697390805324526478472984087440521315586465519470386877159737265466836226663448973172875525949259469741952093707704679597/2500000000000000000000000000000000000000000000000000000000000000000000000000000000000000000000000000000000000000000000000000000000000000000000000000000000000000000000000000000000000000000000000000000000000000000000000000000000000000000000000000000000000000000000000000000000000000000000000000000000000000000000
-9321820945074635438525579658061779461092656498025613288218503342052992424032464943725464736920045766282406344083577888391652898741682350622485758983883540398317583936428756938613339595442109879349652922335434989571858809435632558251851094625588009484491795964799144880611199537252570429874436103115309140246313/10000000000000000000000000000000000000000000000000000000000000000000000000000000000000000000000000000000000000000000000000000000000000000000000000000000000000000000000000000000000000000000000000000000000000000000000000000000000000000000000000000000000000000000000000000000000000000000000000000000000000000000000 -2704468991747205035335919987331373199816179345847217488200716807078637357844094325521040483322039465675808688182765824078181530433933736154437455025770841557589270024464847486258459231657624571132718388823712569275127865478319926587233523562699204226582974802368533997521018985271005595219357906099202347444287/10000000000000000000000000000000000000000000000000000000000000000000000000000000000000000000000000000000000000000000000000000000000000000000000000000000000000000000000000000000000000000000000000000000000000000000000000000000000000000000000000000000000000000000000000000000000000000000000000000000000000000000000
0 0
0 0
0 0
0 0
0 0
0 0
2396695111282148700183529562266619868638822312547679048697544862364717957289207564160831544933695817450605447206380990636384813923904901897899059806510159366877351490125933654026303186831870450242424344267479603082726214999078400750332925733203070109527440020495897863267540895530931072922146222379077701055513/2500000000000000000000000000000000000000000000000000000000000000000000000000000000000000000000000000000000000000000000000000000000000000000000000000000000000000000000000000000000000000000000000000000000000000000000000000000000000000000000000000000000000000000000000000000000000000000000000000000000000000000000 260077351655947322712762385129656916831669621783720890005753274024881027202531523131376082393507169324057176422976622323294586302504089849587762784074605684006359095932188898037304131188152366280562307824739340904576323565507277042784637043088891215316643093382940966037342880419394627341924698212409949767199/1250000000000000000000000000000000000000000000000000000000000000000000000000000000000000000000000000000000000000000000000000000000000000000000000000000000000000000000000000000000000000000000000000000000000000000000000000000000000000000000000000000000000000000000000000000000000000000000000000000000000000000000
0 0
0 0
0 0
0 0
0 0
0 0
2090365986639774192134315357770303011779827348876444303560813891783972922678465827459437184702131562373383653010607586127131183863067446689966337790586415410217099580378409821269892156547467430160697446735755539331320216163436717477755533282866605110167674116068446937105365990207794221816784733896132876123187/10000000000000000000000000000000000000000000000000000000000000000000000000000000000000000000000000000000000000000000000000000000000000000000000000000000000000000000000000000000000000000000000000000000000000000000000000000000000000000000000000000000000000000000000000000000000000000000000000000000000000000000000 -836723351001114826938627641320065817698871098465381240953057172550752734019785598331611239851726239451514860238536831293384935035647217281358942243249832855373479613641414933293257501636109030411900584568763569287612329250115812035477691535902478971040774843279781037023963560206942240451594617738997562468569/2500000000000000000000000000000000000000000000000000000000000000000000000000000000000000000000000000000000000000000000000000000000000000000000000000000000000000000000000000000000000000000000000000000000000000000000000000000000000000000000000000000000000000000000000000000000000000000000000000000000000000000000
474083933761508188026125400232619299373419779281112237862648105454554940905043840718196036685195747044477953246663676568964698219317342460135111206639417180265448168151202942169400210129131426152859329600850838377742531077620572551895002868582057496995194750859812124498495501054799375604219016399379031016277/2000000000000000000000000000000000000000000000000000000000000000000000000000000000000000000000000000000000000000000000000000000000000000000000000000000000000000000000000000000000000000000000000000000000000000000000000000000000000000000000000000000000000000000000000000000000000000000000000000000000000000000000 -9044776791941473822334139603666106418897299827031993905733046082466646446197356579752931595548424018724528212752520855999538489057223338127064880220974292984415575665843205260738714566873294810095836762782062907069876359461671189356710211639457658907558732750151801231613651423065343515713472710755464564653741/10000000000000000000000000000000000000000000000000000000000000000000000000000000000000000000000000000000000000000000000000000000000000000000000000000000000000000000000000000000000000000000000000000000000000000000000000000000000000000000000000000000000000000000000000000000000000000000000000000000000000000000000
9849107596497809297274756976664635490034330171898870514376630511738875934937982691685542918064400492121243179689590459647358872893106795537864835550630677745847033076112317453647473514223734105317258660406191384944875691499356804110506915403257986745743666358241989006001017754665406719653971897311900207420257/10000000000000000000000000000000000000000000000000000000000000000000000000000000000000000000000000000000000000000000000000000000000000000000000000000000000000000000000000000000000000000000000000000000000000000000000000000000000000000000000000000000000000000000000000000000000000000000000000000000000000000000000 2256916072007225106771332164294782923654043089626196682610813934039906767269229168765341565225637360987307312401848420620031778409783505154991459355312944508558443990206196086957700403904694040983808104330206261142624723424998538031919621354748235059458438082322526213559619592468937070128665207825826533227587/10000000000000000000000000000000000000000000000000000000000000000000000000000000000000000000000000000000000000000000000000000000000000000000000000000000000000000000000000000000000000000000000000000000000000000000000000000000000000000000000000000000000000000000000000000000000000000000000000000000000000000000000
5799744485819359490307289765690695933833694495138493987100492644414135053559937478685616976925172589453309979399973060481183665090277887463020673813628048715668172798221105179754927706433473355246912415120460346956891858199052187321567173005429495998771004105024053775561569708718082073623704937157083394657583/10000000000000000000000000000000000000000000000000000000000000000000000000000000000000000000000000000000000000000000000000000000000000000000000000000000000000000000000000000000000000000000000000000000000000000000000000000000000000000000000000000000000000000000000000000000000000000000000000000000000000000000000 -9187658558561755871183382301157012919757384420969142150444258950616964507784451361078488815526020041399869341318433982356097469012142701918254162142306309788663597609043568158985705138919997604853635491216420798302413711688648974472160637160468072910659883755466872645881440450126063080525249702641701321250379/10000000000000000000000000000000000000000000000000000000000000000000000000000000000000000000000000000000000000000000000000000000000000000000000000000000000000000000000000000000000000000000000000000000000000000000000000000000000000000000000000000000000000000000000000000000000000000000000000000000000000000000000
3336702610286441767766889109324925270796834996553095943531505821298639176495775818432703795190873361070541953704190026365531459138565081157891646707574683045404009901733659376899669769969993655212983418147073829365381970981229017758972555752743952039207828643963416639864120738536760638968474686233468460954699/5000000000000000000000000000000000000000000000000000000000000000000000000000000000000000000000000000000000000000000000000000000000000000000000000000000000000000000000000000000000000000000000000000000000000000000000000000000000000000000000000000000000000000000000000000000000000000000000000000000000000000000000 -1843641396437269234506149057960665412926558357244161231619716507976113761521719303337085858670968035057545742056119739803837096824286088228594508769195342866341586949686393208553704270725513588658738068997301955393652134357482848338054903826079903939309528321819539439995871263260419969782752007073812730310249/10000000000000000000000000000000000000000000000000000000000000000000000000000000000000000000000000000000000000000000000000000000000000000000000000000000000000000000000000000000000000000000000000000000000000000000000000000000000000000000000000000000000000000000000000000000000000000000000000000000000000000000000
-7079909527014370661994723207585508073442848734658777606397443867305893435228555786985596001006531767056729104911550816088189438761030936978967088875885071847758132027387454922843479191058872194039986908274467993200047053744801808041226552458138613489587501504419079110834787288285394971178265427725478363721163/10000000000000000000000000000000000000000000000000000000000000000000000000000000000000000000000000000000000000000000000000000000000000000000000000000000000000000000000000000000000000000000000000000000000000000000000000000000000000000000000000000000000000000000000000000000000000000000000000000000000000000000000 1108901489509118302051899229455195708637807568667737494827459766971133477883183432732526854905113752921946994726453741204652644648628232347441387682850919075395765010101100415455313934213312702449975626532638767616946403521122214772069197289526283760351269471332175983639016446819323772705179003489800831790083/2000000000000000000000000000000000000000000000000000000000000000000000000000000000000000000000000000000000000000000000000000000000000000000000000000000000000000000000000000000000000000000000000000000000000000000000000000000000000000000000000000000000000000000000000000000000000000000000000000000000000000000000

-1
-6435071258387113346975863606530657895194633552178639399415082621267482858547238053224136722547322665749707720356949204709361098975644702527614025031181454252137563136820925721325511872176695493991754895157888351385815755952325905884564202862026888165708106695406342437499844490801106744297377495612084985302947/10000000000000000000000000000000000000000000000000000000000000000000000000000000000000000000000000000000000000000000000000000000000000000000000000000000000000000000000000000000000000000000000000000000000000000000000000000000000000000000000000000000000000000000000000000000000000000000000000000000000000000000000 -3877979792632627123612145720925606752384802530696068148331919124999049047315520938938560421595574412889946811503949946962742613281023960512624398582586697420680060070955451498397339512580253667086498362582690834570139089273998223658064941554716794956377236517402984824022622911566772359095357974214507838704571/5000000000000000000000000000000000000000000000000000000000000000000000000000000000000000000000000000000000000000000000000000000000000000000000000000000000000000000000000000000000000000000000000000000000000000000000000000000000000000000000000000000000000000000000000000000000000000000000000000000000000000000000
0 0

0 0

0 0

