32

0
-9.135105893363499e-01 3.897189589686377e-01
7.321231157897012e-03 -2.900356144208243e-01
1.000000000000000e+00 0.000000000000000e+00
-2.100361514785501e-01 -5.244271864440883e-01
-1.740114517902011e-02 -2.251610613863857e-01
4.129945822539520e-01 6.956489506115163e-02
9.934717163318534e-01 -1.466860398509993e-01
7.229466604509279e-01 1.594072643945049e-02
8.610344818159590e-01 2.233328016634840e-01
6.829970616420468e-01 -8.479600251309974e-02
1.041447655219049e+00 -2.386612483366164e-01
5.149322674057496e-01 2.164534462589541e-01

1
7.752320984915047e-02 -5.253241877729910e-02
-2.794633354235914e-02 -7.187595412588143e-03
-7.413274139234656e-03 -2.513913395315010e-01
1.000000000000000e+00 0.000000000000000e+00
-4.623389645751499e-01 3.878880292072093e-02
-6.848463828698642e-01 4.110085542945767e-01
1.543945220251153e-01 5.918449314999284e-02
2.948869021874968e+00 -1.508621252362521e+00
-4.029998530551378e-02 -1.245798918903967e-01
2.165104223007114e+00 -7.278035646297485e-01
-1.650659187861064e-01 -2.497461753905043e-01
-2.383356501547784e-01 1.458800245602764e+00

2
-5.020094884442905e-02 9.593339946589317e-02
-7.293443937810033e-02 -9.725330529631082e-02
-5.759499150459573e-01 3.931687287698890e-01
-8.293568421781291e-01 -1.431938447154371e-01
1.000000000000000e+00 0.000000000000000e+00
4.332349525433477e-01 -4.941857678605984e-01
4.450586016442986e-01 3.225436237528205e-01
-2.528278624782134e-01 -5.043664131944861e-01
1.297938942822895e+00 1.556818175624114e+00
-2.272678551647473e-01 5.096909658279738e-02
-1.531997897235362e-02 1.725408141593077e-01
2.619573183497583e+00 -1.011724557491421e+00

3
2.684042612638746e-01 -2.347385328566002e-01
3.289218053524982e-02 2.317030344608837e-02
1.060033900033460e-01 -5.301534458914966e-01
1.000000000000000e+00 0.000000000000000e+00
-4.697068791751163e-01 2.849631534685521e-01
-7.909107673943965e-01 5.611476964148454e-01
8.620385024438166e-01 -1.134049127990549e+00
-1.903334156879965e+00 3.525435564113355e-01
1.870052490405416e-01 2.334138531874658e+00
-2.154400657311107e+00 -4.344712575826448e-01
1.144779903330141e+00 -1.908589136487632e+00
5.073985800025510e+00 1.071996627844958e+00

4
-4.757585328486490e-01 4.387534365332282e-02
-7.426923981431579e-04 1.266921697630469e-02
1.659133812502690e-01 -3.022102917966162e-02
-8.306204832009518e-01 1.299927150618542e-01
1.000000000000000e+00 0.000000000000000e+00
-4.392234714911480e-01 -1.444409847816658e-02
-1.150792532705912e+00 6.843430328359131e-01
5.249456723249432e+00 -2.911883259764008e+00
-2.605614533199679e-01 -3.079466697968088e-02
3.631819549884578e+00 -7.447787458111637e-01
-2.266982948925284e+00 1.849182217636441e-01
-5.333387416791723e-01 1.156974801629176e+00

5
-1.406958099537683e-01 4.458858951814067e-02
-4.096522316935181e-04 1.312106868557306e-03
-9.053172873787931e-02 -1.443306705214971e-01
-8.186379885453258e-01 2.956247808305723e-03
1.000000000000000e+00 0.000000000000000e+00
-2.354256775681720e-01 3.052967944656954e-01
-1.898381537499497e+00 6.805073930806926e-01
6.228006612249017e+00 -2.544807192090428e+00
7.715020313406777e-03 1.860517109957122e-01
3.961768086702974e+00 -1.066871396077481e-02
-3.381837711327211e+00 -8.507918932237796e-02
-2.295593100765278e-01 1.982193847093648e-01

6
-1.122273799768700e-01 9.321084503690177e-03
-1.938067954573846e-02 -2.747032948521148e-02
-5.612576693419750e-01 3.398994313343208e-01
-4.602771180622313e-01 -5.242234470292285e-01
1.000000000000000e+00 0.000000000000000e+00
1.156345298684942e-01 2.991499894010354e-01
9.765006235608646e-01 -4.955493930707250e-01
5.010372956718331e-02 7.612041907626238e-02
5.477427856145792e-01 7.633200994858140e-01
-8.415570500651445e-02 -2.672827725482518e-01
1.136215097883858e+00 -8.066112338335738e-01
1.754049815832233e+00 6.974725301609266e-01

7
-1.831983049035705e-01 7.971636374739981e-02
-4.684746306519914e-03 -2.383518987309582e-02
1.633056882277730e-02 1.480148170160843e-01
-6.901312627286224e-01 -2.625960155669266e-01
6.688203692066284e-02 -7.406869053200722e-03
1.000000000000000e+00 0.000000000000000e+00
2.787494556165732e-01 -7.060348637110124e-02
8.851212804806663e-01 1.301500636379041e+00
1.950356262485037e+00 8.417465016570724e-01
3.664816111699645e-01 1.436299316629003e+00
-1.341587694522698e-01 -3.718699248705585e-01
1.434516186588794e+00 -2.284098364501943e+00

8
-2.563583499476317e-01 6.596774331237107e-03
3.738408063203544e-02 -2.874886446077884e-02
1.088916619015314e-01 2.977906337439466e-01
-8.944710519366863e-01 -5.237563401272033e-02
2.072397509874774e-01 -2.817450872882846e-01
1.000000000000000e+00 0.000000000000000e+00
4.479965212842755e-01 5.947356296196746e-02
1.114565303069359e+00 1.008683193284813e+00
1.854332087107144e+00 4.830389207071456e-01
7.465286805208300e-01 1.188293656795411e+00
9.055988016207654e-02 -1.016293489664181e-01
7.184976770483851e-01 -1.955952790036314e+00

9
-0.141119191771442985045619447741e-18 0.923712071000612149848516220439e-18
0.100000000000000000000000000000e1 0.000000000000000000000000000000e0
-0.433060109721950325371291064985e-18 -0.819989095066309913239904015691e-18
-0.171955222881617950082908180400e-17 0.546913520048459534464257481767e-18
0.257719728346743844120284070412e-17 0.125014904116878771233169942349e-18
-0.251303533671961628676294587708e-18 -0.241810818422001300113349319508e-18
0.100000000000000011246661313423e1 0.100063622561943913654989421472e-14
0.999999999999998231195580460696e0 0.180969921855820320714509960061e-14
0.100000000000000174747260834171e1 0.494896508178832610607005392858e-15
0.100000000000000019156919521330e1 0.193032319054503779947463397513e-14
0.100000000000000005026544393899e1 0.151912183541456907187418964583e-14
-0.159238781851153907651083092447e-15 -0.453392487686742570913945332888e-14

10
0.967634223669073771416765695163e-17 -0.229761271181124128188939715669e-17
0.100000000000000000000000000000e1 0.000000000000000000000000000000e0
-0.881062683905449523509818321433e-17 -0.116262128948204982211678084098e-16
0.110153475596408314643679079543e-17 0.144509532410999938737691775393e-16
0.934279478733656352168189731796e-17 0.216503193425904852465781636761e-16
-0.163567558370197716260536288492e-16 -0.174769172363452116628280110328e-16
0.100000000000000052247490395576e1 -0.285005445830781271806868331447e-15
0.999999999999999558325458560637e0 -0.719324891024663192396832269313e-15
0.999999999999998297476934326407e0 -0.245197495019614018613001585417e-15
0.100000000000000082887351671096e1 -0.103109630439541740252587848705e-14
0.100000000000000129771498148789e1 -0.241422936722630185040118833378e-15
-0.565753256354999711224387905561e-15 0.190659371312328245095449258440e-14

11
1.700125996072242e-01 3.240157905939148e-02
1.150267759698285e-02 -1.332390993179479e-02
-5.576496664868108e-01 6.048829846876151e-01
-7.989925276595857e-01 -4.589429795684206e-01
1.000000000000000e+00 0.000000000000000e+00
2.712551243785509e-01 -2.028773029689502e-01
-7.608876158345665e-01 1.222959281979939e+00
3.709304600320296e-01 -1.651071530824227e+00
1.773665905107886e+00 2.603979224695504e+00
3.302471534543882e-02 3.322118400490122e-01
-2.166836563677314e+00 1.003642658131314e+00
3.871746552617343e+00 -2.623610971229478e+00

12
-1.787636074606504e-01 4.556583013148743e-01
-1.790333619176238e-02 -6.367680529986512e-02
2.043750352732462e-01 6.255857712159424e-02
-8.202471983325975e-01 4.549905662752954e-01
1.182384225450874e-01 -9.824531629007773e-01
1.000000000000000e+00 0.000000000000000e+00
5.330547131978616e-01 -2.640420421039365e-01
1.278775230585851e+00 -6.325211124401739e-01
2.854019955266476e-01 5.104122394489760e-01
8.068309804781970e-01 -4.447526820906498e-01
4.430380930562270e-01 -6.188609338697271e-01
1.133228008990452e+00 9.755632520579189e-01

13
1.843874581976541e-01 -5.569150772528709e-02
-1.820011680903645e-02 4.078361693473889e-02
-1.415383750533922e-01 -3.562105672560319e-01
1.000000000000000e+00 0.000000000000000e+00
-4.225360251450205e-01 2.619168790931837e-01
-7.807167794688381e-01 2.084397403804918e-01
3.193061428936833e-01 1.308599842238710e-01
7.321755054722865e-01 -8.754623626828681e-01
7.117646529246356e-01 1.111702532267644e+00
4.272235485324175e-01 -2.928740470123282e-01
-6.592088806728535e-02 -1.445190988713536e-01
1.954092934433882e+00 3.293431088970278e-02

14
-0.551261205230669754814e-17 -0.187051578462834833096e-17
0.100000000000000000000e1 0.000000000000000000000e0
0.146570387678360032395e-14 0.200397158607066085646e-14
0.207168912406613203850e-14 0.953060965471986018483e-14
-0.161659389588706904234e-14 -0.843424929751495803666e-14
-0.616289699784669345966e-15 -0.209541408716219379670e-14
0.999999999996215851062e0 -0.137569193233225139927e-11
0.999999999984357523699e0 -0.756675456884195463125e-11
0.999999999995541441966e0 0.166191260785649580489e-10
0.999999999983830409594e0 -0.561903824793270889604e-11
0.999999999994524638408e0 -0.477591227741706869647e-11
0.317983989722127840132e-10 0.417640768042113264230e-11

15
-0.188112831935889545566268200888e-17 0.436311431991861007178688707696e-17
0.100000000000000000000000000000e1 0.000000000000000000000000000000e0
0.507126772793698179530026649357e-17 -0.326154376341996295650154969360e-17
-0.628052082042619404268671283980e-17 0.606081727178214478781804560737e-17
-0.101412835370028175614992123365e-17 -0.162343982422094673346334107121e-17
0.399109769496062733826375662745e-17 -0.456049215961254320025889288532e-17
0.999999999999999227203577755150e0 0.392245629782937044856794811302e-15
0.999999999999999954423352331100e0 -0.682503905007149874138075118025e-15
0.999999999999999457559188399019e0 0.926248836963077035819570079250e-15
0.100000000000000070324044698599e1 0.799173047102604782238477945630e-16
0.999999999999998968585764850957e0 0.125991824344857298482953787371e-15
0.118237033994014173705674784199e-14 -0.842660458242453944441774110265e-15

16
0.396801655446348005496775903028e-17 0.844886233140780672024194589629e-17
0.100000000000000000000000000000e1 0.000000000000000000000000000000e0
-0.522602724718712550564719677978e-17 -0.408718806683538639054156147067e-17
-0.233487380131488154599243141310e-16 0.772652685041376682222993125776e-17
0.196967013554218927827009613261e-16 -0.681472111378743611129567650182e-17
0.679568449287678959730366392798e-17 -0.919971360874060887831195916136e-17
0.100000000000000008549252310700e1 0.131160189624328177197916743373e-15
0.999999999999999993757084821058e0 0.999379393684695324651133249933e-15
0.100000000000000009116299780611e1 -0.338077363896670585394965881047e-15
0.100000000000000112740944579703e1 0.887280812921352643313111201352e-15
0.100000000000000041183873793611e1 0.244811930366142468321541222200e-15
-0.108852046073756481313498956898e-14 -0.154245223747538103261718452880e-14

17
6.458467708228559e-03 5.760876411233019e-02
-1.553143751330963e-01 -1.539405403853413e-01
-7.295666767127983e-01 3.480293809509308e-01
-4.846618306918384e-01 -1.608786462445125e-01
1.000000000000000e+00 0.000000000000000e+00
1.163681796813033e-01 -3.840133365344494e-01
4.759043286146311e-01 5.877733540800716e-01
-2.370256114473241e-01 -6.570068921334676e-01
1.516414115420052e+00 1.477890511316774e+00
-4.729520469963311e-02 7.752596847067460e-02
-7.569234061630435e-02 5.848686021776361e-01
2.297755012835433e+00 -1.365513579428700e+00

18
-2.836349170651424e-01 1.101229401547000e-01
3.694608819334919e-02 -2.929071164226204e-02
6.681733119620491e-02 -8.821730070612550e-02
-7.253964231823542e-01 1.053639581680857e-01
1.000000000000000e+00 0.000000000000000e+00
-1.637659453197154e-01 1.128105492851144e-01
1.262691548931191e+00 -3.483887350962650e-01
3.244141928555812e-01 -4.994696316108923e-01
2.521858045845922e-01 2.573153317117772e-01
4.255550956696830e-01 -8.042999512671254e-01
1.546772968298214e+00 -4.692545144359384e-01
7.868653846914831e-01 1.482129480667455e+00

19
4.735793084922385e-02 7.622182570382254e-01
2.593134460858881e-03 -5.394394475799289e-03
-4.636312998608081e-01 -4.812917939399359e-01
1.000000000000000e+00 0.000000000000000e+00
-5.503474318022381e-01 -4.988682310865061e-01
3.761204538876853e-01 5.412985839837425e-01
-2.296068790784111e+00 3.326701873313394e-01
4.386500495467576e+00 -1.596184158824468e+00
5.104322484487294e-01 1.904012493335300e+00
1.942496188357022e+00 7.315049633611110e-01
-3.957696543836471e+00 -8.335174624835235e-01
3.074759494475848e+00 -1.184914746926516e+00

20
-2.177126385248644e-01 -3.008510784088201e-01
2.221978237269040e-01 1.401936772705968e-01
7.368917371767996e-01 8.971634392022843e-02
-8.869323478354640e-01 -1.882530973226730e-01
-5.617889626120992e-01 2.208409003374394e-01
1.000000000000000e+00 0.000000000000000e+00
8.398950528460796e-01 7.196265319720099e-01
9.156837512940207e-02 -6.084121689480527e-02
1.989276072186863e+00 7.050259588147869e-01
5.206399218814868e-01 4.770236829973450e-01
4.085215607565021e-01 9.838537536864425e-01
7.694931739113313e-01 -1.936926886691537e+00

21
1.364667840525162e-01 -1.861042242880055e-02
-1.181278698831562e-01 4.121605109642763e-02
-2.435792402343983e-01 -4.475253419418690e-01
1.000000000000000e+00 0.000000000000000e+00
-4.077161005914640e-01 2.639377044249108e-01
-5.847098160363324e-01 1.691603055852644e-01
2.546307054278926e-01 4.421009810489039e-01
2.722225279595971e-01 -9.509186937813059e-01
1.112677310472370e+00 1.462805107763935e+00
1.676111821228790e-01 -1.321024985795668e-01
-3.152925883685246e-01 2.778562599439413e-01
2.376042893141321e+00 -7.569257467119979e-01

22
2.531160380369135e-01 2.002004311565278e-01
2.333721538942961e-01 1.226348108560987e-01
6.153483144956662e-02 -6.269424542186763e-01
1.000000000000000e+00 0.000000000000000e+00
-8.987055566228128e-01 4.348311430821818e-01
-5.528292779688007e-01 -1.062322426940635e-01
9.444919940710041e-01 2.336603167756073e-01
3.113188322670384e-01 -4.060812795818987e-01
1.100961264347342e+00 5.492111495983933e-01
5.201865482374647e-01 -1.785266646270425e-01
8.039821895021411e-01 2.837482444336270e-01
8.682538534515643e-01 -2.555640669860010e-01

23
2.870430663673625e-01 -8.617251218921312e-01
1.840385314154843e-01 4.627039957225809e-01
-5.475255015665420e-01 5.573450809110687e-01
1.000000000000000e+00 0.000000000000000e+00
-1.284425329548925e-01 1.446430290510662e-01
-5.606358675262241e-01 4.871991328024772e-01
7.870258070512640e-01 -6.474372849857418e-02
1.052216324353715e+00 -2.801163441332612e-01
7.579745200872621e-01 2.735827094905571e-01
8.785699660176969e-01 -1.617091261553140e-01
7.183021025702081e-01 -2.004233073059943e-01
5.512399161181969e-01 2.901065614152858e-01

24
-1.152163499946020e-01 -3.167997700449149e-02
-2.301346740656692e-02 -5.953176359549323e-03
1.148960318233812e-01 -5.026184808567693e-01
1.000000000000000e+00 0.000000000000000e+00
-8.514577343970426e-01 1.582597387741933e-01
-2.616947389047037e-01 3.859557801484053e-01
-3.307887014452961e-01 1.645409693392949e+00
-7.123284541605440e-01 -1.959232229449296e+00
2.136888741908944e+00 2.774307589423028e+00
-3.661800849681404e-01 8.656781623613012e-02
-1.724987376665853e+00 1.772012362718187e+00
3.945063275826024e+00 -3.024344845559940e+00

25
-2.143525352282478e-01 5.122090739666824e-01
-7.600406552192067e-02 2.719166669703588e-02
1.776816902382242e-02 3.154559170826566e-01
-5.913558868130845e-01 6.426486829268205e-02
2.990910887629451e-02 -6.722537854216218e-01
1.000000000000000e+00 0.000000000000000e+00
-2.643409523911475e-01 -7.734858453650738e-01
-9.234013874663904e-02 1.735610153122361e+00
1.581627757798622e+00 2.268049782976960e+00
-1.197273465542475e+00 1.615837197339133e+00
-7.181280831245875e-01 -1.706602968392319e+00
4.482393381932272e+00 -2.136040827907588e+00

26
-2.879220502461179e-03 -1.293255933373466e-01
1.681896718718529e-01 5.083201603767282e-02
6.535351956779567e-04 1.579893036839513e-01
-7.659052944254640e-01 -3.971034396986781e-01
7.940072665061000e-02 1.352486559330924e-01
1.000000000000000e+00 0.000000000000000e+00
-7.103220856763029e-02 1.142044764340115e-02
-2.216436217076546e-02 -1.522267481567934e-02
1.311951515131168e+00 2.040782456626290e+00
-5.463239115273055e-01 5.458265809266812e-01
-6.804219073845902e-01 -4.950412633547142e-01
3.648985514649099e+00 -1.421014698605747e+00

27
0.831130551104038687029072200481e-18 -0.116945427252365090555692290981e-17
0.100000000000000000000000000000e1 0.000000000000000000000000000000e0
-0.932599643762175778872518470283e-18 0.931219535370427437703747137690e-18
-0.142576764499402355986825745697e-18 0.896941453747411391939575498770e-18
0.629897606493153401222264881869e-18 -0.582344781788452988702248609227e-18
-0.339199405419396074332378335371e-18 -0.906986026127646091670399723259e-20
0.100000000000000003906074153158e1 0.420422887168024955840454524540e-15
0.999999999999999390936427365205e0 0.431880958276288487833145844448e-15
0.100000000000000027728497017238e1 0.234964113383096478658529707543e-15
0.100000000000000062575397856531e1 0.661963314797557393852043882941e-15
0.100000000000000011336671076365e1 0.589411747071875254688208014589e-15
-0.128923932235868522290425377753e-15 -0.176883583720025356343766243039e-14

28
-1.959192896310814e-02 7.207212606763001e-02
-4.209303215180361e-01 -9.457514379795581e-02
1.172766020530321e-02 -3.264640381884361e-01
1.000000000000000e+00 0.000000000000000e+00
-4.890511862646266e-01 2.497405590493424e-01
-8.574991836994731e-01 2.253838260025698e-01
3.060490721856202e-01 1.986729106041521e-01
2.485204310790267e+00 -1.734562872143818e+00
4.541079538940708e-03 6.994125780485145e-03
1.953377899082080e+00 -9.213791963672595e-01
-3.159383485657749e-03 -1.895057953574644e-03
-6.518206642575071e-02 1.463696523898896e+00

29
1.801313721590694e-01 -1.931762167665914e-01
-1.280189946549637e-01 -1.195050476126097e-01
-2.531383493326112e-02 -6.349050862211653e-03
1.000000000000000e+00 0.000000000000000e+00
-8.155152518147860e-01 1.357301946919370e-01
-2.781204794924087e-01 4.780067464022975e-02
7.781567209522492e-01 4.918790467680390e-02
1.333017041541554e+00 -6.892884980686675e-01
5.873440197918477e-01 1.180347162519524e-01
1.181039652751827e+00 -4.208959546966690e-01
6.858317347693738e-01 -3.458159870633287e-02
2.128029501395390e-01 6.297441585522101e-01

30
8.824085683341185e-02 -1.309989739593386e-01
3.059479482595340e-02 7.270242205262260e-02
4.541495838868206e-01 -2.920166614132393e-01
1.000000000000000e+00 0.000000000000000e+00
-9.071277149074498e-01 -1.035424536786738e-01
-6.290970063413504e-01 7.549902065040690e-01
2.851291149513914e-01 1.888469645416201e-01
-2.462641386673711e-01 -3.586274454051498e-01
1.259212692270898e+00 1.758833600496858e+00
-4.007558822773662e-01 1.736787288051923e-01
-2.076760726263745e-01 -9.443323869431082e-02
3.061660216467111e+00 -1.067669895803236e+00

31
1.116381758860772e-01 1.622012964163591e-01
9.144841367691420e-02 1.974257666281909e-01
-3.497864302824061e-03 -5.763134990037023e-01
1.000000000000000e+00 0.000000000000000e+00
-7.129468024675125e-01 4.311170246505046e-01
-4.710145390329457e-01 -6.131578688654082e-02
1.012986863529539e+00 3.254463466933823e-01
8.046098597873479e-02 -1.871754344654548e-01
1.380817521839547e+00 5.813005617765981e-01
4.139238179959948e-01 2.243417207693366e-02
8.489562116667185e-01 4.519555092467186e-01
8.512709601388737e-01 -7.301932139058129e-01

