6                                                

0.396801655446348005496775903028e-17 0.844886233140780672024194589629e-17
0.100000000000000000000000000000e1 0.000000000000000000000000000000e0
-0.522602724718712550564719677978e-17 -0.408718806683538639054156147067e-17
-0.233487380131488154599243141310e-16 0.772652685041376682222993125776e-17
0.196967013554218927827009613261e-16 -0.681472111378743611129567650182e-17
0.679568449287678959730366392798e-17 -0.919971360874060887831195916136e-17
0.100000000000000008549252310700e1 0.131160189624328177197916743373e-15
0.999999999999999993757084821058e0 0.999379393684695324651133249933e-15
0.100000000000000009116299780611e1 -0.338077363896670585394965881047e-15
0.100000000000000112740944579703e1 0.887280812921352643313111201352e-15
0.100000000000000041183873793611e1 0.244811930366142468321541222200e-15
-0.108852046073756481313498956898e-14 -0.154245223747538103261718452880e-14

-0.141119191771442985045619447741e-18 0.923712071000612149848516220439e-18
0.100000000000000000000000000000e1 0.000000000000000000000000000000e0
-0.433060109721950325371291064985e-18 -0.819989095066309913239904015691e-18
-0.171955222881617950082908180400e-17 0.546913520048459534464257481767e-18
0.257719728346743844120284070412e-17 0.125014904116878771233169942349e-18
-0.251303533671961628676294587708e-18 -0.241810818422001300113349319508e-18
0.100000000000000011246661313423e1 0.100063622561943913654989421472e-14
0.999999999999998231195580460696e0 0.180969921855820320714509960061e-14
0.100000000000000174747260834171e1 0.494896508178832610607005392858e-15
0.100000000000000019156919521330e1 0.193032319054503779947463397513e-14
0.100000000000000005026544393899e1 0.151912183541456907187418964583e-14
-0.159238781851153907651083092447e-15 -0.453392487686742570913945332888e-14

0.967634223669073771416765695163e-17 -0.229761271181124128188939715669e-17
0.100000000000000000000000000000e1 0.000000000000000000000000000000e0
-0.881062683905449523509818321433e-17 -0.116262128948204982211678084098e-16
0.110153475596408314643679079543e-17 0.144509532410999938737691775393e-16
0.934279478733656352168189731796e-17 0.216503193425904852465781636761e-16
-0.163567558370197716260536288492e-16 -0.174769172363452116628280110328e-16
0.100000000000000052247490395576e1 -0.285005445830781271806868331447e-15
0.999999999999999558325458560637e0 -0.719324891024663192396832269313e-15
0.999999999999998297476934326407e0 -0.245197495019614018613001585417e-15
0.100000000000000082887351671096e1 -0.103109630439541740252587848705e-14
0.100000000000000129771498148789e1 -0.241422936722630185040118833378e-15
-0.565753256354999711224387905561e-15 0.190659371312328245095449258440e-14

-0.551261205230669754814e-17 -0.187051578462834833096e-17
0.100000000000000000000e1 0.000000000000000000000e0
0.146570387678360032395e-14 0.200397158607066085646e-14
0.207168912406613203850e-14 0.953060965471986018483e-14
-0.161659389588706904234e-14 -0.843424929751495803666e-14
-0.616289699784669345966e-15 -0.209541408716219379670e-14
0.999999999996215851062e0 -0.137569193233225139927e-11
0.999999999984357523699e0 -0.756675456884195463125e-11
0.999999999995541441966e0 0.166191260785649580489e-10
0.999999999983830409594e0 -0.561903824793270889604e-11
0.999999999994524638408e0 -0.477591227741706869647e-11
0.317983989722127840132e-10 0.417640768042113264230e-11

-0.188112831935889545566268200888e-17 0.436311431991861007178688707696e-17
0.100000000000000000000000000000e1 0.000000000000000000000000000000e0
0.507126772793698179530026649357e-17 -0.326154376341996295650154969360e-17
-0.628052082042619404268671283980e-17 0.606081727178214478781804560737e-17
-0.101412835370028175614992123365e-17 -0.162343982422094673346334107121e-17
0.399109769496062733826375662745e-17 -0.456049215961254320025889288532e-17
0.999999999999999227203577755150e0 0.392245629782937044856794811302e-15
0.999999999999999954423352331100e0 -0.682503905007149874138075118025e-15
0.999999999999999457559188399019e0 0.926248836963077035819570079250e-15
0.100000000000000070324044698599e1 0.799173047102604782238477945630e-16
0.999999999999998968585764850957e0 0.125991824344857298482953787371e-15
0.118237033994014173705674784199e-14 -0.842660458242453944441774110265e-15

0.831130551104038687029072200481e-18 -0.116945427252365090555692290981e-17
0.100000000000000000000000000000e1 0.000000000000000000000000000000e0
-0.932599643762175778872518470283e-18 0.931219535370427437703747137690e-18
-0.142576764499402355986825745697e-18 0.896941453747411391939575498770e-18
0.629897606493153401222264881869e-18 -0.582344781788452988702248609227e-18
-0.339199405419396074332378335371e-18 -0.906986026127646091670399723259e-20
0.100000000000000003906074153158e1 0.420422887168024955840454524540e-15
0.999999999999999390936427365205e0 0.431880958276288487833145844448e-15
0.100000000000000027728497017238e1 0.234964113383096478658529707543e-15
0.100000000000000062575397856531e1 0.661963314797557393852043882941e-15
0.100000000000000011336671076365e1 0.589411747071875254688208014589e-15
-0.128923932235868522290425377753e-15 -0.176883583720025356343766243039e-14

