32                                               

-2.526442127598028e-01 1.141870204078879e-01
1.646864761473470e-02 2.110768778968557e-02
-3.377691489810798e-01 3.386180020980671e-01
-5.263819219703492e-01 5.754229659530691e-02
1.000000000000000e+00 0.000000000000000e+00
-2.896549393111391e-01 -2.109508835310441e-01
-1.602703952301029e-01 1.243331194093760e+00
-3.038911628054303e-01 1.261053968415648e+00
1.207628615632478e+00 2.482486242244686e-02
-3.168433386907561e-01 -3.572598438184709e-01
1.014386560435218e+00 -3.802607502272087e-01
-9.191063244439993e-01 -1.824200910917315e+00

0.282643036596562181114e0 0.119455525852525608536e0
0.269081989133218816552e-1 0.630368173259265577190e-2
0.319704535519299937147e-2 -0.363450595591195471971e0
0.100000000000000000000e1 0.000000000000000000000e0
-0.577628102885805011306e0 0.209724798668809062584e-1
-0.423959596525390708778e0 0.459057104742663443439e0
-0.751067592752570369595e-1 0.595379820087294722426e0
0.213291149171110339978e1 0.164791336595049204108e1
0.369627183897643206672e0 -0.169039902189881507196e1
0.143182932565232106325e1 -0.434513168031706005956e0
0.150899331188847179509e1 -0.120343292894872460404e1
-0.363162245955769639560e1 -0.979896459738426739297e-1

-3.181574297218406e-01 4.250390847301977e-02
-2.770232222736737e-02 -3.035095359383479e-02
-2.966942963555192e-01 3.311368274371453e-01
-5.554242262865098e-01 -6.515139899232639e-02
1.000000000000000e+00 0.000000000000000e+00
-8.318866276367305e-02 -5.052343877062752e-02
-1.441811062964891e+00 9.887262757611244e-01
7.861342091281307e-01 4.853595302518920e-01
4.573876810140010e-01 1.007471449375943e+00
-3.442636329000938e-01 -4.572169873628918e-01
-7.488749676858812e-01 -1.306864387108874e+00
1.010584720817126e+00 -1.307418465754212e+00

3.648018775254559e-01 4.575853744506364e-03
3.405988930822505e-03 -8.215615638732949e-03
9.379852629865588e-02 -3.052444826998006e-01
1.000000000000000e+00 0.000000000000000e+00
-6.250615838063995e-01 1.145341164425745e-01
-6.915290859465925e-01 4.185237576153584e-01
8.029768067326762e-01 2.501946896210949e-01
-3.430264995884496e+00 -1.281017194291107e+00
-1.594577142365722e+00 1.447122785903219e+00
-2.798886573428082e+00 -3.737675212129107e+00
2.901622995570944e+00 -1.726627890851511e+00
2.696422089673175e+00 3.699188328006303e+00

-0.338639901532154748707e0 -0.153462507443727894281e-1
0.204176326066661047948e-2 0.585190742106152096924e-1
-0.932270864315509716668e-1 0.995185010041939617289e-1
-0.902510906195553032436e0 -0.538835599331084549586e-2
0.100000000000000000000e1 0.000000000000000000000e0
-0.556706630418969708227e-1 0.981672165617267735959e-1
-0.174037687138032137681e1 0.183444875503654136544e1
0.301780504290441753705e1 -0.185893921989209241102e1
-0.307182689978409704525e0 -0.381370724945517367919e-1
0.185722913404244477614e1 -0.166837246349002072993e1
-0.137065637165373157571e1 -0.141219373226065117156e0
-0.137502125926866397110e1 0.133032167996934943719e0

-2.204018194321046e-01 -5.457392314354947e-02
6.904535226257263e-04 1.994594890516916e-02
-1.009964723090008e-01 -3.288934510695277e-02
-8.464659742697949e-01 1.011268463117905e-01
1.000000000000000e+00 0.000000000000000e+00
-9.685586241169099e-02 2.308407479463472e-01
-2.049838939320733e+00 1.692624698295525e+00
3.009953576989154e+00 -1.520248400689127e+00
-1.948248764874506e-01 3.396182124759403e-01
1.565760326189916e+00 -1.308196038499372e+00
-1.797047940591325e+00 -4.781243247209092e-01
-6.321712991368036e-01 -3.105473426615747e-01

2.879367204303956e-01 -1.946229823695317e-02
-5.142272206384774e-02 -3.707000964352876e-02
-5.518093042250710e-02 -8.398901386063182e-01
1.000000000000000e+00 0.000000000000000e+00
-4.106819797859323e-01 5.012286831071688e-01
-3.771047314929263e-01 4.221003434809727e-01
3.363977067776978e-01 1.248515231955246e+00
-1.222518028266780e-01 7.459296008705169e-02
2.871426205473279e-01 -5.843105087105740e-01
1.896801037072010e-01 -1.616251098435708e+00
1.831857549427285e+00 -1.977843321073095e-01
-1.908146465586608e+00 2.421027770559900e-01

-7.627766121078337e-02 -2.667545394081055e-01
-4.715832430987824e-03 1.538267753708934e-02
-4.785532986205125e-02 1.980641726302324e-01
-8.853018686629339e-01 -3.781730924440013e-01
3.202103038211111e-01 2.147813087446513e-01
1.000000000000000e+00 0.000000000000000e+00
7.068978495890853e-02 3.286441972232216e-01
-1.780637621477721e+00 1.085759447043871e+00
7.455199938052280e-02 9.371990989966750e-01
-1.899847373893438e+00 -1.257434306948114e+00
1.710291759353867e+00 -1.750457193226395e+00
1.453980209122548e+00 2.306411697965175e-01

-2.194374892318839e-02 -2.214843887527482e-01
4.950387998613696e-04 -3.473274995114837e-02
5.045750215820783e-01 3.560883187948554e-01
-7.301935195409950e-01 -4.971835819884919e-02
-4.726371636299964e-01 -4.172547769206283e-01
1.000000000000000e+00 0.000000000000000e+00
-6.211823589643648e-01 1.632709385879963e+00
-1.329408865659528e-01 1.671131615180347e+00
2.038386905567020e+00 3.656997968618717e-01
-2.711647508217160e-01 4.923076382528959e-01
1.306077693637294e-01 3.855855600219708e-02
-6.461651820728997e-01 -3.635793571600233e+00

2.370584603835177e-01 1.685340058754935e-01
-1.936362493665606e-01 5.160573328133925e-01
9.326596079755042e-02 -4.357031239945738e-01
1.000000000000000e+00 0.000000000000000e+00
-9.046753700223745e-01 1.115684170120941e-01
-1.305151408036309e-01 3.025250402416131e-01
1.169312317318077e-01 1.596199637778543e+00
8.431278771831905e-01 3.283749965936266e-01
8.236533556544111e-01 -1.066852965679002e+00
1.041946239180698e+00 -1.035333619741926e+00
1.374675133934910e+00 2.922733270505116e-01
-3.086599383974042e+00 -7.981615065820949e-01

-3.751038496389237e-03 -1.475163191431975e-01
5.424319066917493e-03 -3.903971514394280e-02
5.497651103254310e-01 3.647633477692212e-01
-6.294035789616335e-01 -1.284964562458494e-01
-6.363728865020842e-01 -3.509722480371953e-01
1.000000000000000e+00 0.000000000000000e+00
-5.920468311061174e-01 1.922963139642943e+00
-6.455492726029710e-02 1.397677108587736e+00
2.199063585856538e+00 2.621439613057351e-01
-3.148217154255292e-02 4.355165046372999e-01
6.451207058709260e-02 4.857103371957235e-01
-1.022410676838854e+00 -3.878084698933480e+00

-2.294702873842985e-01 1.190062109594355e-01
-4.003873681403377e-02 3.117722566494184e-02
-2.098041321809234e-02 2.635340474261608e-01
-8.932694618244236e-01 2.712184356279648e-01
1.000000000000000e+00 0.000000000000000e+00
-8.215668820050137e-02 -3.861709941522841e-01
-1.030405436440743e+00 1.723677542860503e+00
5.020951064587069e-01 2.823366695067216e-01
1.194236526475926e+00 5.826211058254571e-01
8.333593539704481e-02 -3.822239290498421e-01
-4.427647853428364e-01 -2.879859790939557e-02
-2.464572924558850e-01 -2.319848307023265e+00

0.600145432926231071436e-2 -0.340131066616767747929e0
-0.287039958207924489221e-1 0.118177648610014752489e-1
-0.279542209648293657926e0 0.259413304794827715577e0
-0.648462922135180660978e0 -0.693418934789726604630e0
0.209823315719690698476e0 0.197131842611758379669e0
0.100000000000000000000e1 0.000000000000000000000e0
-0.194420117654398094933e0 0.454435685313421392617e0
0.203205790034226270110e1 0.528657610177115156065e0
-0.544848602682853910459e0 -0.131791781357070843879e1
0.122205907618112248375e1 -0.140655736004977977775e1
0.143547272863426073563e1 -0.152137106721188894898e1
-0.277149522973732989313e1 0.147884181598626361686e1

-1.860515779502491e-01 4.570800030952520e-02
-1.832746682204173e-02 5.312271435762531e-02
-1.337630827183636e-01 1.648657795416881e-01
-7.109398827967203e-01 2.319520486778898e-01
1.000000000000000e+00 0.000000000000000e+00
-1.937902308067783e-01 -2.287394741046779e-01
-8.126368938007364e-01 1.593284459223150e+00
7.615372282801539e-01 3.737833204689465e-01
1.025932209308317e+00 1.446836815087344e-01
3.699906738109600e-01 -5.002240798129752e-01
-4.743180855661946e-02 -1.174455215262761e-01
-9.451881496818636e-01 -1.846047617488562e+00

-2.405645304276551e-01 5.700499873687827e-02
-7.289690893835810e-02 1.994826585958044e-01
-1.962901701383623e-01 3.067961624368570e-01
-8.320898029412520e-01 -8.516835868655703e-03
1.000000000000000e+00 0.000000000000000e+00
-3.183274831141200e-02 -1.522273541599680e-01
-1.242580203411714e-01 1.324034391853180e+00
9.316003891136329e-01 7.377360559908028e-01
7.988263414778961e-01 -8.256662548497671e-01
8.037144846188258e-01 -7.341914467243158e-01
1.109739091536797e+00 -2.064452972940519e-01
-2.500234306772350e+00 -9.450988058331073e-01

1.190240335806430e-01 9.841893960637531e-02
-9.174593990868764e-03 -5.897317102137121e-04
2.703870835127714e-03 -3.872809650555603e-01
1.000000000000000e+00 0.000000000000000e+00
-7.981285364881328e-01 4.983914549738272e-02
-2.312396964067634e-01 3.073934707704967e-01
1.611339854985239e+00 1.297837212021511e+00
3.470836695027368e-02 3.186424521502859e+00
2.248760183952889e+00 -2.651003221190878e+00
1.093721591079389e+00 3.537407699058793e-01
3.618497744618126e+00 5.673350474011911e-01
-5.862219497075931e+00 -2.435235243348487e+00

2.763418437214473e-01 3.048178640863264e-01
-2.362157614412230e-01 -5.207911118118898e-02
-2.099459784422358e-02 -4.089998931301156e-01
1.000000000000000e+00 0.000000000000000e+00
-6.751975471634746e-01 -4.756497447073782e-02
-1.409849235025564e-01 5.734923762555653e-01
-3.428158338881637e-01 1.185781158194493e+00
1.624623644911916e+00 2.870475007462830e-01
2.746248692559349e-01 -9.540491399793987e-01
1.183111675668971e+00 -1.067912224284810e+00
8.859156853802580e-01 -4.990249380504007e-01
-2.623824920163208e+00 -9.824977271596702e-02

0.213038806445839530601e0 0.532209578626992151700e-1
0.314348768706804635554e-2 0.349700150948022046079e-2
0.621699227705330478692e-1 -0.575107673781950790482e0
0.100000000000000000000e1 0.000000000000000000000e0
-0.942717067610319479237e0 0.227480330690749405956e0
-0.720760993611499609421e-1 0.232040578831187886146e0
0.134083220700709423306e1 0.260684069328682121352e1
-0.166435904589378799918e1 0.112877091025391322675e1
0.270803406673771790425e1 -0.113783605336037688214e1
0.244914366265728505054e0 -0.430803110660175609390e0
0.266185073324288209821e1 0.228286964430878781059e1
-0.388932961194876568550e1 -0.347967310806335624641e1

-1.620266640853536e-01 4.885708217099162e-02
1.229186226361637e-02 2.040161350889266e-03
-3.814282961091814e-02 -6.509040067755542e-02
-8.837625041986775e-01 1.122379224289508e-01
1.000000000000000e+00 0.000000000000000e+00
-2.184583681259281e-01 -3.710252817370324e-02
2.340051798997290e-01 8.279995374209534e-01
-1.003357449730285e+00 4.486717857417387e-01
1.399737465773815e-01 1.823644179331207e-01
-8.545809669605964e-01 -1.539859207805299e+00
1.804323392276843e+00 -9.086294126347632e-01
-2.317885504647114e-01 3.333653528990799e-01

-2.821447644552646e-01 8.972267381957494e-03
2.092697902718712e-02 1.169429161969243e-01
-2.295354140735835e-01 -3.920213470179006e-01
-2.301642345416643e-01 5.624704318830798e-01
1.000000000000000e+00 0.000000000000000e+00
3.470198617444400e-01 8.839696108965353e-01
-1.856415446913390e+00 1.781420670072765e+00
2.104463379346539e+00 -1.787174181205939e+00
-1.979811712964505e-01 7.373210284269824e-01
9.825969035151534e-01 -1.602670662812584e+00
-1.565914794839773e+00 -3.115017326131587e-01
7.445481747460905e-02 -2.252418078732976e-01

-1.529956062073458e-01 3.450997904463175e-02
9.102602633917324e-03 2.981406869727855e-03
-5.988585716772598e-01 2.869779951640319e-01
-2.812007089904671e-01 -2.308013156264049e-01
1.000000000000000e+00 0.000000000000000e+00
-2.058931179226974e-01 5.617848593182096e-02
-1.216813107287548e+00 2.022286616125023e+00
6.300711547188693e-02 1.365221680665703e-01
1.550123305047732e+00 1.081609948608100e+00
-2.423769533318214e-01 -2.227661691297517e-01
-8.682306994948077e-01 3.195155076526088e-01
4.506486317938103e-01 -3.114054531960617e+00

-2.848280160748585e-01 -2.821374559782874e-02
3.686026987505728e-02 8.325072913450854e-03
-1.861937579180105e-01 2.164535202100297e-01
-7.280834179770197e-01 1.263715752526413e-01
1.000000000000000e+00 0.000000000000000e+00
7.252020271396657e-02 -8.243226492486513e-02
-1.883155840956511e+00 1.371070599069671e+00
1.838787402165529e+00 -5.781008692391749e-01
1.586449000447868e-01 8.873530194352648e-01
4.900220892160427e-01 -8.416665983000884e-01
-1.495298575111301e+00 -9.109779902978634e-01
5.525569231031657e-01 -9.597928697308038e-01

-0.406488494489116985255631684727e0 -0.144749872566687425145343055785e0
0.766778052265520921771962717376e-1 0.906480219465010516925857311191e-2
-0.337213855007343093862628061637e0 0.258808228617600519221432567432e0
-0.879888473999172591128859452135e0 -0.250160413542287838964954880437e0
0.100000000000000000000000000000e1 0.000000000000000000000000000000e0
0.409630450687304575887069263578e0 -0.506283164231956891484534401597e0
-0.889113666883703764009358670007e0 0.169479012300951591070995838467e1
0.591623666058470595470798610986e0 -0.203509564093608743033216242832e1
-0.474484144856738760770564853253e0 0.616882668044746489982774458403e0
0.292824088659826639144652171593e0 -0.242668724010638573478216350723e1
-0.104363555750263379788049472961e0 -0.103774515700638748352801983907e0
0.250679760267582135060452439583e-1 0.858068285035267686757288934992e0

1.642743126937946e-01 3.332730903318714e-02
4.216304608417860e-02 4.125519015110726e-03
1.288203299110765e-01 6.708406791104402e-02
1.000000000000000e+00 0.000000000000000e+00
-9.923776302585516e-01 -8.547488464252717e-02
6.725787542065115e-02 -1.294555650053494e-01
-9.505694322459011e-01 1.087801883697719e+00
1.066435258154520e+00 -2.434861628014962e-01
-4.093796727832736e-02 2.676662046259183e-01
2.809138280465963e-01 -1.264702141812457e+00
2.619266172833867e-03 -9.599627793743192e-01
-3.215392900286443e-01 -5.955198775911094e-03

-3.341127997833160e-01 1.987251975993068e-01
-4.490817570434097e-02 8.869579341868912e-02
-1.425866615078644e-01 -1.679564951407525e-01
-3.574626892252771e-01 4.641662102440041e-01
1.000000000000000e+00 0.000000000000000e+00
-1.576695022908922e-01 -3.497336345882353e-01
-1.033220511773592e+00 1.047565720456637e+00
2.503228082222327e-01 -1.100206718209496e-01
1.096098274102365e-01 9.250602538966544e-01
-4.849171910400314e-01 -1.154305834505392e+00
-1.460603196509631e-01 -1.089205261940878e+00
8.998786295450762e-01 -4.077977445824368e-01

5.197519628139401e-01 2.926761246648824e-01
5.375702887468518e-02 9.327437373809045e-03
-1.281781085033239e-01 -3.304203457365769e-01
1.000000000000000e+00 0.000000000000000e+00
-5.492309969496311e-01 -3.552733717648542e-01
-3.829213406498351e-01 5.914521609764211e-01
-9.446334419409746e-01 3.763595258993545e-01
-7.363070692381377e-01 1.665573156136447e+00
5.937860800527517e-01 1.409129623317504e+00
-1.665039317051743e+00 -1.649384450270598e-01
1.576311131889147e-01 -2.046140434740105e+00
2.148995528055222e+00 -1.373030583745524e+00

-1.669709399889935e-02 -4.367518174391278e-01
-4.340412517368169e-03 -9.337250956339568e-03
-1.640135873982033e-01 6.038239587797226e-02
-5.918899444496637e-01 -5.563104504094064e-01
7.831861468689669e-02 4.188277239016577e-01
1.000000000000000e+00 0.000000000000000e+00
-2.088050535326018e-01 5.288587872827699e-01
-2.348651810809612e+00 -6.844306951073817e-01
-7.805065338197525e-01 1.845957144438764e+00
-2.406387896519330e+00 -2.482823466038804e+00
1.254917210677224e+00 -1.666090325805480e+00
3.089708046876165e+00 1.579867587531604e+00

0.362472043641210565039e0 0.159670411667619458325e0
0.563299910504017903453e-1 -0.826650806671249114817e0
0.477920932204606151731e-1 -0.300266792575091101531e0
0.100000000000000000000e1 0.000000000000000000000e0
-0.884575218575000412171e0 -0.160733347191384461523e0
-0.836586101323273370535e-2 0.408818715753970004872e0
0.111746420219035018644e-1 0.164545138639652798677e1
0.794417882835010229746e0 0.200007549843403248046e0
0.821052390541606422029e0 -0.895261322027935847279e0
0.962364963802533796976e0 -0.105588873030813191166e1
0.119586959073894165460e1 0.313924569397589770095e0
-0.280646983380044477935e1 -0.868505226337778901821e0

3.604748681869233e-01 2.711463168994267e-01
-1.897931903115277e-01 -6.706590791933736e-02
-2.797753530783659e-02 -5.437083900021208e-01
1.000000000000000e+00 0.000000000000000e+00
-5.196470845327424e-01 7.085399694640124e-02
-1.456229686943286e-01 6.484427383139669e-01
-8.732629880919179e-01 1.731803451957798e+00
1.669346372301021e+00 -9.966368028323505e-01
1.603833755051244e-01 -2.719855527750017e-01
1.204599197527964e+00 -1.509495360333589e+00
-9.922214781800220e-02 5.232331524081597e-02
-1.714646198856549e+00 -2.147923332630299e-01

-1.643077059860676e-01 -1.194741460435328e-01
3.804991160217394e-02 1.161861548259033e-02
-2.320119797494913e-01 5.210769267329096e-02
-9.077133107605542e-01 -1.245718517670029e-01
1.000000000000000e+00 0.000000000000000e+00
1.321636131574393e-01 6.474419792827493e-03
-1.183986991790054e+00 1.977689917831087e+00
1.363080613460564e+00 -1.984263841445464e+00
-1.229402519145588e-01 3.970085465806974e-01
9.032468918609007e-01 -2.022822478170340e+00
-6.471755783608218e-01 2.373809395744056e-01
-6.150229058450899e-01 8.335975074221821e-02

-3.310159999479393e-01 -1.484912617971381e-01
1.408619229721990e-01 7.203052012548647e-02
-4.766328425198184e-01 1.243961429432743e-01
-4.426784224594288e-01 -2.906999720385195e-01
1.000000000000000e+00 0.000000000000000e+00
5.700092064752513e-01 -3.459882141614988e-01
-1.204792382902136e+00 1.447100075158711e+00
1.010290456689445e+00 -1.390171253564680e+00
-3.312369382385143e-01 6.919408825324428e-01
2.918411876485847e-01 -1.862875451100534e+00
-4.906519305202473e-01 -5.725005946115125e-01
2.632113631082733e-01 3.752296555510956e-01

2.740682219831901e-01 2.096102623683082e-01
5.573383689038232e-02 -7.679002899991963e-02
-8.173258540487777e-02 -3.029163519011195e-01
1.000000000000000e+00 0.000000000000000e+00
-6.972180676289732e-01 -2.099612801990254e-01
-6.446346264881442e-02 4.825692280389513e-01
-2.473440401095284e-02 2.023755487058712e+00
3.927989073764306e-01 -2.011838217277402e-01
1.069310773417035e+00 -5.946307700636667e-01
8.148037696020127e-01 -1.140183116911945e+00
9.786850830911152e-01 8.402178337481606e-01
-2.498493537883574e+00 -1.345893967748847e+00

