3

1
6.912625447414203e-01 -3.754865860716523e-01
1.000000000000000e+00 0.000000000000000e+00
4.865628467553272e-01 4.399213367317655e-01
1.886768600453255e-01 -4.096335528810521e-01
6.103232306385920e-01 -3.929682093098530e-01

2
1.810974785293509e-01 -5.496589147593359e-02
1.000000000000000e+00 0.000000000000000e+00
8.835390086194052e-01 -3.165454443247637e-02
1.345617050546601e+00 1.012445955564588e-01
1.112211506661028e+00 -4.395019194822380e-03

13
6.789164169335660e-01 -6.612755938364868e-01
1.000000000000000e+00 0.000000000000000e+00
3.767730910374528e-01 -5.321310485680485e-01
1.418948124374541e-01 3.493062481191013e-01
5.480799906337864e-01 6.386773059986393e-01

