0
5.902241174354966e-01 9.782996262655896e-02
4.656953246837542e-01 2.915358080043011e-01
3.285991408274695e-01 -2.932715905072684e-01
-6.129347028515723e-01 -3.538619333478424e-01
7.669302285382728e-01 -9.122550688597303e-03
2.496536853379115e-01 -7.400607435862160e-02
2.908843013221626e-01 1.511636479433439e-01
4.525256451652243e-01 2.318516410041568e-01
3.643944151033240e-01 -1.859842575810439e-03
3.086777743228638e-01 1.826687572023039e-01

1
4.444462800995842e-02 5.563832505094589e-02
-1.909801799020962e+00 -1.847718850723446e+00
-2.513811493153643e-01 -3.318326363813466e+00
2.293564212416813e-01 5.751330559779454e-02
5.464736448712578e-02 -6.451472263150883e-01
2.950641993929306e-02 1.606096331606187e-01
4.675804430966359e-03 1.907798936499079e-03
-3.834316563440170e-03 3.152937670720823e-04
2.893102698217292e-03 4.321185044233205e-03
-1.127777761807518e-01 6.076560847132910e-01

2
4.858294944866072e-01 -6.079713275011701e-02
-2.692426474614798e-02 2.986778654182176e-01
-2.568824540606562e-01 -7.906980939308128e-01
-2.742884524594233e-01 -3.304623100545611e-01
7.187134060036940e-01 -3.583057098485276e-01
1.235409624514707e-01 -4.837729722037020e-02
3.919678859163640e-01 -1.375299688170700e-02
2.135854650364917e-01 1.188346741297920e-01
3.466982598327205e-01 -2.163015389532850e-01
1.443172257705480e-01 2.211074341540322e-01

3
4.184426494559591e-02 5.380100336887303e-02
1.060902023439683e+00 3.522617537019135e-01
9.494465925344615e-02 -7.721918214953387e-01
-7.930982301855910e-02 -4.701269271596091e-03
-4.930994565534082e-02 -6.157140071887344e-01
-1.543762670574680e-01 1.130416102666739e-01
-8.780348238169016e-03 -2.930249788326368e-03
-3.145033795497058e-02 -3.107419406464775e-03
-7.121587896828723e-04 6.908303112311742e-03
4.833787346359487e-02 7.390271332765191e-01

4
2.486652422166820e-01 -1.691476683011842e-02
4.702866127141879e-01 8.335566741554065e-01
-6.787081149047833e-01 -2.951912293440300e-01
-8.107165507552785e-02 -4.823785561049210e-01
4.296385743330511e-01 -2.327800942974277e-01
-1.230051247151809e-02 4.426585075510053e-01
1.289151965636681e-01 -1.486935488430549e-02
2.053174570598704e-01 1.564152096364832e-01
3.023464009459747e-02 -7.028982546395854e-03
3.753900161011755e-01 -3.037579235083662e-02

5
-6.790391721845617e-03 -4.246702605043537e-02
-2.889163334918041e-01 -9.968184895387828e-01
1.321353378108660e-01 -2.105339724436814e+00
6.304455526542480e-02 6.173000772038970e-02
3.258331370264377e-01 -3.704943736494273e-01
-1.293390583389596e-01 1.008067855274723e+00
6.432145604533249e-04 6.626284193896972e-04
-1.279918118834209e-03 -2.121839853415711e-05
2.978438185239182e-03 -3.489439228061109e-03
2.485552958570315e-01 -3.013966617108064e-01

6
-2.402024242074387e-02 -3.867559273672603e-01
5.852570176989922e-01 6.127974563400115e-01
-1.923034731472255e-01 -3.137634990530166e-01
-2.922795856657646e-01 -3.709132347157385e-01
6.013465139877543e-01 -7.143487330422600e-01
-5.681065469366612e-01 4.897511290588242e-01
-1.388150677383510e-01 -6.032867816573311e-03
4.853142013615482e-01 -6.529037328528235e-01
-7.920602056985769e-02 4.342942215230713e-01
9.469925905281858e-02 -5.285753962595547e-01

7
1.683407048418828e-01 -7.464683301421799e-03
5.704800918304309e+00 5.463580736884436e+00
-8.593106215734370e-02 6.263968809089228e+00
-1.459033899557055e+00 -1.590150677309157e+00
-2.524361993005240e-02 -3.187486303871970e-02
-5.192061754776924e-03 8.674320916364759e-03
2.178109051790827e-01 -6.212579677031643e-01
-1.306847373354682e-01 8.244444310843669e-01
-1.019930402012566e-01 9.314944413542894e-02
4.642632418952022e-01 1.064815853901966e-01

8
6.368353484952834e-02 4.930479844729432e-02
-9.430250754148252e-01 8.993198979130983e-01
-1.108327107460085e+00 -1.517257091060771e+00
3.417246577766229e-02 -9.711516594982449e-02
-6.552788665678577e-02 -6.081683103713327e-01
-1.593996783189472e-01 2.558777693086001e-02
2.199757190027970e-03 -9.679160034732764e-03
-5.370283462571120e-03 2.107301853232681e-03
-2.736843039192847e-02 3.055615733218130e-02
8.397201356351693e-02 7.827811182297895e-01

9
-1.370708127656721e-01 -2.973964263960592e-01
6.407880231356265e-01 1.021294294505702e+00
4.475227600500137e-01 1.204569100327950e+00
-1.261654458089351e+00 -9.254412475238465e-01
2.507094471110922e-01 -8.075320320349391e-01
-5.055799354137429e-01 7.227893783531811e-01
3.209431761333838e-02 -2.326871090925250e-01
-1.293393626760488e-01 -2.672681395201963e-01
-7.670598021345514e-03 -3.156427182216619e-02
5.386142377730543e-02 -1.872782487874526e-01

10
4.502384606429158e-01 7.613541032028173e-03
4.253851883562932e-01 4.392544063765647e-01
1.615449614017425e-01 -2.500457470509352e-01
-5.662664966241050e-01 -3.868096052726256e-01
7.099261817342963e-01 -2.541416739045702e-01
1.738768745445106e-01 8.397374549758634e-02
7.137455901801032e-02 1.559929680352760e-01
6.322297413130067e-01 8.779015533059631e-02
2.682596718475213e-02 -4.254170841301733e-02
2.638002347597712e-01 1.629740917625238e-01

11
4.462765901189494e-01 3.776534109153162e-01
3.942069222070477e-01 -6.280454599182328e-03
5.932716223835105e-01 -8.761877402558422e-01
-5.528314214373822e-01 -3.105972060485332e-02
4.826223839874237e-01 1.307044776635658e-01
5.544437598084588e-01 2.733135334359655e-01
1.994395042703871e-01 4.355276482585558e-01
2.423348795950961e-01 2.005510138560837e-01
3.844473063374931e-01 2.305811622699793e-01
1.831648288106969e-01 2.641962906675146e-01

12
3.575395879029158e-02 1.166778995349569e-01
5.682241896680374e-02 -7.770334908385854e-03
-1.838162172262748e-01 -1.455464730380143e+00
-4.024353509965623e-03 2.217585848046565e-03
-1.039602908844365e-01 -8.283953067959101e-01
1.893294596901978e-01 -3.646758128071017e-01
-1.252053547593633e-02 -1.820151006871428e-02
-1.465590948680382e-02 -1.999017000591966e-02
2.154031844027059e-02 1.012435716975242e-01
-4.631924201747520e-01 1.081267623311705e+00

13
6.415560844253677e-02 9.508193286888612e-02
-7.960641481250886e-01 -5.479402465889692e-01
-3.260814206319319e-01 -2.135577271181396e+00
7.738864714813154e-02 9.892039419401274e-03
-9.888766795368577e-02 -7.760884818117537e-01
3.974652894816787e-02 -2.397929365460967e-01
-3.702430602821016e-03 -2.408152827950502e-03
-9.137534975786461e-03 -2.667310928475196e-03
-3.405684608338650e-03 -6.058591336488402e-03
-2.356779260439133e-01 1.071656668268490e+00

14
-8.355428772583338e-02 -2.983990624577121e-01
2.985740838838724e-01 2.562012239840820e-01
1.210608992343604e-01 -4.337654263204853e-01
-4.953804927802464e-01 -3.814824985546428e-01
3.259818736827089e-01 -7.996308801991179e-01
-4.607845076892589e-01 5.929183669539492e-01
1.154306484419538e-02 -2.279749820037779e-01
-7.653352158256915e-03 -2.491538491339957e-01
-9.619479843787060e-03 -3.002400834238007e-02
1.716858389179280e-02 -1.496018397409742e-01

15
-1.177876487496492e-02 -1.416928361856490e-02
-3.648451425532574e-01 -8.335780970935935e-01
1.565248291815677e-02 -2.059929802049444e+00
6.062344420617987e-02 4.445753534486469e-02
3.126410887590270e-01 -4.697495865244673e-01
3.767726743272633e-02 8.532586945721654e-01
1.762261321452526e-04 1.083353275131170e-04
-4.515552272144459e-05 3.486158803405015e-04
1.298866025628253e-03 1.154435662162635e-03
2.850830147996198e-02 -1.698573798619643e-01

16
4.031532158456330e-01 3.390463020228520e-01
1.096591893490986e-01 2.568543100069969e-01
-3.140830983285803e-01 -7.914811644803146e-01
-1.769199317544591e-01 -3.415100185236160e-01
4.351590577854119e-01 1.215839835862004e-01
4.471116735492817e-01 1.484333945117840e-01
1.620949258341978e-01 3.073875456083414e-01
2.279496084643370e-01 2.420694659293354e-01
4.081573452462040e-01 3.028921319452768e-01
1.318673320405587e-01 2.643343518277785e-01

17
-4.801711207133682e-02 -1.207961167515597e-01
4.777879645503765e-01 5.809374963104489e-01
-1.404560466309139e-03 -2.320895023589897e-02
-5.472665182967766e-01 -5.183295324978863e-01
2.068013255589464e-01 -5.228584462598266e-01
-2.591262040874719e-01 4.314163933132149e-01
2.099452032652451e-02 -1.442281636292999e-01
-3.219652651274086e-02 -1.399354451423434e-01
8.890319531477857e-02 2.887103683627985e-01
8.031150795050613e-03 -9.985406292931638e-02

18
6.755054856284815e-02 5.141838651767834e-02
2.796169116735710e+00 4.386929187938838e+00
-9.710426768594569e-01 2.010144287068917e+00
-4.081550605440975e-01 -1.944450282939692e-01
-3.815830559540319e-02 -6.107589004969085e-01
-1.021678081965752e-01 -2.335410155848331e-02
-6.520793204098178e-03 -4.727800650403439e-03
3.441516663213942e-02 -1.272793629906509e-02
-2.929448524151809e-02 8.549636759972305e-02
2.043177682330958e-02 7.541262349699630e-01

19
-7.816607167754352e-02 1.049982084038783e+00
-2.680520813621895e+00 4.379580541924938e+00
-5.713994752556582e+00 -4.375072331870183e-01
1.218235345845194e+00 -1.282514976289457e+00
-3.779350165945522e-01 1.809155850847329e-02
1.142113270649643e-01 1.083855317339615e-01
-1.664886526088942e+00 7.576809788494192e-01
1.266903285912728e+00 6.559182380494989e-01
-3.304822176765557e-02 9.127569109041564e-02
-4.647223544659053e-01 2.314164386451580e+00

20
6.253061425774226e-01 8.827634846701482e-01
2.883368845041566e-01 3.620300638945827e-01
-1.113293086266632e-01 1.048787214622900e-01
-5.581838967168199e-01 -7.562592099663279e-01
4.746152635024286e-01 1.768968069519295e-01
2.114796476175345e+00 1.092690098390398e+00
4.614620466131878e-01 1.322189641598859e+00
1.638281480157405e-01 1.817506286449996e-01
-9.329607486334487e-02 -8.123475202853925e-02
1.288971835716624e-01 3.906520409785926e-01

21
-2.346917535250374e-01 8.219108517632741e-02
2.743421752105812e+00 2.425399804054445e+00
9.146423876812237e-02 2.154730019582000e+00
-7.868713370022368e-01 -7.054799751296186e-01
-8.876266481442551e-03 -5.699741050923941e-02
1.093116000905126e-02 7.081858099064484e-03
-4.668507500569702e-01 -1.238943922882735e+00
-3.246099196719250e-02 1.460234187032851e+00
2.199875583983032e-01 1.045431030387543e-01
-6.653807289112953e-01 6.311675200626071e-03

22
3.099117134856214e-01 1.100430314027298e-01
8.387960353556884e-01 -1.047248498059236e+00
9.828294940550153e-01 -1.988548959302205e+00
-5.160924368000818e-02 4.631267394508967e-01
1.916088936887740e-01 -3.937373508954697e-01
9.600609097739118e-02 2.101154301774545e-02
2.461716247859131e-01 9.183903193376823e-02
1.543357022519733e-02 1.398100126234534e-01
1.290207681483050e-01 -1.298941155227067e-01
2.376078804690077e-01 6.916145318780316e-01

23
-2.147105039536837e-01 6.197258929844985e-01
1.700374773172814e+00 1.393459615598808e+00
-3.128656717220341e-01 6.400884877537999e-01
-2.434362582315174e-01 -4.966840361803527e-01
-1.097045554972724e+00 -5.437014492083936e-01
2.039926843664550e-01 -1.354895378030518e-01
2.225478422572086e-01 -4.328777846147894e-02
-1.285471299939152e+00 4.613982827618074e-01
5.679879941482892e-01 3.452422334385908e-02
-4.771456344250774e-01 1.955752660928389e+00

24
-7.450005248864373e-02 -4.991310487586891e-02
7.073476482303257e-01 7.265478149875493e-01
-4.749980066720223e-03 4.316266014983467e-03
-4.900765710415432e-01 -4.377633690719813e-01
3.714867924676198e-01 -7.536936873294102e-01
2.934318385735846e-02 1.243769947229957e+00
-1.666684247650314e-02 1.162881450915238e-01
-8.572794094991285e-02 -1.421771488364284e-01
-4.698465352114824e-02 -3.963034988733743e-01
-5.824794896452487e-02 -8.959632742908683e-02

25
4.652657912174247e-01 1.922849293222000e-01
-3.866912982946761e+00 -2.120849166294133e+00
-2.052166551601586e+00 -6.262203546526416e+00
1.633278046856831e+00 8.133144850661252e-01
2.529703263474589e-01 -3.986058627118315e-02
8.601739762325976e-02 1.047670898998534e-03
1.345164846145161e-01 2.187479898577040e-01
3.808601645218125e-01 2.874991213542502e-01
-3.883163913570614e-02 -2.504542804463956e-02
6.773650850810256e-01 6.514314959690698e-01

26
5.666004720421823e-01 8.002600359144828e-02
5.255786512627069e-01 6.653210058007338e-01
8.456591177930793e-03 3.431421525877447e-01
-6.750780158724876e-01 -7.010072252681278e-01
7.053429928843680e-01 -8.597572527458024e-02
2.601716676231005e-01 -7.901383882465131e-02
3.191594298612491e-01 1.937350011990140e-01
4.187493714413462e-01 1.272174214217046e-01
2.869505806347398e-01 4.096331300625209e-02
3.235884830521311e-01 2.086070729031486e-01

27
-5.882593028264435e-03 -1.221868007242934e-02
-2.550090102383005e-01 -5.922285431130607e-01
-4.969346491887264e-02 -1.890363881970513e+00
4.324910396569172e-02 3.170449159899490e-02
2.887594245961791e-01 -4.712483004550025e-01
9.548059823460939e-03 8.106567720846739e-01
1.050671637540382e-04 1.599003644197495e-04
-4.169536965050147e-05 1.409225216426910e-04
-4.074183594398050e-05 1.076055597287625e-03
5.103435015921014e-02 -1.151229371896072e-01

28
5.769943727421609e-02 3.331251807371775e-01
2.778673464016989e+00 1.286307522903795e+00
6.820635655009770e-02 1.150176283404904e+00
-2.097492096702592e-01 -5.320865164630568e-01
-7.524657651373823e-01 -1.509465371144741e-01
-7.243382054598443e-02 8.928760423245863e-02
9.426977275968326e-02 4.558876735269482e-02
-3.350046839328351e-01 4.053359360774588e-01
-3.384722940010285e-01 2.102800602024822e-01
7.880216703820786e-01 1.154529789768361e+00

29
1.046172102811838e-01 2.014558980135137e-01
1.797908927723773e+00 9.187891655250487e+00
-5.352822009971456e+00 6.396602712202339e+00
-4.405665014538246e-01 -2.706221312455806e+00
-2.954536305464651e-02 -4.215889179969082e-02
9.925916543796227e-03 -2.078769985125213e-02
-2.408359988131793e-01 -4.724564184736608e-01
1.873013996503494e-01 9.427288316605474e-01
-3.871424462498373e-03 -2.763463059650898e-02
1.050995466298381e-01 5.892967675164952e-01

30
3.162817357634365e-02 2.129854774540579e-01
2.176977215704857e+00 -2.367144807034182e+00
3.017319079817582e+00 -1.699364184246715e+00
-6.504534370855437e-01 6.985473861217298e-01
1.439977096086693e-02 -2.643327659869450e-02
-9.521320267852181e-03 -2.458248052496260e-02
-4.545219665079011e-01 -5.969433640508349e-01
3.292341308867617e-01 1.090842024401429e+00
1.126631045923896e-02 -2.484333060256903e-02
-1.007082732927929e-01 5.511518031565709e-01

31
3.192157428020193e-01 4.477763131478698e-02
4.982364715495996e-01 4.730059609551086e-01
1.274352187472236e-01 -2.321087028000074e-01
-5.284578504696013e-01 -3.832025265290504e-01
3.931050786881553e-01 -2.559481197641423e-01
2.811224654527534e-01 1.596532428372749e-01
2.519344801958310e-01 -2.755485396507679e-02
1.478602823380238e-01 2.452433946746872e-01
3.712881819845879e-02 1.078673419447952e-02
2.153790777503846e-01 1.491692138767654e-01

32
4.419667501734699e-04 -1.746920464261699e-02
-1.028214291234874e+00 9.810354396322514e-01
-1.182352054019755e+00 -1.502157257277665e+00
2.670709682250729e-02 -1.148778570328179e-01
2.656370931474070e-01 -4.468074542507299e-01
-5.885698747110552e-02 8.070176985651017e-01
-1.578733715747374e-04 1.357692368220620e-04
4.106927915103355e-04 -1.974786455012407e-04
-5.803088381883847e-03 3.872975364047933e-03
1.313285007002210e-01 -9.589694364909876e-02

33
1.375849673966851e-01 -4.222214912153543e-02
6.232867029077871e-01 6.356797050567071e-01
3.817483889718819e-03 -5.148579824338230e-03
-5.090438291283694e-01 -4.799738981592855e-01
2.172156375985381e-02 -4.656694990145159e-01
6.434021651044202e-01 1.532063299086469e-02
2.818080135273602e-01 -2.671332072334331e-01
5.761090001712193e-02 3.112642325308077e-01
-6.041472174802028e-01 2.883697319767877e-01
1.410208767501296e-01 1.071134811122794e-02

34
3.632505471732653e-01 -1.300194850641604e-01
8.986996850079002e-02 -4.343661619670342e-02
-2.488797113265533e-01 -2.027664613861678e+00
2.517763599596870e-01 3.279077041960873e-01
7.260110031561755e-01 -4.946770223182081e-01
7.538666285054098e-02 1.609554030610553e-02
2.369799695460137e-01 -3.307160670592797e-02
3.270415729823235e-01 -3.090500804568125e-02
2.259620969623103e-01 -8.311156114728133e-02
-1.395418560904619e-02 7.057370554266316e-02

35
-3.749902562366428e-02 -6.832831377103814e-02
5.847279207481522e-01 9.407121315755191e-01
-9.017626003480812e-02 -6.769201800655172e-02
-4.992531787569635e-01 -3.596058931076462e-01
2.874397732423539e-01 -5.799609251240007e-01
-9.164051119904350e-02 7.999079119578606e-01
5.197016980037978e-04 7.520690082394116e-03
-1.523946863037701e-02 -1.302315294270912e-01
8.053260059627052e-04 6.543863168095333e-03
2.394968815852911e-02 -1.056797245745887e-01

36
1.923124332206880e-01 -1.705152576658793e-01
6.568398202684394e+00 6.271519159495181e+00
2.270415433994915e+00 -1.060466784869472e+01
3.043639106422037e+00 1.018912899907666e+01
5.302935943714335e-01 -6.963735656154625e-01
-4.004082422815567e-04 8.231805354933963e-02
9.531468383129758e-02 -5.759254841817343e-02
3.065320995360560e-01 -1.553332441624072e-01
1.088774211029561e-02 -1.169086766368558e-02
-1.041337454861067e-01 1.337593336409718e-01

37
4.153223501580468e-01 1.498636553800041e-01
5.107233293639594e-01 3.834611878937296e-01
3.636361032225375e-01 1.482816939266903e-02
-7.389267107482466e-01 -4.891871073046498e-01
5.113208230920655e-01 -2.219180165953894e-02
2.112857150407914e-01 -4.094270616598873e-04
2.686522111788554e-01 1.381410012448878e-01
1.935422720795022e-01 1.453210042970421e-01
4.214428075755995e-01 2.557146096569418e-01
1.814938241181565e-01 1.656802090710136e-01

38
1.043280691787407e-02 -1.946969374587827e-01
4.799507412477087e-01 5.835298389717297e-01
-2.111435633730251e-04 -3.155655261338480e-03
-5.544839685577391e-01 -5.289876786580888e-01
5.284575449996042e-02 -4.849379447025360e-01
-1.283574105038361e-01 -2.198641207069939e-01
1.660164806735249e-01 -2.585960980034232e-01
5.139841265203089e-02 -2.179259668261984e-01
-1.363606577683608e-01 8.160499968926184e-01
7.227733020810490e-02 -1.296734936663165e-01

39
2.925608387893002e-01 1.306620827724326e-01
5.875778375375769e-01 -4.049871440762578e+00
2.993358103387631e+00 -4.168609908718445e+00
-1.158812551083176e-01 1.276143004253742e+00
-1.328723743070632e-03 -1.826864747752839e-01
4.382450871570320e-02 7.754949751729978e-02
3.171853953811402e-01 -3.536521470006547e-03
-1.208012266217754e-01 2.962001106684808e-01
2.488192718021233e-02 1.386956815984206e-02
5.460808449044393e-01 5.712240795603100e-01

40
2.786342338489255e-01 1.202917223629832e-01
-3.865410631393075e+00 -6.612610691652283e-01
-2.518021137240907e+00 -4.644408860761893e+00
1.107547243691077e+00 2.241475335661988e-01
-1.649397139768212e-02 -1.424929213803574e-01
-3.463605938344468e-02 1.280057704009741e-01
2.942148842554092e-01 -3.785856477207641e-02
-1.240180377528552e-01 3.317229233953247e-01
2.003980190608195e-02 9.689071782360023e-03
6.159805497470134e-01 5.312056061981902e-01

41
1.128349360214269e+00 7.454037958228773e-01
-5.210090822411525e-01 1.534202261214674e+00
-2.007732722137030e+00 -9.872177751279337e-01
4.650852143242887e-01 -4.079768989688127e-01
7.299344850741352e-02 1.070771270616050e+00
2.460933707378516e-01 7.276484891839928e-02
4.811999351905408e-01 1.672522882243444e+00
8.188517675930073e-01 -2.492902686249793e-01
-2.250597185957834e-01 6.861813545198756e-01
2.524758855037637e+00 1.052009959174448e+00

42
2.724992303628738e-01 3.244340072034236e-01
-2.929257442180731e-02 1.988893798678424e-02
-2.059517029586903e-01 -1.545993111821617e+00
1.725960447587885e-03 4.642170441889577e-02
4.254527984193348e-01 1.777546491620092e-01
5.546911068274760e-01 6.113489350384642e-01
1.306982644576584e-01 2.853809647455504e-01
1.418102166416854e-01 2.479502960247099e-01
2.733222972026003e-01 3.962316426402792e-01
1.503750030286484e-01 -1.989587374330668e-01

43
1.694920363914024e-01 -1.901091660723210e-01
1.648070845117348e+00 5.801459573256921e-01
1.140587941225576e+00 -1.254420751097200e+00
-3.739694214695364e-01 8.489658347880824e-01
3.472989048808672e-01 -6.623656563743536e-01
-3.636420261812280e-01 8.438633222511298e-02
9.811874299678608e-02 -4.350603306388635e-02
2.044949261713884e-01 -2.234260986902950e-01
2.293278456395578e-02 -6.315285891990255e-03
2.044991801591022e-01 3.088970716231398e-01

44
4.197080410208965e-02 8.843341998905298e-02
4.392194799592565e-01 -9.488890279728851e-01
4.674280633576832e-01 -1.736255837916808e+00
7.197128067253411e-03 9.671050654419736e-02
5.453835727076093e-02 -7.276876786199081e-01
1.410901894231834e-01 3.060366373455168e-02
-6.944095110220977e-03 1.162300925485437e-02
-6.584243409194774e-03 -2.955050900384797e-03
5.086380031762630e-02 -1.178478519923767e-02
-3.166628023145551e-01 7.510532503386526e-01

45
-9.579635809785243e-02 9.776605768999675e-01
-1.030561430315953e+00 -3.210842241598242e+00
1.439918542459074e+00 -4.700440553383414e+00
2.424901719065728e-01 1.115967524614284e+00
-2.778080467531592e-01 -5.188116324388259e-03
2.830830288893630e-01 -5.197733837897537e-02
-1.645448881305540e+00 4.438179054535219e-01
1.263365650989212e+00 9.136445093705383e-01
-2.846025612573176e-02 6.630033248773952e-02
-7.373447672501756e-01 2.115328830643391e+00

46
4.312344839216441e-02 3.910356703339846e-02
9.915966301657788e-01 1.460790960313944e+00
7.130390701262113e-02 7.963704053230701e-03
-5.584057090797083e-01 -7.269604016130624e-02
2.205657082556188e-01 -5.090577076871198e-01
2.025590048340650e-01 5.042392172032050e-01
-6.857521348071053e-03 8.570619322283716e-04
8.873650905128549e-02 7.127061669076533e-02
-1.047684777473184e-01 3.697518207284958e-02
-4.767919116206822e-02 1.326438188094689e-01

47
2.377990684796466e-02 -7.660591387443759e-02
5.405292829626960e-01 1.833098624870919e-01
3.899743108191877e-02 -5.828544152384126e-02
-4.640804356198134e-01 -6.285288626305428e-01
3.528715323275680e-01 -4.945558275552444e-01
-2.045520718436620e-01 5.898867672117881e-01
2.108259802111523e-02 -9.711158913647203e-02
-4.402346664838436e-03 -2.424635622132077e-02
1.910249193130382e-01 1.045643306368291e-03
1.244299008447943e-03 -4.523696957928801e-02

48
4.959016072689215e-03 -1.227759483075083e-02
-2.717214754716800e-01 6.954718510823199e-01
-6.841313546240094e-01 -1.273026305684093e+00
-1.144089369140000e-02 -6.373250392200304e-02
2.504151479235593e-01 -4.634521016017156e-01
-5.811861613725969e-02 7.539503422263910e-01
-2.221693239969429e-04 -7.585179290846495e-05
8.735415221138063e-05 -3.358022748474769e-04
-4.369883855809854e-04 -6.312504753886831e-04
1.125648202015905e-01 -3.512888000927288e-02

49
2.498472647048369e-02 4.729853619405174e-01
4.893110586496618e-01 -3.058723132813640e-01
-4.997616089900091e-01 3.725634210137677e-01
-2.084812334393485e-01 -1.283593744472578e+00
3.839213786303126e-02 1.472344020391681e-01
4.349685820397030e-01 8.011532501202709e-01
-2.332671740105659e-01 6.213801140432438e-01
2.483062408535134e-01 -1.140205417808814e-01
3.436569114609467e-02 8.613598966768167e-01
1.612215946350709e-01 -1.880204130925811e-02

50
4.843339356976725e-01 8.173256338712158e-02
3.275057123667304e-01 3.979281211687368e-01
-3.707193720886518e-02 -2.858345333955001e-01
-4.616568226490825e-01 -4.664518825557268e-01
6.439777034281238e-01 -8.738273201284204e-02
2.022321643635214e-01 -5.848736275421413e-02
2.268795644501588e-01 1.485035412061724e-01
4.150504504522341e-01 1.228846499328756e-01
2.852719160006296e-01 1.452919260772569e-01
2.470047648457584e-01 1.665032481266908e-01

51
1.538472893477278e-02 5.900775939537779e-02
6.309203350500966e-01 7.472222334614171e-01
-2.933311920774316e-01 -8.166482329549847e-01
-6.343150728045001e-02 -3.118011246292743e-02
9.074871801376137e-02 -7.243362582902357e-01
1.682468929637733e-01 1.586286266105091e-01
-4.833110046982638e-03 -4.880366182624886e-03
-7.518032936818652e-03 -1.634676917972616e-02
3.327588288968931e-03 8.376446196667813e-03
-3.078189232533208e-01 5.743134805224445e-01

52
-9.985600824003105e-02 -1.262663306751352e-01
5.844483869674932e-01 6.186133475891225e-01
-9.560539746607799e-04 -2.533791871709302e-02
-5.114422130088757e-01 -4.827741524653638e-01
1.508543431356947e-01 -4.237761079872477e-01
-4.437880173961380e-01 3.781853899944190e-01
3.499954122750513e-02 -3.228274152055253e-01
-2.076735945066705e-01 -1.535309122576830e-02
3.188053895508282e-01 3.508263178291136e-01
-4.122207761654476e-02 -1.446762059607804e-01

53
4.095208014063267e-03 -2.276229093117958e-01
8.753557347339145e-01 6.297055470179970e-01
-5.756987858648658e-02 -4.478780065977909e-01
-2.186251324264656e-01 -1.824668805830113e-01
1.381340843190456e-02 3.563578372919501e-02
-2.420210462824478e-02 -7.699196707144339e-02
3.440909188585918e-01 -1.274423038236514e+00
-4.110783809247198e-01 1.131737598524281e+00
-2.825605142993751e-03 3.661243727378340e-01
1.842737797747540e-01 -6.397569131088425e-01

54
-5.243046873099913e-02 -1.374187721448512e-01
4.964013421647097e-01 6.305259404216865e-01
-2.397016514178996e-02 -2.769100439482594e-02
-5.332534015548153e-01 -5.003172332070357e-01
1.565673473912853e-01 -5.537489608121331e-01
-2.086173995215235e-01 3.937496289712811e-01
1.130015022037046e-01 -1.533881651780174e-01
-1.268485827914757e-01 -1.825148314665723e-01
6.359621911474356e-02 3.428681055078934e-01
1.494364664635058e-02 -1.237593891145599e-01

55
3.884673340590016e-02 2.792905795622445e-01
2.230154463943983e+00 3.463761703299392e+00
-8.007282178058158e-01 2.488069172324892e+00
-7.353366071851808e-01 -9.002510091671746e-01
1.883537710670155e-03 -1.835124528954459e-01
3.853106437173927e-02 -7.580233670643874e-03
-3.283384538512193e-01 -2.304364376111825e-01
1.798889651877173e-01 6.318503421304410e-01
2.117592743914894e-01 9.085235030649494e-02
-2.347046493798540e-01 7.352257172945704e-01

56
0.526675718556500051024e-2 0.135094996946757983954e-1
0.339354997544423978191e1 -0.104404724243524238186e1
0.187663656366964234597e1 -0.283722732660840876569e0
-0.182268379424708020943e0 0.168874646350548272228e0
0.210725173298845610311e0 -0.566965093356440486721e0
0.728522604135280931465e-1 0.576054128401367435087e0
0.829640615679283556923e-3 -0.507478414869905039663e-4
-0.228942423467211781689e-3 -0.806659370855214811540e-4
-0.179076860184797549200e-1 -0.102242345411616595375e-1
-0.639889438142981809116e-1 0.146657416244439849830e0

57
1.819607111828226e-01 -2.756758454813527e-01
6.283275674172265e-01 5.308348990069920e-01
-2.094927685322522e-02 -5.360791652244124e-02
-4.561924405118867e-01 -4.988195916457948e-01
5.349885294806099e-01 -4.934401026856129e-01
-1.491207044221038e-01 -1.051988174972373e-01
-1.845023144307236e-01 -1.332340897423301e-01
8.590938518683795e-01 -1.715173678285242e-01
-4.430434392806825e-01 4.740185694597208e-01
2.203330335962292e-01 -2.186485292128519e-01

58
3.733157942557026e-01 2.086161568044208e-01
4.033857597713141e-01 -5.528864486316949e-01
1.058850749449213e+00 -1.664084760503610e+00
-4.709736247528739e-01 4.042604939089178e-01
3.842543292641835e-01 9.747243311245801e-03
3.130465660058667e-01 2.076193562539258e-01
2.033107242807148e-01 1.340725352110132e-01
1.792418729322112e-01 3.082805843942213e-01
2.115818955622031e-01 1.307888904183000e-01
2.979137880769303e-01 2.094488025361763e-01

59
1.337219595120142e+00 -1.823554461593418e-01
4.048522421134255e-01 4.726807301545722e-01
-3.023379826907244e-02 -2.173362190894496e-01
-4.722355778297717e-01 -4.632850503082073e-01
1.557177929739541e+00 -1.684531178519934e-01
3.925592522201708e-01 -9.314895326388603e-01
8.625043950209171e-01 7.762028984821222e-01
1.241264100218956e+00 -5.774403906618210e-01
1.903213902078899e-01 -3.501136817993686e-02
9.408373897686626e-01 2.761684391517193e-01

60
4.874333718456946e-01 4.411955490089272e-01
3.358178273191343e-01 5.000157868620740e-01
-1.531388520907526e-01 3.757783924339240e-02
-5.151884136171118e-01 -6.656099836352719e-01
5.266144180461609e-01 3.723011212019784e-01
3.090878007077462e-01 1.923988903959254e-03
1.034082963482197e-01 4.159800249018948e-01
3.276605387291455e-01 2.381970219196937e-01
7.346741727609444e-01 4.775492178906393e-01
1.526323995774833e-01 3.297234372440154e-01

61
5.784031620454722e-02 -5.408165408554457e-03
-1.221583346493144e+00 6.724639864728858e-02
-8.442169835064118e-01 -2.040867374974923e+00
8.860286809639928e-02 -5.980399900103274e-02
6.931347003456700e-02 -4.347510144966569e-01
-3.464970342249413e-01 4.540594107692922e-01
-5.326721789342233e-04 -2.943512315782038e-03
1.770532298275656e-03 2.542680715721269e-03
3.681998594322368e-03 -1.005138675967377e-03
3.650849037379295e-01 3.610509871488333e-01

62
5.434480566873323e-01 3.676820309128636e-01
-7.207551939207205e-02 3.004049704420618e-01
-7.429590764200180e-01 -8.023118275201615e-01
1.404109020624244e-02 -4.970311136197683e-01
5.392487793376579e-01 1.165221396872304e-01
7.449688207853755e-01 4.543284892726612e-02
3.620748165648333e-01 4.269666437265507e-01
2.232988625493862e-01 2.051564288150775e-01
3.963499547788213e-01 2.592872461134713e-01
1.324999329513091e-01 2.855916294579569e-01

63
5.427685335054772e-01 2.049466497907824e-02
3.704929128865352e-01 7.303306589591305e-02
2.865145415106642e-01 -6.278493341919480e-01
-4.705534351816754e-01 -2.635197951807589e-01
7.396539368137244e-01 -1.071850494580042e-01
1.923889863994369e-01 -6.234147406462628e-02
4.310772109213450e-01 2.016303628688835e-01
2.931028648611836e-01 -4.989983070758516e-02
4.094029722272933e-01 1.950714050501103e-01
2.932417274715187e-01 1.649921439277774e-02

64
-9.430220359566024e-02 -2.660570574595913e-01
2.668872562285254e-01 3.991251171821381e-01
-1.368745695885001e-01 -1.644391515939406e-01
-4.652634348854995e-01 -5.865907640230030e-01
2.829573261750674e-01 -7.538316964570602e-01
-4.173925919535336e-01 6.050743643857447e-01
6.962582692825230e-03 -2.613922681731922e-01
-4.598783532362306e-02 -1.608599259614685e-01
-9.436359522538053e-03 -3.098468701714567e-02
1.045766060447258e-02 -1.394059896140480e-01

65
-0.137540475952885468595e-1 -0.311767485777319015477e-2
0.507747930316759793837e1 -0.106296741656687175777e1
0.281202876083850343905e1 0.621504788220952068237e0
-0.405322105042509244491e0 0.221087567385536606956e0
0.306153406524410795362e0 -0.533812381249926163826e0
0.123140043199443231156e0 0.781229958344455605252e0
0.700039300057574327160e-3 0.626238267324908836287e-3
0.874143075412939989900e-3 0.434295959135891569024e-4
-0.103193443591878704533e-1 -0.180950749207531897707e-1
-0.807436439319685478062e-1 -0.919556201627187275630e-1

66
2.330872944238988e-01 -2.340098547671083e-01
4.244087114146052e-01 7.040842118092274e-01
-6.993162014778288e-03 -2.268315700061230e-02
-5.872170909370783e-01 -4.815041222147571e-01
4.477456355958767e-01 -7.938185379447259e-01
2.345977932591220e-01 1.494901293316113e-02
5.532473248141830e-02 3.406042134296737e-01
7.614517865793257e-01 -6.733772900286601e-01
-7.180697918413445e-01 4.731926178330031e-01
2.744264523576231e-01 -3.072675090588495e-02

67
4.501438814197048e-01 -1.045227500502866e-01
3.239604822534042e-01 4.308220425757600e-01
-6.084018258104007e-02 -3.638030950001732e-01
-4.274988380003498e-01 -4.137007774878467e-01
6.777027924036068e-01 -2.380788975337883e-01
2.159511958648955e-02 -1.639285054682339e-01
1.350820248586964e-01 -1.034779324014413e-01
5.871839531607931e-01 1.976975450618801e-01
2.719308189852108e-02 3.268197256986022e-02
3.122336068889855e-01 8.414170915803303e-02

68
4.925929875227549e-01 3.734394420686856e-01
-7.867225394085221e-02 4.500333650293804e-01
-6.934300085784098e-01 -6.299969124079667e-01
-1.052810184221916e-01 -5.293734142542369e-01
5.252169240373538e-01 1.438957455854430e-01
5.979296110669707e-01 -1.526739048608521e-02
9.615567516760960e-02 3.043872914838966e-01
4.426412713526915e-01 3.827633720180431e-01
3.271095188621503e-01 2.055621146746512e-01
8.755129067449302e-02 3.944758704830141e-01

69
-8.873805653191402e-02 3.630461159471732e-01
-3.930076657969979e-01 -2.923998289473737e-01
-6.934833758644791e-02 -1.308504415473697e+00
-2.521307134925528e-01 -2.434740087593769e-01
2.081404812404160e-02 9.259549963379618e-02
5.476690432067061e-01 1.493710286086057e+00
-3.413744267536086e-03 9.387601186976878e-04
-3.615787529912556e-01 6.497802121728731e-01
1.287873689950470e-03 -1.644005445033582e-03
1.739237610432154e-01 -3.639572731511443e-01

70
-3.384438788869146e-01 -2.008645217278490e-01
9.433362253027886e-01 7.075094633899457e-01
1.676727525980556e-02 -3.197841236391062e-02
-3.943582246331334e-01 -3.728827919179468e-01
5.464731634938764e-01 -7.902257445659204e-02
-1.656008796530533e+00 4.939276229377030e-01
-7.137108695752740e-01 -7.983886485013453e-01
9.373615690322742e-02 2.619033113775933e-01
1.323513884435804e+00 4.136761593500140e-01
-4.804422574770082e-01 -4.530410690450891e-01

71
8.129855416648166e-02 1.867288854630172e-01
6.467048850719311e-01 8.207499504891705e-01
-2.784453880446621e-01 -4.451779195373784e-01
-2.068181244488349e-01 -2.253719606447746e-01
-3.167543966110459e-02 -8.991570293127975e-02
-1.439407304031668e-02 -1.585171450441222e-01
-2.101884560216112e-01 -3.500513626787826e-01
1.868522729026000e-01 6.507049961442688e-01
8.090920462289983e-02 2.741144178333416e-01
6.146343436881758e-04 5.372815871249667e-01

72
6.178669105894296e-02 5.727377420449610e-02
1.903551506895884e+00 3.704901722465769e+00
-9.706991777261935e-01 1.128020301913414e+00
-3.365399985259764e-01 -7.545161230325262e-02
1.115274506433431e-01 -7.445521289313001e-01
9.945468519590045e-02 3.196269188310466e-02
-4.291500168043266e-03 3.961774909723896e-03
3.175638986085458e-02 -1.793636363081266e-02
5.702619248558200e-02 -5.686122821454653e-02
-2.963290988501188e-01 7.277613941579475e-01

73
-7.076665430558914e-02 -1.192520016787303e-01
3.706644878200870e-01 4.547742220078527e-01
1.261310827688797e-01 -2.236435219399874e-01
-5.776803127427680e-01 -4.190715512072136e-01
2.116140522252590e-01 -6.277122336590535e-01
-1.773187162694858e-01 6.335495425714608e-01
1.656028367029344e-02 -7.292441453443492e-02
-5.005398948162693e-02 -1.786933030804857e-01
-1.706489357533271e-02 1.287189417299668e-01
5.113871935383598e-03 -8.788794605622542e-02

74
-3.811892452021127e-03 9.163166056083487e-03
1.745866699609277e+00 1.018534423213377e+00
5.599291413881370e-02 -1.069556418941683e-01
-1.318991772468676e-01 -4.550961271612716e-02
2.454072508804156e-01 -5.632370664314698e-01
1.012433006514767e-01 6.445728549284678e-01
1.631136853593501e-04 -1.689815012628295e-04
-2.366805220252205e-03 -1.050708120726384e-03
-1.214138550706968e-02 -1.435321636128126e-02
-8.863231524621502e-02 6.687007197259909e-02

75
1.442698259429278e-01 2.126707481498959e-01
2.824997703792698e+00 6.169862687985477e-02
1.818607509538351e+00 4.080104004308899e-01
-8.065032639049450e-01 5.322978940543269e-02
7.087494175604853e-02 -1.483082774014124e-01
-3.317554391659019e-02 -3.920613635987805e-02
-3.355286041115440e-01 -1.053139310231007e-01
4.528929322924507e-01 5.037447404003015e-01
-4.689343358714385e-02 1.291720755115366e-01
1.201065264705995e-01 6.833638568170660e-01

