10
0
0
52
5.383990573024727e-01 1.157638318622991e-01
6.588781723251813e-01 2.786895484460302e-01
6.101951683293122e-01 -2.058055388089338e-01
-7.394633288295276e-01 -2.822466217259976e-01
7.441796452006669e-01 -1.164623105890043e-02
2.666017750285223e-01 -6.639551634650220e-02
3.097959935088720e-01 1.739303160357054e-01
4.246235129639483e-01 2.217104545318437e-01
3.564370206558226e-01 2.394204905936377e-02
3.211892967792399e-01 2.111964385592932e-01
2.220446049250313e-16
1.182464682670246e+03
5.809984894430577e-15
2.441406250000000e-05
1.298473137868499e-13
0.000000000000000e+00
1
1
1
52
3.922591763325136e-02 5.167057070335987e-02
-1.855930707359168e+00 -1.849300567151556e+00
-1.985362158086042e-01 -3.276539221263520e+00
2.037415144362506e-01 5.865885601456030e-02
5.700114440315789e-02 -6.465595879294355e-01
2.885286969506970e-02 1.610748670363223e-01
3.794727486526092e-03 1.750445856755061e-03
-3.182236437908551e-03 1.116896797824711e-04
2.541284370956943e-03 4.003728008747311e-03
-1.158833335172828e-01 6.081686481618579e-01
1.671106944322084e-16
1.779494874385902e+06
3.172610818334342e-15
3.906250000000000e-04
7.722734422401777e-14
0.000000000000000e+00
1
1
2
52
4.813140611826092e-01 6.669217921849767e-04
-1.771784383176990e-02 3.022871856463819e-01
-3.622620376705553e-01 -8.521937986332617e-01
-1.846699186177754e-01 -3.251734707278394e-01
7.414685057386454e-01 -2.723759539755065e-01
1.499206972302724e-01 -6.173455255046374e-02
3.921902951913165e-01 5.650465055505045e-02
2.517592254311313e-01 1.200551397566977e-01
3.959825374967252e-01 -1.455935281212961e-01
1.845497423186445e-01 2.377728666023813e-01
4.440892098500626e-16
9.128506576779286e+02
1.082472033216526e-14
9.765625000000001e-05
1.986027322597818e-15
0.000000000000000e+00
1
1
3
52
3.999831553312760e-02 5.003757033256256e-02
1.067491294419878e+00 3.487512379745288e-01
9.468307109144773e-02 -7.748987939955694e-01
-7.498497339842106e-02 -3.308119312115221e-03
-4.426984074330760e-02 -6.131995547287816e-01
-1.551036529631948e-01 1.113781249196876e-01
-7.869107687204469e-03 -2.333600457404394e-03
-2.798161740062604e-02 -1.760523426195302e-03
-5.832607224254029e-04 6.516155888306381e-03
5.054029265577875e-02 7.384703023564743e-01
1.309227883336068e-16
5.160396714405140e+05
6.556049951658522e-16
1.562500000000000e-03
5.342773983731447e-13
0.000000000000000e+00
1
1
4
52
2.582517577702797e-01 -9.993713415790946e-03
4.840300488616424e-01 8.386679652441239e-01
-6.442514309191198e-01 -3.379314766391414e-01
-8.337619887839860e-02 -4.394942817818598e-01
4.487843979891128e-01 -2.013260925093806e-01
-2.774181291058289e-02 4.095338293037541e-01
1.436545928161357e-01 -1.302915739422734e-02
2.323430494838839e-01 1.755061309663946e-01
3.392150061967507e-02 -6.235539783632497e-03
4.316971530987807e-01 -1.740651554450265e-02
1.110223024625157e-16
1.858027630835062e+03
1.699202196328585e-16
3.906250000000000e-04
6.266340793484176e-14
0.000000000000000e+00
1
1
5
52
-5.599962606598526e-03 -3.901664419338113e-02
-2.848495092304004e-01 -9.907955663706373e-01
1.360845498466712e-01 -2.091087518215101e+00
5.623277517009329e-02 5.732361289226706e-02
3.250521616664162e-01 -3.712463531972181e-01
-1.273819462269816e-01 1.008294650151556e+00
5.211394770228072e-04 5.748546615985987e-04
-1.073410054192976e-03 -5.419481538262727e-05
2.783460877866298e-03 -3.160271345599365e-03
2.480500097247447e-01 -3.019980238381447e-01
3.618884306223840e-16
7.036716932070451e+06
1.301381223362746e-15
3.906250000000000e-04
4.610517756412049e-15
0.000000000000000e+00
1
1
6
52
-5.485094709338925e-02 -3.891200109203082e-01
6.641486368110874e-01 5.993014199627503e-01
-1.163390458922658e-01 -2.958639595343365e-01
-3.120760524127548e-01 -3.471963155626270e-01
5.952875808253625e-01 -7.868013407131911e-01
-6.384533323754751e-01 5.374467587659565e-01
-1.391148055006385e-01 4.908081809585131e-03
4.411763452806402e-01 -7.683551511887536e-01
-3.705386476628156e-02 4.698930855199712e-01
5.215176109980851e-02 -5.791968830837759e-01
1.309227883336068e-16
1.001836308341184e+03
3.703813682533452e-15
3.906250000000000e-04
3.424817714001169e-13
0.000000000000000e+00
1
1
7
52
1.592701590189493e-01 -3.507196361168248e-03
6.882806540351366e+00 5.565692547738360e+00
5.254182041119297e-01 6.952940563475298e+00
-1.628122192318352e+00 -1.557432482338491e+00
-2.104691420403687e-02 -2.911892170197649e-02
-4.907783010951115e-03 7.472329236877276e-03
2.244611463858945e-01 -6.282403073282479e-01
-1.341216101227812e-01 8.374669492160001e-01
-9.881921798714269e-02 8.574159947941720e-02
4.707154082923298e-01 1.097666234032505e-01
2.547623188892931e-16
7.391557227642956e+05
7.966620805058764e-15
3.906250000000000e-04
1.471189201175325e-13
0.000000000000000e+00
1
1
8
52
5.828062483460728e-02 4.690968240858685e-02
-9.525062501326311e-01 8.995932282238883e-01
-1.105943641645938e+00 -1.530651699635610e+00
3.347719512021714e-02 -8.956088290699657e-02
-6.231369000442602e-02 -6.104811775134500e-01
-1.600215815826405e-01 2.493339449656589e-02
2.161079356085020e-03 -8.259978847302101e-03
-4.676016982299786e-03 1.662587269346956e-03
-2.595074673773503e-02 2.786977974747839e-02
8.100148290832576e-02 7.875566127567830e-01
2.190405596563678e-15
5.282427932155731e+05
1.341680593465110e-15
1.562500000000000e-03
5.129995169097634e-12
0.000000000000000e+00
1
1
9
52
-1.014866192484641e-01 -2.599976046441256e-01
5.731697671835218e-01 1.003553204024741e+00
1.881204662593191e-01 1.171501119585599e+00
-1.112429725161111e+00 -1.012815590090830e+00
2.594326428179545e-01 -7.970950819157562e-01
-4.605195249565645e-01 6.858885459549922e-01
2.486675219415653e-02 -2.131049707745582e-01
-9.112914916478689e-02 -2.569140999995971e-01
-8.862035184062970e-03 -2.962888602270870e-02
4.504265613731807e-02 -1.593378137016991e-01
1.110223024625157e-16
1.134019837990949e+04
1.540889016911640e-14
9.765625000000001e-05
2.312357633066557e-14
0.000000000000000e+00
1
1
10
52
4.100652364251492e-01 2.182747789393030e-02
4.919211701912074e-01 4.923134895081281e-01
1.731443368160382e-01 -2.213638057907447e-01
-5.665513448344932e-01 -3.677516347370690e-01
6.991080474143287e-01 -2.511553101240668e-01
1.677214008387417e-01 8.618982163202124e-02
6.741942113286789e-02 1.436861879114558e-01
6.242633418762905e-01 1.134027824018480e-01
2.506702476491685e-02 -4.320466634669447e-02
2.701397286786950e-01 1.838501804134377e-01
2.220446049250313e-16
1.637843941690644e+02
2.072507802029363e-16
3.906250000000000e-04
6.838514227170644e-14
0.000000000000000e+00
1
1
11
52
4.059211223607551e-01 3.509531448960345e-01
3.622030474233725e-01 3.662568667672557e-02
3.988778383199785e-01 -9.156285412026461e-01
-4.387187022606661e-01 -6.184453519871686e-02
4.938196717270924e-01 1.399481655372487e-01
5.175700856460117e-01 2.315081556881839e-01
1.852266270577008e-01 4.068943987877928e-01
2.615214112145274e-01 2.294257545477373e-01
3.881603344066421e-01 2.379132472962459e-01
1.816870906108703e-01 2.879857312842936e-01
4.475452091311810e-16
2.551834520070389e+03
2.668806978727624e-14
9.765625000000001e-05
3.234561951023679e-14
0.000000000000000e+00
1
1
12
52
3.340647253040266e-02 1.087569012843495e-01
5.699348008769385e-02 -7.923580155873021e-03
-1.841106868854495e-01 -1.455445826778660e+00
-3.752388964759294e-03 2.075250463943577e-03
-9.805100223132691e-02 -8.271954782019439e-01
1.912028349147054e-01 -3.630123051080111e-01
-1.102964205952622e-02 -1.576311057001685e-02
-1.290754127671657e-02 -1.730945525406453e-02
2.013269676786893e-02 9.436870879623645e-02
-4.627941555411318e-01 1.084435777483352e+00
1.176260205927154e-15
4.470992026089261e+06
1.491526482112220e-13
1.562500000000000e-03
1.805381121224281e-12
0.000000000000000e+00
1
1
13
52
5.775333277319712e-02 8.832962347057231e-02
-7.915614573216336e-01 -5.488241092734464e-01
-3.159541550702703e-01 -2.129501582035608e+00
7.094505542768349e-02 1.003752933627671e-02
-9.267362659604947e-02 -7.759743530270392e-01
4.152675044089235e-02 -2.391410745250571e-01
-3.094741893310160e-03 -2.106974075542452e-03
-7.693615373394919e-03 -2.425573364436273e-03
-3.052013394754314e-03 -5.614330231072823e-03
-2.401314895121675e-01 1.068995659364161e+00
5.959697981809935e-15
1.519474411643333e+05
8.199453594073979e-16
1.562500000000000e-03
6.712988559318653e-12
0.000000000000000e+00
1
1
14
52
-7.249029737017389e-02 -2.571420806355236e-01
3.477249202275388e-01 2.770720309664325e-01
1.357590717629450e-01 -4.167757485389957e-01
-4.946724952501290e-01 -3.699356262138775e-01
3.133022654817079e-01 -7.860736074267355e-01
-4.220775071777292e-01 6.157387481243143e-01
4.526360215024884e-03 -2.145132714269518e-01
-8.884522985749358e-03 -2.327588569435903e-01
-1.080344071751844e-02 -3.036153573354843e-02
1.338362515741163e-02 -1.479067688091936e-01
5.661048867003676e-16
2.474388614165680e+03
3.295844579172726e-15
3.906250000000000e-04
2.806624537580554e-13
0.000000000000000e+00
1
1
15
64
-0.105964644414414167707e-1 -0.132022130926168601706e-1
-0.360604849291506433041e0 -0.830583743335843999200e0
0.214174639270425168680e-1 -0.204935815962752631040e1
0.545546433866168285560e-1 0.417974818378870915913e-1
0.312133907644856360930e0 -0.469956721760958505093e0
0.383492332828655539307e-1 0.853091012449149023846e0
0.145551477918473593253e-3 0.965911959597406406417e-4
-0.485252186481475015977e-4 0.292772938242443044165e-3
0.117378910790806636085e-2 0.108121628531287189085e-2
0.283657327109365993630e-1 -0.169899442160891575853e0
7.51007264585201e-17
1.629573807124945e+08
5.87946574970386e-19
3.90625000000000e-4
3.04649028120861e-15
6.250000000000000e-03
1
1
16
52
3.798832911903541e-01 3.198955181737077e-01
7.221285497155770e-02 2.419383893753167e-01
-3.748851362469178e-01 -9.211086708100636e-01
-1.068312044156106e-01 -2.942766799709064e-01
4.594938993969848e-01 1.201095754808170e-01
4.704576134075185e-01 1.439104557705607e-01
1.756781042456342e-01 3.142643632321972e-01
2.438074233727961e-01 2.545650012034868e-01
3.842405995901212e-01 2.865833394928768e-01
1.423972397967418e-01 2.745936895310679e-01
4.793364605007606e-16
2.724403071193936e+03
2.089781866179394e-14
9.765625000000001e-05
5.481773262962173e-14
0.000000000000000e+00
1
1
17
52
-4.397024210187193e-02 -1.134929905024565e-01
5.163834609838069e-01 6.016011401845711e-01
-9.986271025580970e-04 -2.008522596161571e-02
-5.370524411196599e-01 -5.050253215195287e-01
2.032109353300908e-01 -5.295713214491025e-01
-2.573780601069329e-01 4.368985882425578e-01
2.061111482624092e-02 -1.454086583541722e-01
-3.459787903827221e-02 -1.418827189813131e-01
8.691808396897721e-02 2.832398381134711e-01
7.223696569607645e-03 -1.008296504367547e-01
3.510833468576701e-15
1.335505303784836e+04
3.921254294398099e-16
1.562500000000000e-03
6.088996636570934e-12
0.000000000000000e+00
1
1
18
52
6.138279597092566e-02 5.029412244517931e-02
2.973985029688214e+00 4.408646762924275e+00
-9.430231567433608e-01 2.078614265517665e+00
-3.826600738256257e-01 -1.868972638046676e-01
-4.026494690986746e-02 -6.128973357646558e-01
-1.024755071744887e-01 -2.336041426362942e-02
-5.359245298708611e-03 -4.541843926481059e-03
3.065449524616585e-02 -8.870515240366245e-03
-3.004982427190769e-02 7.899557394748827e-02
2.068246586419828e-02 7.650153977507068e-01
5.095246377785861e-16
4.572742621062195e+05
4.878857657288672e-15
3.906250000000000e-04
7.160723346098895e-15
0.000000000000000e+00
1
1
19
52
-4.983447469077677e-02 9.156282155205946e-01
-3.269420658497898e+00 3.657505089532823e+00
-5.342487612141140e+00 -1.456767094459325e+00
1.233025087730331e+00 -9.123372820204922e-01
-2.969298784606696e-01 2.044748391640743e-02
9.418606667463375e-02 8.575575592017727e-02
-1.560841463532693e+00 7.559024605526811e-01
1.238652388920213e+00 6.039550163971190e-01
-2.679662505073483e-02 8.110420121229395e-02
-4.152143512103355e-01 2.226561516590238e+00
8.881784197001252e-16
1.668096701579105e+03
8.180656055686286e-15
9.765625000000001e-05
1.533233673501406e-14
0.000000000000000e+00
1
1
20
52
6.062493540298191e-01 8.056281284102778e-01
3.375699643257183e-01 3.951319667603217e-01
-8.229327680836249e-02 7.911097115185828e-02
-5.539333536857116e-01 -7.083466973729633e-01
5.314010346311643e-01 1.807738062047778e-01
2.120281003650001e+00 9.921717690893208e-01
5.157466170885683e-01 1.306849382400147e+00
1.912149211395624e-01 2.007996934711404e-01
-1.118899929795149e-01 -9.264274554913382e-02
1.560386299010278e-01 4.220959547275744e-01
1.887379141862766e-15
1.502269458951707e+02
2.743672934763176e-15
3.906250000000000e-04
2.675559353669097e-13
0.000000000000000e+00
1
1
21
52
-2.178944850353099e-01 7.753903518315043e-02
3.013861941622038e+00 2.514851753193666e+00
1.586117423124295e-01 2.302491710368449e+00
-7.884443204935468e-01 -6.904569094567634e-01
-7.050424728829672e-03 -4.925422837453582e-02
9.372682915149992e-03 6.248315286111477e-03
-4.985724529064376e-01 -1.229759279600427e+00
2.370633966423902e-03 1.467417351320786e+00
2.050795254527619e-01 9.555041253577617e-02
-6.686418119562298e-01 2.099974625317942e-02
4.678610640369230e-16
1.763760870465218e+04
3.284906406636482e-15
3.906250000000000e-04
1.350644602892852e-14
0.000000000000000e+00
1
1
22
52
3.073393462774280e-01 1.233237447307577e-01
8.213267191797767e-01 -9.511997293675941e-01
9.685753259857878e-01 -1.846125316051790e+00
-1.156641209662037e-01 4.044271615460786e-01
1.937658041445048e-01 -3.380195539263834e-01
9.043409552886023e-02 2.533815955866722e-02
2.687578755110320e-01 1.109238985479306e-01
1.551140938625110e-02 1.634756639218050e-01
1.349909561224988e-01 -1.175558052456891e-01
3.123725994618768e-01 6.973103443744766e-01
2.830524433501838e-16
2.281356956583916e+03
4.137948206545932e-15
3.906250000000000e-04
3.008075020853969e-12
0.000000000000000e+00
1
1
23
52
-6.473182271077854e-02 5.654797844575279e-01
1.700039922245706e+00 1.500803860673512e+00
-3.569015828562487e-01 6.531637534544530e-01
-2.399481822724798e-01 -4.775300415677590e-01
-9.457413388356175e-01 -2.701255795474686e-01
1.420904333727672e-01 -1.461047687970352e-01
1.927669051941990e-01 -9.257335881257402e-02
-1.033013789957249e+00 7.166216145505258e-01
4.713176083813213e-01 -7.510663721514549e-02
-1.237214660118451e-01 1.861073174339326e+00
4.965068306494546e-16
2.541204016518438e+02
2.960206633038986e-15
9.765625000000001e-05
8.042797661766892e-15
0.000000000000000e+00
1
1
24
52
-6.859801400883507e-02 -4.851916123085649e-02
7.380508133426776e-01 7.351287211225466e-01
-4.043166104601052e-03 3.641008871327418e-03
-4.796950437909124e-01 -4.281867775561156e-01
3.690485065468632e-01 -7.487085672927697e-01
1.339037166659809e-02 1.235684236931543e+00
-2.185334718736106e-02 1.118556142671353e-01
-8.401794509997927e-02 -1.427708498501321e-01
-3.671860300620622e-02 -3.906329772441169e-01
-5.638775606929673e-02 -8.872079240860924e-02
2.819010515194866e-15
5.142858817652806e+04
6.151275426301639e-16
1.562500000000000e-03
5.975699286045242e-12
0.000000000000000e+00
1
1
25
52
4.203608566686781e-01 2.137778943889355e-01
-2.709570777320312e+00 -2.179442665328452e+00
-8.108998582374335e-01 -5.258905108766960e+00
9.853281520202695e-01 7.987689921256115e-01
2.224321640776421e-01 -1.612887360924263e-02
7.449088017167163e-02 7.800360123294796e-03
1.194992287795709e-01 2.305495257676142e-01
3.673407310759463e-01 3.205651841705723e-01
-3.300525941911815e-02 -2.569339597411755e-02
6.949168901781743e-01 7.169303774173745e-01
1.110223024625157e-16
2.262610170975425e+03
3.581326572971773e-15
9.765625000000001e-05
1.060083361303841e-13
0.000000000000000e+00
1
1
26
52
5.257442035254913e-01 1.082964019587996e-01
7.716275365668849e-01 6.050251618186337e-01
4.451750756063781e-01 4.233271253887074e-01
-8.662265087631801e-01 -5.810127948119769e-01
7.209980259898704e-01 -4.916062821741955e-02
2.649527441724517e-01 -6.465445715601163e-02
3.108179764235166e-01 1.951628055452117e-01
4.184559441319611e-01 1.711474849378785e-01
3.251925056849537e-01 4.174949955909214e-02
3.190590743526982e-01 2.237722313816227e-01
2.857611408887129e-16
1.982362962885907e+03
1.618279218969927e-14
2.441406250000000e-05
1.276716051079619e-13
0.000000000000000e+00
1
1
27
64
-0.520372077789547213970e-2 -0.113138090465920903955e-1
-0.253147728437275057852e0 -0.590729021458367367745e0
-0.457683684409508584426e-1 -0.188367320587241770787e1
0.389823098354460180079e-1 0.298113392204459301185e-1
0.288464301723020991091e0 -0.471460407819972727485e0
0.100274218700818481951e-1 0.810667194983764753549e0
0.836820503131578149927e-4 0.137939414175128912079e-3
-0.394088191911901025487e-4 0.117562279236541723724e-3
-0.543815118465552854393e-4 0.986270988115546312502e-3
0.509327025308771955119e-1 -0.115190847245091232390e0
1.02960920804767e-15
7.993385835540117e+08
6.31719411387914e-19
1.56250000000000e-3
8.86263562298123e-12
1.000000000000000e-01
1
1
28
52
7.906045850331807e-02 3.048010246543961e-01
2.722151397118826e+00 1.391361241072008e+00
5.497982075742402e-03 1.145151955959523e+00
-2.102391063728643e-01 -5.190716448591072e-01
-6.612679326869115e-01 -8.720700174472054e-02
-5.957958436120304e-02 8.164173970336668e-02
9.943130015899188e-02 3.711368492094027e-02
-2.825664938080884e-01 4.368028870254757e-01
-2.962633475857946e-01 2.244143240411630e-01
7.851940571276580e-01 1.070369000010184e+00
4.002966042486721e-16
1.324617994601223e+03
1.934975643861009e-15
3.906250000000000e-04
1.099129354066969e-13
0.000000000000000e+00
1
1
29
52
9.322394648219461e-02 1.891537887529767e-01
2.132811583223105e+00 1.099863990661073e+01
-6.345715789327254e+00 7.595001248632466e+00
-4.261696097401817e-01 -3.015998270633550e+00
-2.413524015945254e-02 -3.781939283422135e-02
9.445895022968775e-03 -1.771787228151644e-02
-2.387571023984111e-01 -4.684481273004355e-01
1.854791068407067e-01 9.429613314829862e-01
-2.966961463108669e-03 -2.578624184459467e-02
1.041368696381279e-01 5.898940433967051e-01
8.881784197001252e-16
5.246154567338499e+05
8.951204037777167e-14
3.906250000000000e-04
3.497867893185434e-12
0.000000000000000e+00
1
1
30
52
2.321773213755139e-02 1.987956527261596e-01
2.006349617935270e+00 -2.363403623565824e+00
2.812119270665376e+00 -1.756736081119367e+00
-5.712176692514759e-01 6.348083171328509e-01
1.387992221940904e-02 -2.215875950090293e-02
-7.022647212373944e-03 -2.179280694377404e-02
-4.514547962056478e-01 -5.962994122737502e-01
3.207151119203211e-01 1.093530151352960e+00
1.128243123128544e-02 -2.274561833170428e-02
-1.055472152122064e-01 5.511169072059245e-01
2.482534153247273e-16
4.452455931244609e+04
1.987834961458494e-15
3.906250000000000e-04
8.384499544208720e-14
0.000000000000000e+00
1
1
31
52
3.042483247988408e-01 5.077583212908065e-02
5.450566196125189e-01 5.164605593386725e-01
1.067953151531794e-01 -1.904344054707563e-01
-5.191891304042154e-01 -3.906064673498385e-01
4.098837326332270e-01 -2.518451752988676e-01
2.862148419767461e-01 1.540039146552745e-01
2.578499532290697e-01 -1.625746711213603e-02
1.611783308565032e-01 2.454909020578288e-01
3.957461484232668e-02 1.172217524988524e-02
2.251514225932466e-01 1.584287358366423e-01
1.755416734288351e-16
4.062307086686529e+02
2.946951822326482e-16
3.906250000000000e-04
9.011060500764490e-14
0.000000000000000e+00
1
1
32
64
0.768702984211241227429e-3 -0.160405637509768671996e-1
-0.104157941416606058800e1 0.982992281852258777467e0
-0.118303037029708935427e1 -0.152017298695213038534e1
0.276610809282998954957e-1 -0.105528864107463185968e0
0.265587846048801886777e0 -0.447084580364542709158e0
-0.587148716429286419569e-1 0.807540435370560846784e0
-0.138379960289172601135e-3 0.108484010609672096238e-3
0.353522081572110656939e-3 -0.150887686113637485533e-3
-0.541512735497721402263e-2 0.343569681560843412673e-2
0.131501167289268057665e0 -0.959991760802560419602e-1
3.36535474559284e-19
2.764010709564156e+08
6.20736484664579e-19
3.90625000000000e-4
3.52968548049126e-15
5.000000000000001e-02
1
1
33
52
1.299758826602148e-01 -3.863382086621412e-02
6.532019082802909e-01 6.531851519092144e-01
3.279421330558226e-03 -4.094442215871294e-03
-5.003962855357789e-01 -4.685143986313821e-01
2.964906163887716e-02 -4.712220043940027e-01
6.424358870611738e-01 1.176094373030958e-02
2.825575574442136e-01 -2.657929519081659e-01
6.485738007608741e-02 3.066650150853114e-01
-6.036892905218606e-01 2.896469531956409e-01
1.406831916317694e-01 1.103785701198803e-02
3.360603099725814e-15
1.016089332911163e+04
3.181090974773191e-16
1.562500000000000e-03
4.611097219070012e-12
0.000000000000000e+00
1
1
34
52
4.427536020020447e-01 -1.082778729730473e-01
5.911662583651218e-03 -2.009888015353030e-01
-5.928303019890691e-02 -2.423493722040915e+00
2.644130708319491e-01 5.617715970262777e-01
8.426501824126112e-01 -3.985321753671605e-01
9.014674091057358e-02 -8.122109400179776e-02
3.061021110052454e-01 -9.563178235351140e-03
4.122464544329336e-01 1.039137333614569e-02
2.850484546150538e-01 -9.217364679734212e-02
9.635375179647887e-02 6.092177125863665e-02
3.140184917367550e-16
9.958172219805441e+03
9.583585225758875e-14
9.765625000000001e-05
2.692587054286804e-12
0.000000000000000e+00
1
1
35
52
-3.400144400400064e-02 -6.372627225039156e-02
6.450371541106394e-01 9.597579545565000e-01
-7.974107084532941e-02 -6.153223783789914e-02
-4.874475313087049e-01 -3.414919546038645e-01
2.848695857908427e-01 -5.818616873246458e-01
-8.984570738305041e-02 7.998329112849420e-01
2.893767430676542e-04 6.504430861917327e-03
-1.623130703973046e-02 -1.304778075169308e-01
7.395400385643426e-04 6.039737472520154e-03
2.282129874180466e-02 -1.059508848582406e-01
2.357141339963036e-15
9.546383552647768e+04
3.041869342031967e-16
1.562500000000000e-03
6.534475113232420e-12
0.000000000000000e+00
1
1
36
52
2.146633459408406e-01 -1.674371505787115e-01
-2.897195370741166e+00 -1.056474963806861e-01
1.375302448161744e+00 3.868484729470901e+00
-3.946256047255957e+00 -3.347624074594288e+00
5.856264017554272e-01 -6.807329351607836e-01
3.455213670743063e-03 5.542945727365975e-02
1.122244668745439e-01 -5.569983007275593e-02
3.608133388341509e-01 -1.559387443425287e-01
7.341060503814691e-03 -9.636375683264767e-03
-6.412053965110925e-02 9.880346230515424e-02
4.440892098500626e-16
7.257144277620213e+03
1.888452296376129e-14
2.441406250000000e-05
1.333702745043887e-13
0.000000000000000e+00
1
1
37
52
3.894591025034542e-01 1.333196200712314e-01
5.260919139321361e-01 3.938676604860802e-01
3.042617556597770e-01 -4.727973866635233e-02
-6.765174275864420e-01 -4.639774771676736e-01
5.320132002060172e-01 -4.132274189790026e-02
2.173654357390908e-01 -8.968300034098028e-03
2.848535780117320e-01 1.346190556526148e-01
2.058851656727857e-01 1.418215957753622e-01
3.963527781747909e-01 2.452639657039154e-01
1.938625490532136e-01 1.651694445699161e-01
4.440892098500626e-16
4.026541936471995e+02
9.021446994659840e-16
9.765625000000001e-05
2.322363928470733e-15
0.000000000000000e+00
1
1
38
52
1.165553470307151e-02 -1.834993320365988e-01
5.180853079802463e-01 6.032552149371304e-01
-9.568540295569975e-05 -2.599782217087795e-03
-5.432236560830227e-01 -5.146385038263053e-01
5.009896104763863e-02 -4.937853100150781e-01
-1.326715120074073e-01 -2.225163397969712e-01
1.669008682920033e-01 -2.645113099589264e-01
5.034826928231115e-02 -2.219994474322275e-01
-1.347593938400162e-01 8.166303159818638e-01
7.242304317836874e-02 -1.323819918549890e-01
2.664535259100376e-15
4.979416986610380e+03
2.894878725933897e-16
1.562500000000000e-03
1.888437408478740e-12
0.000000000000000e+00
1
1
39
52
2.800405383191477e-01 1.281554625978744e-01
3.912062454992936e-01 -3.563263757700882e+00
2.501446336115907e+00 -3.803921138987365e+00
-9.969616914468274e-02 1.037807969251256e+00
5.476588116899222e-03 -1.587603816977235e-01
3.651178269995808e-02 7.206943144574252e-02
3.312849773906448e-01 -8.019200990814853e-03
-1.198881182400910e-01 3.185256286559086e-01
2.393631319906654e-02 1.398306006669259e-02
5.830170191727486e-01 5.734234094776076e-01
8.005932084973442e-16
1.012021492182974e+04
4.041689950385154e-15
3.906250000000000e-04
7.286176903483690e-12
0.000000000000000e+00
1
1
40
52
2.673598266805185e-01 1.185128373504257e-01
-3.876593925222732e+00 -9.796722108782019e-01
-2.209755937133336e+00 -4.823415179279229e+00
1.029822460295040e+00 3.132054349732827e-01
-1.065705446163378e-02 -1.272259874563927e-01
-3.417272677744423e-02 1.103240812028455e-01
3.092504501568721e-01 -4.232829628362764e-02
-1.232555398833059e-01 3.509226541524052e-01
1.946014142143431e-02 9.719443031321341e-03
6.395826494155644e-01 5.429572715607905e-01
4.965068306494546e-16
2.379603090167590e+04
8.655984221109863e-15
3.906250000000000e-04
8.810520634945989e-13
0.000000000000000e+00
1
1
41
52
8.323782118933232e-01 6.992453102121903e-01
-5.768406028144927e-01 1.453549686877960e+00
-1.873892798072625e+00 -1.062287185281415e+00
3.999261447371515e-01 -3.573692918327658e-01
-3.314012643311209e-02 7.831701679783521e-01
1.798680814842228e-01 7.351080484852750e-02
2.386550864247460e-01 1.483682543276524e+00
7.589745990444676e-01 -1.405426122070114e-01
-2.354756890629817e-01 5.139073756492867e-01
2.061859979010306e+00 1.319510248864680e+00
2.106500081146021e-15
1.464861457752752e+02
3.997635550179852e-15
9.765625000000001e-05
8.379058453350832e-15
0.000000000000000e+00
1
1
42
52
2.505895828808830e-01 4.107475835280081e-01
3.175849189490444e-03 2.616139579871820e-02
-2.762416262890934e-01 -1.501029043439958e+00
4.178536458181654e-02 2.701747330690574e-03
3.266529195757107e-01 3.200681828592361e-01
6.216887661205556e-01 6.265688887007086e-01
1.154666342392104e-01 3.668825818306187e-01
1.056798612778771e-01 3.258764417909487e-01
2.859619909476481e-01 4.740383523443742e-01
2.155104300193349e-01 -9.081956797520467e-02
4.577566798522237e-16
1.980565023430669e+04
3.788159175252024e-13
9.765625000000001e-05
2.600221251651632e-13
0.000000000000000e+00
1
1
43
52
2.127653832289948e-01 -1.847407980221377e-01
1.512228019878125e+00 6.865420525107319e-01
1.131255719878859e+00 -8.179794221969983e-01
-5.903560802557032e-01 5.917639496140712e-01
3.973136972152991e-01 -6.342848297367394e-01
-3.968874465768767e-01 1.705136289305512e-02
1.211703453231979e-01 -2.791273112545642e-02
2.731617355360731e-01 -2.324055307204172e-01
2.734165347469332e-02 -5.632960995119327e-03
2.911222629061379e-01 3.196586247240085e-01
2.482534153247273e-16
2.141847347855537e+03
3.206692244578696e-15
9.765625000000001e-05
5.935697109812245e-14
0.000000000000000e+00
1
1
44
52
3.689474205862136e-02 7.969165169826407e-02
4.322140688458261e-01 -9.445557456776547e-01
4.573743182385104e-01 -1.725232093266142e+00
6.133183309657370e-03 8.686135834978261e-02
5.786423136492051e-02 -7.273872291024451e-01
1.405727314899131e-01 3.141711994523921e-02
-5.714016360743653e-03 9.291130703247536e-03
-5.255714514890399e-03 -2.458896107833104e-03
4.575776392269822e-02 -1.019961969985828e-02
-3.153377113958202e-01 7.450365330621543e-01
2.237726045655905e-16
2.555372409539998e+05
2.027092365109790e-15
3.906250000000000e-04
2.169598505105741e-14
0.000000000000000e+00
1
1
45
52
-7.947498648405905e-02 8.462755867326150e-01
-1.071828488494621e+00 -2.967748460287454e+00
1.210418927002203e+00 -4.408049251129543e+00
2.252104491963445e-01 9.441006721438389e-01
-2.185401776739606e-01 -7.413220892617059e-03
2.204356661633769e-01 -3.843577316219625e-02
-1.554805410938318e+00 4.512559448078090e-01
1.223445285136359e+00 8.403990411395865e-01
-2.452822005423444e-02 5.802606623907363e-02
-6.623121547724103e-01 2.028685006022752e+00
1.110223024625157e-15
1.128839330031185e+03
6.107685049952035e-15
3.906250000000000e-04
1.944619948509184e-12
0.000000000000000e+00
1
1
46
52
4.193161653385008e-02 4.206024782642871e-02
1.028419849736701e+00 1.413689577959951e+00
6.546837114060597e-02 7.773442057433049e-03
-5.316830885751104e-01 -8.656515635183153e-02
2.204423777153137e-01 -5.032730582104118e-01
2.139498052076213e-01 5.009793949420569e-01
-7.189198572039259e-03 3.646240166100236e-04
9.105873681883024e-02 8.458309025802611e-02
-1.080308235668633e-01 3.261979145315296e-02
-4.836720514516756e-02 1.407736425968145e-01
1.110223024625157e-16
2.507578413118575e+05
3.681919749871155e-16
3.906250000000000e-04
8.242611568074747e-15
0.000000000000000e+00
1
1
47
52
1.911451174017834e-02 -7.458086189777079e-02
5.740804216948905e-01 2.471326494266846e-01
2.972211943391346e-02 -4.882673483735402e-02
-4.597668771551237e-01 -6.063314392653988e-01
3.520088934852476e-01 -5.003185424930634e-01
-2.192854376929363e-01 5.970232474498899e-01
1.588491543715762e-02 -1.026025036505125e-01
-4.517784124578837e-03 -2.683411773679618e-02
1.928842134020359e-01 -2.446064394444517e-03
3.402197390808414e-03 -4.871941038055223e-02
1.118863022827952e-16
5.228626378399364e+04
1.172644908189472e-15
3.906250000000000e-04
1.409985973119296e-14
0.000000000000000e+00
1
1
48
64
0.478809462900511609238e-2 -0.111221768106918459800e-1
-0.274379450610319913388e0 0.699016506745311463347e0
-0.686409030988801226582e0 -0.128069870125754013441e1
-0.908564416668268278233e-2 -0.588144104736066962173e-1
0.250285283658356639522e0 -0.463671026967362475942e0
-0.577357143725406201459e-1 0.754195268254793893547e0
-0.182596446610869137640e-3 -0.718913985733467332046e-4
0.858746544154574390444e-4 -0.277158103399403004803e-3
-0.386745119320984227657e-3 -0.585979225005496550670e-3
0.112638092093796500626e0 -0.351672986788709006124e-1
3.86265598785255e-19
7.177929456854458e+08
1.27144219943244e-19
3.90625000000000e-4
2.35956606210212e-15
1.000000000000000e-01
1
1
49
52
-8.685283793247072e-03 4.403711768951373e-01
4.577208596300085e-01 -1.231897988284571e-01
-4.302506074424045e-01 3.316921502280652e-01
-2.831010219242202e-01 -1.167854188391162e+00
-7.348140449649940e-03 1.412069952552513e-01
4.374151309880173e-01 7.753622297165087e-01
-2.669750648241051e-01 5.461411453736089e-01
2.310177470697126e-01 -1.027089667749539e-02
-9.575148212626431e-03 8.081877630696630e-01
1.269809725851804e-01 4.334887323797051e-02
3.140184917367550e-16
2.016400970510652e+02
8.097476254591806e-16
3.906250000000000e-04
8.035786774563819e-13
0.000000000000000e+00
1
1
50
52
4.625542577006752e-01 9.200074657648702e-02
3.713201222222543e-01 4.196792617246687e-01
-4.982162567125938e-02 -2.824975028326998e-01
-4.414614665250811e-01 -4.564142338015164e-01
6.631192386865423e-01 -7.253867701760114e-02
2.166053063125044e-01 -6.407510138866020e-02
2.482010969942398e-01 1.624812752727990e-01
4.194011146362991e-01 1.306855875612824e-01
2.913130092197077e-01 1.496395976451885e-01
2.697179331312666e-01 1.748214384183155e-01
4.440892098500626e-16
2.195050050970272e+02
6.093696433847687e-16
9.765625000000001e-05
4.891266426180580e-14
0.000000000000000e+00
1
1
51
52
1.443494385105334e-02 5.520260476165872e-02
6.355792389974354e-01 7.496916073563540e-01
-2.963169204678415e-01 -8.182636277224075e-01
-5.962349605805171e-02 -2.938262006500377e-02
9.246600819722833e-02 -7.212964396184316e-01
1.674924703057324e-01 1.577985096746966e-01
-4.261698848258001e-03 -4.268225212663639e-03
-6.646998188414368e-03 -1.434821005617271e-02
3.148421133354325e-03 7.838554416955724e-03
-3.056599260644864e-01 5.754194105420989e-01
3.925231146709438e-16
9.462231905010322e+05
1.619931051294088e-15
1.562500000000000e-03
7.487986494959702e-13
0.000000000000000e+00
1
1
52
52
-9.084892958004677e-02 -1.231131244833212e-01
6.094646688387777e-01 6.394261970539178e-01
-1.411929216648729e-03 -1.979103133155229e-02
-5.069144738553830e-01 -4.736567693808124e-01
1.338203546390609e-01 -4.357320314622306e-01
-4.344064179362651e-01 3.610354166110398e-01
4.855819430763551e-02 -3.207570276076432e-01
-2.170602966874015e-01 -3.469060430855739e-02
3.044301078098205e-01 3.696915734576512e-01
-3.627458395515940e-02 -1.460140182269993e-01
1.110223024625157e-16
1.151356153159318e+04
6.008136172421219e-16
3.906250000000000e-04
7.446164519896859e-14
0.000000000000000e+00
1
1
53
52
6.402243581176257e-03 -2.169859456937420e-01
8.974066640666267e-01 6.320686339536078e-01
-5.983781658167314e-02 -4.565900907041191e-01
-2.059425583198221e-01 -1.729204290452185e-01
1.161411159709393e-02 3.195053708500150e-02
-2.016720260085936e-02 -6.873156618268056e-02
3.515404868359919e-01 -1.303089959959963e+00
-4.227997076878046e-01 1.156977813360988e+00
-6.039653237652406e-03 3.483733658871687e-01
1.884572081539269e-01 -6.578446746336191e-01
2.237726045655905e-16
7.757375751695725e+03
3.194263210104122e-15
3.906250000000000e-04
3.920949389450274e-15
0.000000000000000e+00
1
1
54
52
-4.861871431804224e-02 -1.261207414239566e-01
5.337887011396468e-01 6.399536280475961e-01
-1.747810465858784e-02 -2.410558079770709e-02
-5.254412336435808e-01 -4.898752242251121e-01
1.591615857974848e-01 -5.526998807723866e-01
-2.204723634124198e-01 4.036047355296659e-01
9.640493970065266e-02 -1.584675378956306e-01
-1.176146591928240e-01 -1.728172639817943e-01
7.223554736434096e-02 3.293272763036124e-01
1.107916762974350e-02 -1.205855775309345e-01
7.850462293418876e-17
1.865859263487640e+04
5.927820442285980e-16
3.906250000000000e-04
6.816084488306984e-14
0.000000000000000e+00
1
1
55
52
3.684866737672720e-02 2.671252518988726e-01
2.575041119466799e+00 3.501057848255503e+00
-6.302017408521771e-01 2.645966414258634e+00
-7.659124477233392e-01 -8.633747060672265e-01
1.056702365711177e-02 -1.662885787544102e-01
3.534571966956263e-02 -5.210300824289614e-03
-3.426467044148376e-01 -2.123551254228759e-01
2.030886896906262e-01 6.370266383798325e-01
2.042925372093274e-01 8.776703463557087e-02
-2.233016876677711e-01 7.517228201046414e-01
2.371437420133774e-16
8.095582139484543e+03
1.016060610603646e-14
3.906250000000000e-04
8.651907554666056e-15
0.000000000000000e+00
1
1
56
64
0.474634195674616128210e-2 0.126031830356517580585e-1
0.335685103754827768720e1 -0.109796042544158924212e1
0.186324243519183363840e1 -0.316846360429119790875e0
-0.167401128692824959044e0 0.156996615505944744792e0
0.211419832200856103941e0 -0.566053532154877397399e0
0.714439848768160359191e-1 0.575613006449290757181e0
0.716948825270215752738e-3 -0.276865012836049431082e-4
-0.196244520325524955823e-3 -0.738437617146637323527e-4
-0.165039250010705094513e-1 -0.969710455945066260217e-2
-0.640038723851240545990e-1 0.146701443750066259431e0
1.57292900783264e-19
1.013544304221778e+09
6.96884521518562e-18
3.90625000000000e-4
9.00629255603273e-15
1.000000000000001e-01
1
1
57
52
1.641317962261649e-01 -2.568568226564578e-01
6.678628975236384e-01 5.451578790752225e-01
-1.793389012868322e-02 -4.242900694109373e-02
-4.488471345871136e-01 -4.919722216054576e-01
5.267566925156451e-01 -5.212655285162242e-01
-1.487778402435179e-01 -9.455269730427665e-02
-1.724145162716644e-01 -1.385879005812356e-01
8.352475080454530e-01 -1.874756578289448e-01
-4.364756629620676e-01 4.731627488027799e-01
2.091306209465910e-01 -2.216587670988640e-01
4.163336342344337e-17
9.538848456746729e+02
3.046350874807060e-16
3.906250000000000e-04
6.463625222951427e-14
0.000000000000000e+00
1
1
58
52
3.708228979496905e-01 2.176872458825443e-01
2.513000533599061e-01 -4.326174997901006e-01
6.468142124953715e-01 -1.735114603644366e+00
-2.719734729927338e-01 3.276203267522012e-01
4.194623364476179e-01 3.329878035088761e-02
3.290075301320022e-01 1.670229480949581e-01
2.226770078108105e-01 1.689946925858216e-01
1.965974101990777e-01 3.062573074739265e-01
2.515221204575064e-01 1.374595538519891e-01
2.987934594072779e-01 2.509368668389008e-01
1.110223024625157e-16
3.583488945040404e+03
9.497700653583320e-15
9.765625000000001e-05
1.899000703661795e-14
0.000000000000000e+00
1
1
59
52
1.211354497522036e+00 5.398999178812749e-03
4.664257176905037e-01 5.069044477400196e-01
-6.957555427507959e-03 -1.806237968971349e-01
-4.811087581373525e-01 -4.535649901312243e-01
1.502167914145348e+00 -1.808016092733734e-02
5.329741433391610e-01 -8.303886520256487e-01
7.228157366802950e-01 8.118235897395076e-01
1.293286665165076e+00 -3.542839442784005e-01
1.980556428372424e-01 -1.620010815528337e-02
8.939172361975898e-01 3.883339648176680e-01
3.248706834302236e-15
4.999938372866173e+01
7.010461369758295e-16
3.906250000000000e-04
3.491525413538657e-12
0.000000000000000e+00
1
1
60
52
4.699464651934714e-01 4.267117232548760e-01
3.774073230542365e-01 5.229969706193051e-01
-1.408453007705845e-01 2.010893022536204e-02
-5.045585529194820e-01 -6.339670070178467e-01
5.729272004814900e-01 3.910732176253476e-01
3.318494584338259e-01 -6.700613217500585e-04
1.196890931768223e-01 4.460022169513320e-01
3.542550003904102e-01 2.498153570490164e-01
7.367994524170635e-01 4.564496172431687e-01
1.704704967789065e-01 3.510077408947773e-01
5.900916318210353e-16
8.435580966715673e+01
6.917054388195092e-16
3.906250000000000e-04
1.847134870969647e-13
0.000000000000000e+00
1
1
61
52
5.305704706734193e-02 -3.774335251869763e-03
-1.223797417195078e+00 5.533069375237475e-02
-8.266223316098968e-01 -2.051809770696108e+00
8.266635628636265e-02 -5.207974610212450e-02
6.936304918521474e-02 -4.360088309348247e-01
-3.473043407152152e-01 4.555954249771916e-01
-3.339770623035837e-04 -2.475848050592380e-03
1.383220685387052e-03 2.192224472686691e-03
3.392363604612826e-03 -8.485706010115575e-04
3.660426593017794e-01 3.623486140477397e-01
1.734723475976807e-16
2.892368930195653e+06
1.127287842851257e-15
3.906250000000000e-04
9.525299473090620e-15
0.000000000000000e+00
1
1
62
52
4.612495428138336e-01 3.390393561085200e-01
-1.974756888551633e-01 3.046069843025188e-01
-9.933191425620377e-01 -1.044753859947371e+00
2.025125086019883e-01 -4.527295992317384e-01
5.332699158755684e-01 1.091749310112996e-01
6.563986631508807e-01 9.448022783781537e-02
3.025104123158192e-01 4.013867357769967e-01
2.396607960593735e-01 2.204405222145549e-01
3.826417961271620e-01 2.490430000629059e-01
1.401779698190922e-01 2.916508462263029e-01
3.118644933164970e-16
2.647377754174239e+03
1.017902812093424e-14
9.765625000000001e-05
1.314345113368391e-13
0.000000000000000e+00
1
1
63
52
5.118826782702820e-01 7.865549795263425e-02
3.996515841850177e-01 1.268825388188335e-01
2.360461050467070e-01 -6.503012571838291e-01
-4.296239417009711e-01 -2.402925603222327e-01
7.271609412615991e-01 -4.982652785685458e-02
2.227861548697530e-01 -6.019147445316134e-02
3.733018928708181e-01 2.305944691493793e-01
3.606615072086352e-01 2.573447700851598e-02
3.785076890445604e-01 1.914608967690986e-01
3.270144939953227e-01 9.554533691057485e-02
2.220446049250313e-16
5.887473728662254e+02
3.927180549592363e-15
9.765625000000001e-05
5.558706633230466e-14
0.000000000000000e+00
1
1
64
52
-8.129885033953549e-02 -2.349859643652906e-01
3.153107392829111e-01 4.416502667260507e-01
-1.329971378706340e-01 -1.327290356527774e-01
-4.670420344909390e-01 -5.794814871373294e-01
2.760380952290469e-01 -7.505940022399772e-01
-3.879355097720326e-01 6.226825142330197e-01
5.790722395811778e-03 -2.450351628560495e-01
-4.644618927941541e-02 -1.611675224745514e-01
-1.056321020281952e-02 -3.146618892360209e-02
8.340549181250363e-03 -1.397633669364580e-01
1.398255992337188e-16
1.449817621222675e+03
9.158060775706643e-16
3.906250000000000e-04
1.076366375537216e-13
0.000000000000000e+00
1
1
65
64
-0.125599130382602883886e-1 -0.279774212616627535068e-2
0.505157405775591790593e1 -0.117911782338526384937e1
0.280408916802013035070e1 0.552791947200659385521e0
-0.366207620472851654584e0 0.210570670821519699466e0
0.305215621734567649161e0 -0.532856979151781395419e0
0.122813156492930442141e0 0.779240740449825537316e0
0.587347988269040055938e-3 0.520418728570486070300e-3
0.730251744393031979310e-3 0.300035919555197935864e-4
-0.946012947559861869962e-2 -0.165186249261966348066e-1
-0.809003377246895347754e-1 -0.913592626735091414367e-1
1.94817577868489e-19
4.274138055628937e+09
6.19965381568682e-17
3.90625000000000e-4
8.01200833826446e-15
5.499999999999998e-01
1
1
66
52
2.180960535038263e-01 -2.130813866593221e-01
4.665321523309892e-01 7.207008699589140e-01
-4.598358840273356e-03 -1.868129033680755e-02
-5.764190538079446e-01 -4.690304706855944e-01
4.461330768042247e-01 -7.980317043098388e-01
2.361521010821551e-01 1.122209083180882e-02
6.593347381829655e-02 3.201705664580600e-01
7.452444858480728e-01 -6.569318088051000e-01
-7.037732699901842e-01 4.713750686959728e-01
2.698757569498049e-01 -3.423110127008720e-02
2.775557561562891e-16
9.119944194763306e+02
5.280797976859257e-16
3.906250000000000e-04
6.473657049138937e-15
0.000000000000000e+00
1
1
67
52
4.365995688253244e-01 -8.087155507419673e-02
3.925951353616121e-01 4.681726185632922e-01
-6.208499656004619e-02 -3.421299110813500e-01
-4.137361777596371e-01 -4.005072556970565e-01
6.968977756388034e-01 -2.142666526479578e-01
2.251155286272943e-02 -1.717198497417543e-01
1.393486671995058e-01 -9.576971382725673e-02
6.151829831907745e-01 2.172196130567783e-01
2.645012863304548e-02 3.564189041829034e-02
3.520858701486189e-01 9.178302631985898e-02
2.220446049250313e-16
2.131812121891571e+02
2.450177130437191e-16
3.906250000000000e-04
2.367498537399702e-14
0.000000000000000e+00
1
1
68
52
4.105724952197027e-01 3.421948420240380e-01
-1.132436482985487e-01 4.368427630580222e-01
-8.020286818986380e-01 -7.443329568140089e-01
-9.853697425680269e-03 -5.068157875331409e-01
4.942791989877389e-01 1.313737760189761e-01
5.598793157830053e-01 6.010712856118816e-02
1.133614946054065e-01 2.848256650921870e-01
3.652902219099731e-01 3.721872722403046e-01
3.224549233398772e-01 2.204066889020236e-01
9.750418297606005e-02 3.542970469162114e-01
2.259140179941514e-16
7.645494995853609e+02
2.507760481897296e-15
9.765625000000001e-05
1.263948809322984e-14
0.000000000000000e+00
1
1
69
52
-9.651730982200389e-02 3.193866372518434e-01
-4.103711390471549e-01 -2.961301595739138e-01
-8.640369582143725e-02 -1.339150033395996e+00
-2.372190665571627e-01 -2.348366123317703e-01
1.134999173874226e-02 7.604533095626397e-02
5.006315979591898e-01 1.482276266316479e+00
-2.456152132774498e-03 3.563409589367651e-04
-3.752077704402667e-01 6.208077284761973e-01
1.084614374985186e-03 -1.133655494878144e-03
1.778052835824710e-01 -3.478389158419056e-01
2.237726045655905e-16
1.299287523847878e+03
3.717052050543139e-16
3.906250000000000e-04
1.744933328348104e-13
0.000000000000000e+00
1
1
70
52
-3.390654685605869e-01 -2.062704967563281e-01
9.855380012507483e-01 7.258019122441572e-01
1.469463778017679e-02 -2.690933679622723e-02
-3.814156287396522e-01 -3.619259043314997e-01
5.527055952141031e-01 -5.502524694284223e-02
-1.787561262725380e+00 4.880075350445756e-01
-7.785790727142685e-01 -8.490460617001311e-01
1.011582192444241e-01 2.614597850515513e-01
1.419527941313061e+00 4.472311544371160e-01
-5.188838320960585e-01 -4.896946864439938e-01
3.025789900085350e-15
3.403620681949582e+03
2.320086601615444e-15
3.906250000000000e-04
2.366754893234909e-14
0.000000000000000e+00
1
1
71
52
7.445111838005497e-02 1.790090070903533e-01
6.766818123004711e-01 8.364717383629312e-01
-2.823732268198116e-01 -4.371062332437337e-01
-1.981174119533064e-01 -2.201337589304968e-01
-2.473089780690392e-02 -8.402751167117045e-02
-6.185653609587483e-03 -1.468945766421018e-01
-2.132401747530801e-01 -3.409992706611179e-01
1.932872441043308e-01 6.584064901828866e-01
7.321495212925308e-02 2.632397969224431e-01
3.907566438356116e-03 5.439216329878001e-01
1.457101633618084e-15
7.103995698034954e+03
1.158399486760753e-15
1.562500000000000e-03
1.414066169307846e-12
0.000000000000000e+00
1
1
72
52
5.516076891665983e-02 5.639489973101343e-02
2.002978081630898e+00 3.673842393526791e+00
-9.494072877524986e-01 1.156569015688498e+00
-3.146807285021655e-01 -8.032051581741957e-02
1.078878549010367e-01 -7.379052112858520e-01
9.916855349528816e-02 3.144908708275823e-02
-4.147589074760706e-03 3.112824864632705e-03
2.942578215065493e-02 -1.296062441364108e-02
5.582396959226783e-02 -5.041555941951463e-02
-2.924172007362635e-01 7.284327535464622e-01
1.387778780781446e-16
3.132088361730521e+05
1.902934878721515e-15
3.906250000000000e-04
8.848414820926143e-15
0.000000000000000e+00
1
1
73
52
-6.351267734750873e-02 -1.127547102255029e-01
4.323659861740688e-01 4.750709101621993e-01
1.471169587647582e-01 -1.911744100429240e-01
-5.811198818828806e-01 -4.129754916040538e-01
2.101476372743372e-01 -6.297939337735823e-01
-1.788413012234131e-01 6.303237743421661e-01
1.434265469788015e-02 -7.702920476124522e-02
-4.822285443894161e-02 -1.784561256754134e-01
-1.476466032341004e-02 1.282918399613679e-01
3.235773815250231e-03 -8.999373481844247e-02
1.289571776984634e-16
7.390330128108414e+03
6.234208314155986e-16
3.906250000000000e-04
3.608858882473181e-14
0.000000000000000e+00
1
1
74
64
-0.340743650894337416548e-2 0.860339527320199069275e-2
0.176486056134932026780e1 0.102043723112100165600e1
0.565753907865712436432e-1 -0.108075385246258792400e0
-0.124714347335732050602e0 -0.404445555825718201888e-1
0.245393894640304343669e0 -0.562099717107310480513e0
0.100885149184123182243e0 0.643071927140574639765e0
0.136625592950956474620e-3 -0.152251389214203956694e-3
-0.208777023253584713377e-2 -0.840700068138424194910e-3
-0.115448237497093085778e-1 -0.131688868311867261905e-1
-0.885472888307498389335e-1 0.671349035864283821706e-1
3.45589136156797e-16
5.365881836375025e+08
2.59355782185258e-19
1.56250000000000e-3
6.67585297100087e-12
1.000000000000000e-01
1
1
75
52
1.345027421344559e-01 2.108094959093730e-01
2.749131314167796e+00 -5.252743759287780e-02
1.769020682296112e+00 2.772008753181051e-01
-7.403083494987132e-01 5.887808776386014e-02
7.729638942023910e-02 -1.315397489953906e-01
-2.775855530944112e-02 -3.907468076199927e-02
-3.463449999727662e-01 -9.518164129272998e-02
4.675770054604457e-01 5.216323391964406e-01
-4.809845854297233e-02 1.231899025779952e-01
1.233035332540162e-01 7.043065237108288e-01
3.376611507232130e-16
7.318181376806592e+03
2.830148099476682e-15
3.906250000000000e-04
6.452861684390764e-15
0.000000000000000e+00
1
1
-1

2 0
2 10
0 0
1796415657947029137493429935639600599555501638501944962379052722319347629832419231987742463049794153395556339528253502465699920569525118768023111303395371450598198595455810071166186091243839684399208671210325143069318421927515851796330281903706235052570025459680096978647467581055383474158931728142996243059559/5000000000000000000000000000000000000000000000000000000000000000000000000000000000000000000000000000000000000000000000000000000000000000000000000000000000000000000000000000000000000000000000000000000000000000000000000000000000000000000000000000000000000000000000000000000000000000000000000000000000000000000000 -486880010465728336584943673795482933593991510585865812736518676703590319568218703767244658438703214894020427889513083083342679180293599902021176627749086558041255446140904203486784509996337494987832940357946308445633741516892785201159097471805756805113663483679350934836115943232695312723052071779191347451569/2500000000000000000000000000000000000000000000000000000000000000000000000000000000000000000000000000000000000000000000000000000000000000000000000000000000000000000000000000000000000000000000000000000000000000000000000000000000000000000000000000000000000000000000000000000000000000000000000000000000000000000000
-9600925828713931838496894888141154515903363803143226865267286874812302992532987738724278971822794130943313431231048114324758253712169104062884565406430618224697894800123123392336617415208423783190896657341636238681697879430673162525430456755950394202549341843279633553048733240331465168757428955682462487316619/100000000000000000000000000000000000000000000000000000000000000000000000000000000000000000000000000000000000000000000000000000000000000000000000000000000000000000000000000000000000000000000000000000000000000000000000000000000000000000000000000000000000000000000000000000000000000000000000000000000000000000000000 3307646074669665419460272865138766578486495230096382108952729330423723985325421076158745068559200506141866392483218332518328551745009065048792590728894142052194113019041099964639948848083470757103776395441771385254746552970394619483369951879053019085886621986913616751417043231270529561046510006604590982089881/5000000000000000000000000000000000000000000000000000000000000000000000000000000000000000000000000000000000000000000000000000000000000000000000000000000000000000000000000000000000000000000000000000000000000000000000000000000000000000000000000000000000000000000000000000000000000000000000000000000000000000000000
-1418158528165311302599667875882737956109725507348340413260684493035519382966025095346117141589837810964791093521085612491066113638880630727598370014273573966626467439958183475097430201337169543625792837259937842911489494133238354356428736727641870984136768479258675246134740406530436536103480261317608842240127/2500000000000000000000000000000000000000000000000000000000000000000000000000000000000000000000000000000000000000000000000000000000000000000000000000000000000000000000000000000000000000000000000000000000000000000000000000000000000000000000000000000000000000000000000000000000000000000000000000000000000000000000 7510040548778201234205873725370566217472897663859869250190939422531235376107167946798033854684142955095260085933309176286639618136502746091624961504851958063550919656060282415147803581791546511943600322642331761416505845042063575050026370445958365035860821726466853906693261764089208311633726072779558859526079/10000000000000000000000000000000000000000000000000000000000000000000000000000000000000000000000000000000000000000000000000000000000000000000000000000000000000000000000000000000000000000000000000000000000000000000000000000000000000000000000000000000000000000000000000000000000000000000000000000000000000000000000
0 0
0 0
0 0
0 0
0 0
0 0
4914808249947404129794003946641191694148945342812294427259619961222573594854372577233681255167110792211036410815046400418216376081134811472672611358325750902559714439526527206621171506269799561689825925780719967337092314464235408213504534595918948940896028352516340419036955578490892107499863247738762500686567/10000000000000000000000000000000000000000000000000000000000000000000000000000000000000000000000000000000000000000000000000000000000000000000000000000000000000000000000000000000000000000000000000000000000000000000000000000000000000000000000000000000000000000000000000000000000000000000000000000000000000000000000 1340362459972398914902018925444969302177507783797836803982047262412246797047269239776760533805296038522569341834346081699082060568916479916262983616142519734635277648820004688470781954449711480159864407656081040769317925047635358961457193358560467776878053565837714784470245587558182255766908828693204545587469/5000000000000000000000000000000000000000000000000000000000000000000000000000000000000000000000000000000000000000000000000000000000000000000000000000000000000000000000000000000000000000000000000000000000000000000000000000000000000000000000000000000000000000000000000000000000000000000000000000000000000000000000
0 0
0 0
0 0
371398887999403636360585451738496591642780107315845158796116367356625182286825724762647008193914762991365322105655823054416433393349225129823823797163041781190701410407530057766380301082633396527088396531429469272152925324752457765555701663906063006579050477065709064972552190843382585433191026652455002393299/2000000000000000000000000000000000000000000000000000000000000000000000000000000000000000000000000000000000000000000000000000000000000000000000000000000000000000000000000000000000000000000000000000000000000000000000000000000000000000000000000000000000000000000000000000000000000000000000000000000000000000000000 3007928475230333118986748428250162031957267999576523735640795589433391794620785961229571571359537672821439788567753505448743178938013098650046082671789342924877620970975602047217749686629691345464679914200417134204234978244509193746529384555225232837952761701029971239664880994894863356522066115457848219504411/5000000000000000000000000000000000000000000000000000000000000000000000000000000000000000000000000000000000000000000000000000000000000000000000000000000000000000000000000000000000000000000000000000000000000000000000000000000000000000000000000000000000000000000000000000000000000000000000000000000000000000000000
-4187023193286361213919315104807933923841789627341045308773199153757296477109257529823146936919749668037517378095237729251049940493763455977596391433205670565498342967974983620542208354132451784471553284958417441894585378904520598889386262077376657226792124887178559020143032360041777682415133087086262801222111/100000000000000000000000000000000000000000000000000000000000000000000000000000000000000000000000000000000000000000000000000000000000000000000000000000000000000000000000000000000000000000000000000000000000000000000000000000000000000000000000000000000000000000000000000000000000000000000000000000000000000000000000 -4600920118708420843722237786294394710138848121637320999438569267722716092273601425181003865698380535646953122984079712455616711700306151221533618493889254376809847193241510395850957870033199388790458325219089892201375782781414530460497490397243165203578843330638135556227313726819161059114523853112450846015137/5000000000000000000000000000000000000000000000000000000000000000000000000000000000000000000000000000000000000000000000000000000000000000000000000000000000000000000000000000000000000000000000000000000000000000000000000000000000000000000000000000000000000000000000000000000000000000000000000000000000000000000000
3237593845212306501263349952163020628854286628648957442385722916808406056934345117655990195555042992095862474518845722514252508413626539962584254047091419460068603502528022711556180340961125940954057928176140063986624993990168958115290788620771981404570951596007620576388486403001290298928742601600279914332387/5000000000000000000000000000000000000000000000000000000000000000000000000000000000000000000000000000000000000000000000000000000000000000000000000000000000000000000000000000000000000000000000000000000000000000000000000000000000000000000000000000000000000000000000000000000000000000000000000000000000000000000000 941675277641746574174607249096118960566083921678172396319005954214020620189488273773130428237895958150044148270047008267314594111049946289751437854687671955109400299852319211852191530226499951759370541435555440442759711358144860255245457439087583165198973406162959935663782845112057306118368760308876009433237/2000000000000000000000000000000000000000000000000000000000000000000000000000000000000000000000000000000000000000000000000000000000000000000000000000000000000000000000000000000000000000000000000000000000000000000000000000000000000000000000000000000000000000000000000000000000000000000000000000000000000000000000
525315199967056553456015002766767152428610729155472049704899079142252537705604368003513730571111706327123084604538144420767520523399213760485253397077356508886391510983969678012639265392186741364137499486155124789599034958567684671719343357619456816334884070930970180704295847222446434651944940173953404939213/1000000000000000000000000000000000000000000000000000000000000000000000000000000000000000000000000000000000000000000000000000000000000000000000000000000000000000000000000000000000000000000000000000000000000000000000000000000000000000000000000000000000000000000000000000000000000000000000000000000000000000000000 -579582074000380750158219140774542408475690750787426802353790752080886562600722872189796197451927434060483864653388160714393384184630719708638747952996837983836898692891533871791631852337954318404007666907657696509376235452640591953583267355524335733575254409135533037041791270533866592439473156566411698120191/1250000000000000000000000000000000000000000000000000000000000000000000000000000000000000000000000000000000000000000000000000000000000000000000000000000000000000000000000000000000000000000000000000000000000000000000000000000000000000000000000000000000000000000000000000000000000000000000000000000000000000000000
2065228125785997848642203721321651188948427295683827482794918510047022437740391504601801545141330769599163573801859926874937324117307094018507597006278943205144041562588676589464213779798117204551007408463525205770439175514744777750631179791857573483990162163657720578747618412340717973386053297658718592882731/10000000000000000000000000000000000000000000000000000000000000000000000000000000000000000000000000000000000000000000000000000000000000000000000000000000000000000000000000000000000000000000000000000000000000000000000000000000000000000000000000000000000000000000000000000000000000000000000000000000000000000000000 -308615178866005613255522483290939002770534996864737262567817441323405323410670440687819662512390133893719813560590950543981767638733875831513891921980855830417538128151383024639301058005618055295643496933519271793422830070356913711876147131230233691396782197195940507676494678747104287793488613458375436342393/312500000000000000000000000000000000000000000000000000000000000000000000000000000000000000000000000000000000000000000000000000000000000000000000000000000000000000000000000000000000000000000000000000000000000000000000000000000000000000000000000000000000000000000000000000000000000000000000000000000000000000000
-1635980913453996521642162342821538311149184059038861883486149260867864894018737602234312237853255754604790105933833798191828314712020990182986812523322560936422574630697585210380724314140159197931681426195886403424387945064017144058158440943185525242903059625227415762019649350209613218936081509035889940804599/250000000000000000000000000000000000000000000000000000000000000000000000000000000000000000000000000000000000000000000000000000000000000000000000000000000000000000000000000000000000000000000000000000000000000000000000000000000000000000000000000000000000000000000000000000000000000000000000000000000000000000000000 -3640157536684420614346461756451012632431627789103871145790405401485256533662933965452842841123888684480899303987116007695152897342155181253462453280516053558512697301761511211419340167232978976450208071731753488289305201912708451384858472946458619330420963552672535494784392627245595688154212079380087032408453/5000000000000000000000000000000000000000000000000000000000000000000000000000000000000000000000000000000000000000000000000000000000000000000000000000000000000000000000000000000000000000000000000000000000000000000000000000000000000000000000000000000000000000000000000000000000000000000000000000000000000000000000

-1
-7868678751711458775146575312517597428217802698444547944419293131373574542160854252185665966662982398227004301569246186532130434803098530628105700287170798900737824146234140100939927260181247288068982229470752615855530290656056678046499179074987706935362867714855861192686680334745228272137434596871074107335997/10000000000000000000000000000000000000000000000000000000000000000000000000000000000000000000000000000000000000000000000000000000000000000000000000000000000000000000000000000000000000000000000000000000000000000000000000000000000000000000000000000000000000000000000000000000000000000000000000000000000000000000000 -27385628258392683400334454891916183759805698135730934348053693755368455547483936358682354952934241635170368960264827288887010027040656461085220172806686500150285227720913624591672252320335600826694413384998177682207231843764187582760359843775093824114090008208955631935448470934706089820147233069321600379117/80000000000000000000000000000000000000000000000000000000000000000000000000000000000000000000000000000000000000000000000000000000000000000000000000000000000000000000000000000000000000000000000000000000000000000000000000000000000000000000000000000000000000000000000000000000000000000000000000000000000000000000
0 0

0 0

0 0

