76                                               

1.932389513289671e-02 -1.334044880210311e-01
7.516963299359221e-01 -3.999764788479897e-01
1.000000000000000e+00 0.000000000000000e+00
3.760196210246317e-02 2.669791628976217e-01
2.244670623950051e-02 6.445190663501432e-02
-3.926508648770873e-02 8.131866991131975e-02
-5.700329162499615e-02 1.738868840115949e-01
1.005574504780708e+00 -9.748399009278680e-02
-4.790446073007260e-02 9.242367424970870e-02

5.880604733561123e-01 -5.531537394342532e-01
1.000000000000000e+00 0.000000000000000e+00
1.673401997396999e-01 1.590980569201095e-01
8.379845608548815e-01 -2.962885120410085e+00
-1.821163871815923e-02 7.297780436306918e-01
-1.739248287721275e-02 -2.199891310887905e-01
6.963545753225533e-02 1.344226488297155e-01
7.070646238323575e-02 9.310498646707577e-03
-1.027008533795678e+00 2.497328145544853e+00

1.000000000000000e+00 0.000000000000000e+00
1.557254033412114e-01 8.999243072370989e-01
5.876381383726310e-01 3.097769859967126e-01
1.388280086903701e+00 -8.930007153832242e-02
4.458299032621899e-02 2.126622024223595e-01
6.622722769179874e-01 -2.949487822155465e-01
-7.111895373243857e-01 6.143155291400572e-01
4.249421543508340e-01 -6.058442668202081e-01
-1.149371857605944e+00 1.746465004166535e-01

1.000000000000000e+00 0.000000000000000e+00
-1.913141770578015e-01 -7.041836449701782e-01
-1.368146742410226e-01 2.016747310675886e-02
-5.184128055091143e+00 -1.637631276366891e+00
4.661857604257569e-01 1.545634193958866e+00
-2.194795170697501e-01 7.259596766691431e-02
-6.740742257570775e-01 3.799289186863347e-01
7.083381765898156e-02 6.691625956627192e-02
4.951517367816466e+00 2.582176223225876e+00

-1.192587932934073e-01 -4.818146026263818e-01
1.000000000000000e+00 0.000000000000000e+00
-2.996557119691529e-01 4.734313455449618e-01
-4.861959920040106e-01 -2.326245824741721e+00
2.468694110620742e+00 3.285213065923847e+00
1.835204143495993e-01 7.322151555283080e-02
-1.218436323979122e-01 4.084487095598839e-01
3.296552846324017e-02 -1.935606119657819e-02
6.091579017890244e-01 -3.114229956319659e-01

0.465152858467349428221215510379e0 -0.165251889762149614407307779361e0
0.100000000000000000000000000000e1 0.000000000000000000000000000000e0
-0.105262191631593442375990516727e-1 0.158292714945162274059814602568e0
0.111097641480363066863896197033e0 0.304103707794385820624149104537e1
-0.381463188726351664905020228236e1 -0.492686974254326471902983560569e1
-0.266002325265950576172080868989e-1 0.741345390446483425822270576058e-1
-0.531350929596145909388347477832e-1 -0.103739929766582561174179759492e0
0.626303875632274913687736732327e-1 0.833300305816236537099225824895e-1
0.176266432598763496152724569629e0 0.239656805425854131933813782920e1

-8.441085760768301e-01 -2.553923142037704e-01
1.926487899872892e-01 -8.155985694237793e-01
1.000000000000000e+00 0.000000000000000e+00
1.277244209806820e+00 5.532778418271562e-01
-1.510493861922829e+00 6.044502663827007e-01
5.290342773461257e-02 -2.576492205336343e-01
2.328075887422515e-02 8.664427909351214e-01
-5.047864268906236e-01 -3.037531297642704e-01
5.510693635492583e-01 4.002268318577349e-01

6.448155898279631e-01 -7.211020051071647e-01
1.000000000000000e+00 0.000000000000000e+00
-2.469773530622098e-01 5.695003237843007e-01
-4.397547260871029e-01 -2.267738908686442e-01
-1.594705631221712e-02 1.216656832282022e-01
1.149774129611641e+00 -1.212158347579644e+00
-1.447987292510201e+00 1.607651634766287e+00
-5.614717511989237e-01 4.821905323353294e-01
9.546124161761789e-01 7.328836017262897e-01

-0.836075746984980433014027114090e-1 -0.685234384820363447276968370170e0
0.100000000000000000000000000000e1 0.000000000000000000000000000000e0
0.129847511180047844477162770557e0 0.856689093338927474666491223467e-1
-0.132186026635880205555487657034e1 -0.253660868300461017461727520823e1
-0.654202738076193298260277004356e0 0.362280903376746922661878299215e0
-0.221717406208255686944725915342e0 -0.247468599467051080416263628781e0
-0.455405409439253566741788615042e-1 0.180440594141720239762776684916e0
-0.240042802320039971613654468229e-1 0.524216366183506530226305766423e0
0.124017411208145167331861155121e1 0.319477094938330641133583117547e1

5.626372422773232e-02 -2.396584166894692e-01
1.000000000000000e+00 0.000000000000000e+00
-5.440911452143786e-01 -3.355573753183727e-01
-8.512539885566008e-01 9.438783178057001e-01
1.381821943446178e+00 -1.079033524931235e+00
2.870770261611811e-01 4.408520577630828e-01
-7.911174590070552e-02 -1.202665417533129e-01
3.350942026270859e-02 -2.031220095244997e-02
3.657961635672072e-03 -2.973836329057370e-01

2.569132872751404e-01 -6.044541725711418e-01
1.000000000000000e+00 0.000000000000000e+00
8.181561543784519e-01 -1.598416961461738e-01
9.755771343112551e-01 -2.097374856994615e-01
-1.678417658288939e-01 2.043630420451464e-01
-3.683500819575757e-01 5.226952224535116e-02
6.622206657248905e-01 2.840444621818352e-01
8.585294553217197e-02 2.441163684377216e-02
-4.874505245137091e-01 3.641569244654816e-01

-1.134913127757369e-01 -3.231006373807922e-01
1.000000000000000e+00 0.000000000000000e+00
-6.117587871412205e-01 -6.583866976440071e-01
-6.878334821675935e-01 8.937579925203976e-02
1.809600515133434e+00 -3.113464796780020e-01
3.265324856242806e-01 3.788448176273771e-01
-1.351736141145992e-01 -7.470211982865130e-02
7.953761026688345e-02 -1.036034522250557e-01
-2.162640334237103e-01 -1.995602838392312e-01

0.765716325191142770513e-4 0.365975506764489845482e-1
0.100000000000000000000e1 0.000000000000000000000e0
-0.275471526794504093512e-2 -0.632755349212308062947e-2
-0.341710907041241376326e1 -0.527129607660072636442e-1
-0.132334975112536923835e1 -0.102032300377437218711e1
-0.360762597921841044732e0 0.569861309328156698337e-1
-0.400407276544041504867e0 0.758174386016521953616e-1
0.847073433804418546680e0 0.762664873170046301755e-1
0.301648190823322863755e1 0.277014489650597087655e1

3.177805626443335e-01 -3.070338877849699e-01
1.000000000000000e+00 0.000000000000000e+00
-2.270796787102580e-02 1.112723892549656e-01
-1.989306007575976e+00 -8.167293224837806e-01
-5.236652210118792e-01 -4.340249098130204e-01
-1.149073129311787e-01 3.816852640925149e-02
-2.137563843906363e-01 1.562363363202650e-01
-6.088846206078365e-02 -6.794617277446137e-03
1.782842438370946e+00 2.418837886586365e+00

2.144585322752280e-01 -2.101089225645413e-01
1.000000000000000e+00 0.000000000000000e+00
4.934769322983611e-01 -1.863139696301580e-01
-2.013168170166396e+00 -2.609561804006771e-01
3.442345219953650e+00 -1.242410581325715e+00
1.920785890902934e-01 1.261284382652023e-01
5.061602513676727e-02 1.832575232732403e-01
-4.620640089560511e-02 4.069157151513529e-03
-4.381679959901848e-01 3.504310256728871e-02

4.019023504375011e-01 -1.761713028066460e-01
1.000000000000000e+00 0.000000000000000e+00
-6.821452836163269e-03 1.327858832604552e-01
-2.500943327024496e+00 8.063336450364808e+00
-4.215829577092228e+00 -1.188191227281624e+01
-2.630170995072590e-02 3.132970246806866e-02
-6.825555105493741e-02 -1.647224784312159e-02
-9.263592064239466e-02 1.620230402631751e-02
3.306773315776068e-01 2.527255925224924e+00

3.288665137346548e-02 -7.833962321290413e-03
1.000000000000000e+00 0.000000000000000e+00
9.134859147626272e-02 2.334429333403851e-01
5.580955992856912e-02 1.458209747602703e-01
5.338135294152829e-02 1.674598496880758e-01
-5.631329785852521e-02 1.189729052502229e-01
-1.920234805746775e-02 1.072330098113722e-01
1.013089143836090e+00 -1.590087359320419e-02
-4.749106373064590e-02 9.269240151037580e-02

-2.747148045923432e-01 -2.102002410501240e-01
1.618521362598342e-01 3.149214791081043e-02
1.000000000000000e+00 0.000000000000000e+00
4.061002191812403e-01 1.444980582329669e+00
-1.908974052187893e-01 -1.338550456942094e+00
1.935406021912557e-01 3.287840970910504e-01
2.749410778512934e-01 2.358981282452732e-01
-1.321420132549374e+00 -2.753254537334562e-01
1.471399555279787e-01 2.229627094661126e-01

1.000000000000000e+00 0.000000000000000e+00
2.224664975247189e-01 3.465374869303752e-01
-5.304609627536380e-02 1.670153491079773e-01
-6.878493720387440e-01 -4.181299919005202e+00
-6.869928723767292e-01 -6.739126080511404e-02
-1.330090724596021e-01 7.982320629449799e-02
8.784288350455194e-03 -7.828384982889873e-01
3.166024998719907e-01 1.064318650298400e+00
-1.181139128277477e-01 4.405473455802115e+00

6.080499424089137e-01 -5.743148545254176e-01
1.000000000000000e+00 0.000000000000000e+00
-7.733972250774924e-01 -1.783369881349785e-01
-1.706118171796618e-01 1.261287681654241e+00
8.105933417169454e-02 -2.057153340367544e-01
1.781106489589440e-01 6.579320860959239e-01
-2.997388766173475e-03 -2.797719756858483e-01
5.856160910502287e-02 1.151075571093039e-02
6.482920643463260e-01 -4.919780100011517e-01

2.928906904842027e-01 1.627136595547479e-02
-5.243155311858315e-01 7.543651237642036e-01
1.000000000000000e+00 0.000000000000000e+00
-5.461152151881941e-01 -1.446156169778056e-01
1.717185281011455e+00 -1.581432997435950e-01
3.709921655818437e-01 3.601750993572445e-01
-1.476420433674612e-01 -9.382434939313129e-02
-5.599311474672012e-02 2.521722414809955e-02
-2.095450154156662e-01 -8.609458552733715e-02

-9.577232238108471e-01 -1.706233461128687e-01
-4.612306747828703e-01 -3.513209382922261e-01
1.000000000000000e+00 0.000000000000000e+00
-8.079987331195218e-02 8.332728015047918e-01
-9.725821333500656e-02 -1.463131011952334e-01
-3.726331380262556e-01 1.625876591826320e+00
8.070191834570297e-01 -1.170365900355488e+00
-6.124918741618729e-01 -8.398561015953465e-01
6.554352425775358e-01 3.671787205851813e-01

5.786310703573425e-01 1.045059374790349e-01
1.000000000000000e+00 0.000000000000000e+00
5.275713292885637e-02 1.127561814264530e-01
2.466660357217449e+00 -3.099201598753792e+00
4.601049581066710e-01 5.240621750118706e-01
1.952655263812913e-01 -1.934867744028038e-01
9.754746477147472e-02 8.852228181415013e-02
9.687825396624090e-02 -5.527477048385457e-01
-2.968474284338233e+00 2.119871850763313e+00

1.000000000000000e+00 0.000000000000000e+00
1.415624810533278e-01 2.952018755150108e-01
-1.063650714381553e-03 -3.899175966728822e-01
6.993682964328581e-01 3.228066434850161e+00
-3.624821479086952e-01 -6.628405632945517e-02
-4.750293448366276e-02 -1.648860900566887e-01
1.126478603402642e-01 1.337701910250921e+00
-4.027452935699821e-02 -1.139818302293781e+00
6.550310732986592e-01 -1.869162836366618e+00

-7.870329470962847e-01 -3.319537175618948e-01
1.635384939755190e-03 -5.368367415046679e-02
1.000000000000000e+00 0.000000000000000e+00
-1.493146557329216e+00 4.297768529856459e+00
-2.325265226267052e+00 -5.818598896598480e+00
-7.005310217293281e-01 -6.609132787617615e-01
6.312676975010993e-01 5.454981367489178e-01
1.593017088771845e+00 1.889004961440128e+00
4.900295760280122e-01 4.416155100936147e-01

-2.723790845357354e-01 -2.321565061619579e-01
-1.526546846527163e-01 -2.644379484935423e-01
1.000000000000000e+00 0.000000000000000e+00
3.988908446389607e-01 7.820468681885306e-02
1.453410770931102e-01 1.769116675429574e-02
1.111862195653975e-01 1.718030312919070e-01
2.209393198749194e-01 1.765721055809605e-01
-5.739684504419323e-01 2.523421159251139e-01
1.398718530713051e-01 2.383882424817017e-01

2.591996661844482e-01 -3.175893494016301e-01
1.000000000000000e+00 0.000000000000000e+00
1.691317154306508e-01 -5.790057720232126e-02
1.659991490423310e+00 -7.693752553133737e-01
5.408618348446240e-01 -6.340147854486913e-02
1.281517800469116e-01 6.861606404417969e-02
3.090070703753977e-01 7.600173227058055e-02
-5.332550132641024e-02 8.274534790394424e-04
-1.727422583573549e+00 3.901186205274910e-01

3.187516870991054e-01 -1.189785193166365e-01
1.000000000000000e+00 0.000000000000000e+00
-7.194901421718941e-03 1.060470551571470e-01
-3.201499960086913e-01 1.080806176601654e+01
-8.070614006346686e+00 -1.353700616016128e+01
-3.962300762895511e-02 3.561938481851460e-02
-3.997042579750983e-02 -6.254216498228290e-03
-7.338407267652157e-02 -3.901362304386431e-02
2.237850294929264e-01 2.461887758973679e+00

1.000000000000000e+00 0.000000000000000e+00
2.272194282011962e-01 3.352498852628701e-01
-1.371096649165301e-02 -1.979704670189388e-01
-1.469061584461011e-01 3.755208931754435e+00
5.117784550852216e-01 1.681874409172814e-01
1.244506111887781e-01 -1.106062656378417e-01
1.717138598395937e-01 9.526431927700189e-01
3.273071146319764e-01 1.082693073398096e+00
1.527973493278322e+00 -3.579151085101690e+00

6.093651048719909e-01 -6.488111383980659e-01
1.000000000000000e+00 0.000000000000000e+00
-2.463726893517700e-01 6.470606252847629e-01
-4.091851943132332e-01 2.043858911226969e-01
-1.646689412912214e-01 -1.109962368182243e-01
-1.062912083917074e+00 -3.506483105966287e-01
1.236103790923919e+00 1.015032852707386e+00
-1.030930706878213e-01 -3.585879624210885e-02
7.433974092956922e-01 6.580691290863807e-01

6.962414021500600e-01 -2.127286729063804e-01
1.000000000000000e+00 0.000000000000000e+00
-3.986431735918647e-01 3.829883970887424e-01
-2.718590064865499e-01 -4.352625675364594e-02
-2.041727987203301e-01 1.545740495717392e-01
-1.668852905436402e+00 9.605253374704414e-03
2.029777048697610e+00 6.724239223483467e-01
-9.211431346081231e-02 -6.174966264507900e-02
7.062576972434865e-01 7.318349051501996e-01

2.439411753871710e-01 -4.335793233292755e-01
1.000000000000000e+00 0.000000000000000e+00
7.924773537260130e-01 -5.344886602173491e-01
5.252439687605497e-01 1.226439122274887e-01
4.209725782694375e-01 -9.495659112017747e-02
8.069013073702120e-01 -1.759289406260577e-01
-7.592010161040859e-01 4.411839835896705e-01
-4.557317681763930e-02 1.135459639937166e-02
-3.985151187547727e-01 5.234440646379104e-02

-6.815845514514940e-02 -7.360610101242948e-01
1.000000000000000e+00 0.000000000000000e+00
2.102407660761976e-01 -2.413407818285668e-04
1.572251815657714e+00 8.861651049947019e+00
-8.215132960487846e+00 -1.121409539126596e+01
-3.909372067284467e-02 2.060215043915717e-03
8.744330810500281e-02 1.860743053177620e-02
-2.247076930560621e-01 -3.222436162171438e-01
-6.537549152432462e-01 2.635470673012879e+00

-5.707442690014887e-01 -2.253456535934156e-02
8.005508650472715e-02 4.295080422931170e-02
1.000000000000000e+00 0.000000000000000e+00
2.132053738671387e-01 -8.933612387521519e-01
1.669842450541184e+00 1.140876593750294e+00
1.251137330640598e+00 -5.105790123071559e-01
-9.513148419725851e-01 1.211389087656277e+00
-2.167263207471842e+00 -1.780818056843821e-01
4.106564835939867e-01 1.610773463740173e-01

1.000000000000000e+00 0.000000000000000e+00
5.388495790891354e-01 3.344112902582325e-02
3.743338266086320e-01 -1.170091416405005e-01
6.248639337008166e+00 -7.763002602789376e+00
6.072983647240697e-01 1.135764440697821e+01
2.404409249630103e-01 9.813651239247606e-02
2.528690841449477e-01 -1.379903510717030e-01
7.785933368874151e-01 1.141396790288216e+00
-1.582596265600619e+00 -1.171676735804121e+00

-4.917891716072730e-01 -5.780320916443377e-01
3.377718380313915e-01 -2.920485047100825e-01
1.000000000000000e+00 0.000000000000000e+00
6.035544235439372e-01 2.805525498690609e+00
-2.262124496017160e+00 -2.721886621599412e+00
-2.287929173516872e-01 -5.868491771304994e-02
3.704437333326133e-01 4.864982281124988e-01
-1.009514315234975e-01 -6.610184136442708e-02
2.122832744161223e-01 5.463129925432109e-01

1.000000000000000e+00 0.000000000000000e+00
-8.741945178372651e-01 -4.085007461146435e-01
1.970046698324226e-01 1.388096923233482e-02
5.738888932916235e+00 -5.362488077525387e-01
-9.302309081522349e-01 1.363441142295661e+00
2.379075312260862e-01 -7.603696133548526e-03
6.007457998750321e-01 1.642583022415609e-01
1.491131276092508e-01 -1.584416905143841e-02
-3.774936460958872e+00 -1.020383063827263e+00

-7.259205442811713e-02 -7.411190378102821e-03
1.000000000000000e+00 0.000000000000000e+00
-1.911426163814667e-02 -5.388321123263029e-01
7.456511432404350e-02 1.946194222611108e-01
1.945024579942011e-02 9.336834186700842e-02
-1.931605732936201e-02 1.224000976762418e-01
-4.283944644686825e-02 9.286682307483526e-02
9.611217172453728e-01 2.581576457756790e-02
-4.747790276790200e-02 9.311143483442440e-02

-2.718424748034615e-01 -2.062288737093128e-01
3.768262234033129e-02 -2.127101088306790e-03
1.000000000000000e+00 0.000000000000000e+00
7.092248374070274e-01 4.659605783288626e-01
4.438119694800878e-01 -1.049047539915589e-02
2.638568708585750e-01 4.635638103910951e-01
2.980425379285255e-01 2.599576328192668e-01
-1.859422256396183e+00 -6.975444342308452e-01
1.460509683334613e-01 2.193376268033456e-01

5.814597048466316e-01 -4.014948430299606e-01
1.000000000000000e+00 0.000000000000000e+00
-2.781857956394557e-01 3.149274734750195e-01
-1.162437320465924e+00 -7.114983064221758e-03
3.333818850054579e-01 -2.073525115175663e-02
3.772125078504966e-01 1.510109996628788e-01
-5.351443438770243e-01 1.354077458478548e-01
7.060627541315957e-02 1.051696497778079e-02
1.088213430517866e+00 7.087523397730318e-01

2.510258804215361e-01 -4.228260031642457e-01
1.000000000000000e+00 0.000000000000000e+00
-2.593379683607340e-01 2.802447109915798e-01
-8.725599542053424e-01 -5.888169240697196e-01
1.063523735027606e+00 1.182275171258993e+00
2.920781438003375e-01 8.882079850878868e-03
-3.758138867642188e-01 4.232430230806321e-01
4.623475848927561e-02 -3.432747133096520e-03
9.869913696147817e-01 1.224489804635136e-01

-1.479978766209661e-01 -6.716269998070634e-01
1.000000000000000e+00 0.000000000000000e+00
-3.641733309177472e-01 -9.407909278429957e-02
9.312649121625955e-01 1.533190541018012e+00
2.598075347514048e-01 -2.215588511971932e-01
4.020288952577944e-01 5.236774796844829e-01
5.633779716741076e-02 -2.376816019777377e-01
-3.057360228319167e-02 6.233699707541845e-01
-1.905573769663123e-01 -1.399171478286018e+00

1.359852530997710e-02 4.343248793718456e-02
1.000000000000000e+00 0.000000000000000e+00
2.727313308163015e-03 8.094019347352948e-03
3.551279749326884e+00 -9.613000356507339e-01
1.798270768163772e+00 8.625641004873948e-01
3.304898048524930e-01 3.521270073997909e-02
3.775488754177642e-01 1.897757170846737e-02
8.421797797490462e-01 1.061346712567987e-01
-3.857184916287975e+00 -1.433906691559503e+00

1.000000000000000e+00 0.000000000000000e+00
-1.476743517564359e-01 -7.605905175682807e-01
1.493248181338536e-01 5.273374275204655e-02
5.497324374105792e+00 -6.382829714387350e-02
-1.045960306517338e+00 -1.350253155916192e+00
2.294767465414384e-01 4.136790793435971e-03
7.355294803586221e-01 -1.528880648487004e-01
7.179951063297607e-02 7.085314639459107e-02
-4.876585365599641e+00 2.505004033622527e-02

5.500864555975626e-01 9.186804466748236e-02
1.000000000000000e+00 0.000000000000000e+00
-1.861945458455129e-01 1.502846420833372e-02
-2.191343588376618e+00 4.082164805144431e-01
2.610310441866162e-02 -4.690530601795056e-01
-3.971601124437910e-02 4.310312014465165e-01
-2.611893460923765e-01 -5.438089941680803e-03
8.195318484365621e-02 -4.977471438525443e-01
1.928175646248226e+00 1.264267207858935e+00

6.975306091501552e-01 -1.805939865828748e-01
1.000000000000000e+00 0.000000000000000e+00
-4.316701097507969e-01 5.544253526894628e-01
5.291738737801814e-01 3.941579194362304e-01
-1.128899496194353e+00 -5.918628916656635e-02
-3.255133134022575e-01 4.322486293080200e-01
4.960203451116726e-01 -1.457591606823347e-01
5.998731380765104e-02 3.730518892659864e-02
4.343581422225234e-01 6.621749589363507e-01

1.000000000000000e+00 0.000000000000000e+00
1.910448679976142e-02 -6.029542263364094e-02
1.258831022903042e-01 3.226702668661452e-01
5.154272979104825e+00 -1.366213770124487e+01
3.036531938225001e+00 1.400356581983989e+01
-2.490438821841639e-02 9.912330021541886e-02
8.398482606049675e-01 -5.206434759392662e-01
-8.896127986199549e-01 1.858260999273504e+00
-1.447157547610874e+00 1.696293646561372e+00

1.000000000000000e+00 0.000000000000000e+00
1.981090089703742e-01 2.151172774519487e-02
7.088654104418924e-01 -2.699234439847008e-01
7.305187205006899e+00 -3.930418988019583e+00
-4.142446375656022e+00 7.881522838640587e+00
3.860724471157256e-01 1.704082746478543e-01
3.215999488439433e-02 -4.213457907878895e-01
6.495956989038481e-01 1.787745859994762e+00
-7.799178093641723e-01 -6.544798205061901e-01

-3.234166171177185e-01 -3.884242017544108e-01
1.000000000000000e+00 0.000000000000000e+00
1.161899101780632e-01 -7.673574849747816e-02
6.874803719480278e+00 1.067201023002594e+01
-1.534323931080420e+01 -1.007905014968226e+01
-4.433560665320578e-02 -3.175829650400269e-02
4.334334396086087e-02 -6.913202195095405e-02
3.274776262390208e-02 -4.745740197578828e-02
-6.218526650627274e-01 2.733487446183644e+00

1.000000000000000e+00 0.000000000000000e+00
-3.716872838068709e-01 -1.636754723011372e-01
5.226905080494786e-01 -5.911138375674689e-02
4.424140687019298e-01 -1.331043157846395e-01
1.238265496953009e+00 9.021200030571613e-02
1.690685289567367e+00 2.182021792066877e-01
-1.989466513530604e+00 -4.880682607313686e-01
1.693000168867733e+00 2.005187192785802e-01
-1.323931407281159e+00 -6.345617872067510e-01

4.382920722085464e-01 -3.881700627103589e-01
7.969076549919411e-01 5.108945772157533e-01
1.000000000000000e+00 0.000000000000000e+00
1.173451593606549e+00 -1.544741836624687e-01
-1.770973121682530e-01 2.706743690101210e-01
-3.691720527011256e-01 2.206869179768076e-01
8.425563449937105e-01 8.975593126736583e-02
-2.610563846580790e-01 3.239573038035467e-01
-4.181112287052228e-01 1.721043717943101e-01

1.000000000000000e+00 0.000000000000000e+00
-8.746988009120354e-01 -3.420399834347312e-01
-1.402403836966961e-01 6.812004454135186e-02
-6.015534273160617e+00 -1.673012783833066e+00
1.677815944717652e+00 -1.113436519222285e+00
-2.014900185402731e-01 8.995706514965110e-02
-5.634670734786082e-01 5.900938241878290e-02
1.429524174114447e-01 -7.423897817779829e-03
3.498670403752581e+00 3.506476353224613e+00

-4.453381037752585e-01 6.697342706112730e-01
2.570608125428533e-01 5.040805185053306e-01
1.000000000000000e+00 0.000000000000000e+00
-1.588458318734436e+00 3.452068734191731e+00
9.337500683928377e-01 -4.299850157898701e+00
6.125550418216742e-01 5.261904415160443e-01
-2.968711461484258e-02 -1.464093727844608e-01
-1.477732639149708e+00 5.563391746030224e-01
4.946054260193241e-01 -3.757244189085513e-01

1.000000000000000e+00 0.000000000000000e+00
-5.245408236202919e-01 -4.334772186315520e-02
-8.648674049369240e-01 7.638642905553850e-02
-5.685868253161941e-01 9.855454380447773e-02
1.077718760666720e+00 5.710788947652312e-03
1.692838676628877e+00 5.768334579101292e-01
-1.570143502347236e+00 -2.587993853534553e-01
-1.552410886971572e+00 -2.584918813271020e-01
8.112923609447293e-01 3.646706189095911e-01

-5.040210118790043e-01 -3.565552929577320e-01
-7.594627224859167e-02 -3.518716843154695e-01
1.000000000000000e+00 0.000000000000000e+00
9.658582158202362e-01 8.808562250605302e-01
-8.887765504228449e-01 -8.354237030810727e-02
-5.088648056854931e-01 7.269159388991391e-01
9.575230394599633e-01 -1.059374444283837e-01
-8.122231509312571e-01 -6.821072851143904e-01
2.773332516464854e-01 3.878418718505585e-01

1.000000000000000e+00 0.000000000000000e+00
5.532417446405961e-01 7.133503302423980e-01
-6.096486350531150e-01 2.738648940641457e-01
-8.963502063113269e-01 3.571470824472591e-01
-9.540003470095977e-02 -1.836488336857548e-01
-1.022389799552353e+00 2.691039822655661e-01
1.026152658192236e+00 3.112274155377332e-01
4.474871973234927e-01 -6.004009054995020e-01
8.403134897270603e-01 7.931656736394074e-01

0.100000000000000000000e1 0.000000000000000000000e0
0.522817389672473817016e0 0.956316928229382277432e-1
-0.132384599685406793000e0 0.148081463645521556761e0
-0.726547227796359083602e1 -0.132405047501612325427e2
0.120622279912609299303e2 0.777419297459165465269e1
-0.899810527312882474946e-2 -0.158142205278957479004e0
-0.169393884909476201936e-1 0.425130728312986996600e-1
-0.108264349703300687437e1 0.926161856571661761082e0
0.149668478850981725189e1 0.358841799339113848581e1

-3.100776429758334e-01 -2.063304833145172e-01
4.309005593087110e-01 1.246299252516536e-01
1.000000000000000e+00 0.000000000000000e+00
5.025702973145481e-01 3.114750598499763e-01
2.416940290322131e-01 -6.681805856945018e-02
-1.276569715315889e-01 -3.030342780084112e-01
5.211039551543118e-01 9.963525387895042e-01
-1.141499639921334e+00 -1.325486700782203e-01
1.739183932176364e-01 2.291013091839718e-01

3.571469777919513e-01 -1.810509887240905e-01
1.000000000000000e+00 0.000000000000000e+00
-1.049762100846141e-02 -7.056745463299301e-01
-1.408251592432263e-01 -5.449922382466341e-01
1.657120900354689e+00 9.049660559982067e-01
8.050089063548678e-02 -1.203966326650931e-01
1.329041790191713e-01 5.568960595283871e-01
2.736495744300062e-02 2.035931741841227e-01
-5.243897442676324e-02 -4.350120555858845e-01

5.638448841036292e-02 -5.295031178951494e-01
1.000000000000000e+00 0.000000000000000e+00
3.988985667125239e-01 -3.465713627664262e-01
1.000281604253125e+00 1.644307145588325e-01
-8.750813190407868e-02 -5.075726827165054e-01
-2.357782068175513e-01 4.024604595752971e-01
7.046045133644352e-01 -1.853361900416038e-01
-1.743299918575289e-01 1.897392754084599e-01
-7.121566087643055e-01 3.138117604303146e-01

-3.618878127834803e-02 1.210359887263824e-01
1.000000000000000e+00 0.000000000000000e+00
-9.257632389776140e-01 -1.455243011433965e-01
5.014826144069146e-03 1.787456461799661e-01
5.898838468991545e-02 6.384445035438521e-02
-7.753566647239066e-02 9.322167432295929e-02
9.747767150343367e-03 1.159894379286543e-01
1.032020303553460e+00 6.856669676199434e-02
-4.705163298047482e-02 9.286813996101534e-02

0.174098250988297310683107833408e0 -0.508582602208453066963233752634e0
0.100000000000000000000000000000e1 0.000000000000000000000000000000e0
0.144969801752797922325612165905e0 0.679124632196101997608298394691e-1
0.210965268916887186301976583427e1 -0.970585337244499399719020871484e0
-0.300052110539191400404049005774e1 -0.216373994516254278432793067536e0
-0.144172568329552278227807914573e0 -0.846601199485529353221736446247e-1
0.165822630272349447981688700281e0 0.373287375739830927579894053472e-1
0.655745178865310835526859361575e-1 -0.942234823007553457776918056680e-2
-0.581237293104165259537140989779e0 0.252723341099760803631074700807e1

3.815734917929856e-01 -1.681543807883853e-01
1.000000000000000e+00 0.000000000000000e+00
6.323677960678836e-01 8.513251286584289e-02
-8.216021696863184e-01 3.706790892891396e-01
1.656793683416922e+00 -1.340652027423346e+00
3.484292544518840e-01 9.969466471595428e-02
-1.631935993604815e-01 1.183003502691328e-01
9.037436004275651e-02 1.133886886325175e-01
-4.931142187919106e-01 1.074581001554894e-01

6.526977731505197e-01 -4.700141586217410e-01
1.000000000000000e+00 0.000000000000000e+00
4.369832261988896e-01 -4.922395025468294e-01
1.066908309713834e+00 4.337948692784618e-01
1.541886826315556e-01 -2.070388455742888e-01
8.690370862450042e-01 1.197457437514197e-01
-7.124021763113956e-01 -1.155596432784236e-01
4.744680413756955e-01 5.915573719594904e-01
-8.020270324426652e-01 -4.973031052235036e-01

3.158849479294173e-01 -1.629891642089196e-01
1.000000000000000e+00 0.000000000000000e+00
7.128250671606610e-01 3.661945854249660e-02
-1.299160774730301e+00 4.386370696615573e-01
2.174525225040408e+00 -1.549723646758922e+00
2.968022851305284e-01 1.304407546881856e-01
-7.824293500150775e-02 1.617341504295620e-01
-8.478997912570113e-02 1.483083852201738e-02
-3.774305706604738e-01 7.389326904642302e-02

0.100000000000000000000e1 0.000000000000000000000e0
0.727283121452237381289e0 0.267772808750768692297e0
-0.282344492990955473681e0 0.125162998045211316042e0
-0.404409568526810775033e1 0.113750341676504099098e2
-0.576172582784390461749e1 -0.144063259360786934333e2
-0.199695707389422284127e0 -0.906337808057349296261e-1
-0.211449002588778655099e0 0.297510650596341353222e-1
0.980792417130403484048e0 0.952160931589897301130e0
0.182688638055003131459e1 0.170741273127478512155e1

-1.619946868458426e-01 -6.971848121199502e-01
3.808763435671041e-01 -1.225520569392833e-01
1.000000000000000e+00 0.000000000000000e+00
8.324550075806021e-01 8.203909245478008e-02
-6.387345626824878e-02 1.309333837941085e-01
-1.380989197015190e+00 2.742673494368186e-01
2.049201605228726e+00 5.404803537876195e-01
-1.001731726530682e+00 -5.866817656611178e-01
-5.850282968156192e-02 5.496603128965953e-01

4.362568490475188e-01 -3.198490055055846e-01
6.044039561632588e-01 6.236460387063512e-01
1.000000000000000e+00 0.000000000000000e+00
7.415771932131409e-01 -6.518910541353662e-02
2.300392103277009e-01 1.725036638844758e-01
7.351257486953126e-01 -4.943782317058694e-02
-6.544692437802359e-01 2.848761933331838e-01
-4.667785439087348e-02 2.136969753559496e-02
-3.993125777381240e-01 1.227788196705600e-01

1.519676337422481e-01 -5.331896793058691e-01
1.000000000000000e+00 0.000000000000000e+00
3.980734793373106e-01 5.578839812608960e-02
7.441953069746008e-01 -4.774220089882580e-02
-5.981476976217388e-01 -5.874305560064383e-01
-3.761540423652405e-01 1.607441455312825e-01
6.253811151477939e-01 6.154621712699171e-02
8.956902833642941e-02 -1.290506097956875e-02
-4.850265118339310e-01 9.483619097329079e-01

3.600951831160544e-01 -2.215660612162929e-01
1.000000000000000e+00 0.000000000000000e+00
1.913682152733555e-01 -4.517444690493864e-01
-6.534728985305617e-02 -8.325953217605540e-01
2.207638930721683e+00 1.087513528088262e+00
6.451560505431558e-02 -7.030026653586832e-02
2.200692016210999e-01 5.386361136857986e-01
-2.843107607342755e-02 3.842749286045208e-02
-3.855953036856858e-01 -5.424612267594761e-01

1.000000000000000e+00 0.000000000000000e+00
-9.664045745546387e-02 -2.905124271513354e-01
-6.098156600996084e-01 5.728184093786989e-01
-1.099540561383936e-02 4.061957986924232e-01
1.441776247475990e-01 -1.069445054701281e+00
1.085154083919396e+00 1.900624087712548e+00
-4.354334101931511e-01 -1.996434436125319e+00
-1.758374467592753e+00 2.729487309790583e-01
4.281549209983364e-01 8.177471634509182e-01

1.000000000000000e+00 0.000000000000000e+00
-8.351514858538622e-01 9.801405319038752e-02
-5.706140319074209e-01 2.703404778632334e-01
-6.038043121694773e-01 1.824940775769954e-01
-1.014773476416974e+00 -4.047819716695528e-02
-1.467263426094327e+00 -3.089177377428703e-01
1.334085102100036e+00 7.274004180697892e-01
1.324475007240161e+00 2.038708943561580e-01
8.722752726762180e-01 8.573769521030996e-01

1.000000000000000e+00 0.000000000000000e+00
1.317227831315443e-01 3.232365306642726e-01
3.398283123906748e-03 1.267273069464567e-01
-1.150827540677790e-02 -6.083435615236839e+00
7.950183880507021e-01 1.852706766980087e-01
4.590965242750655e-02 8.761753504698944e-02
-2.082331334612646e-01 -6.399088192879662e-01
2.933472092888578e-03 -9.679271868468879e-01
-2.152545915485167e+00 5.698860507329364e+00

-2.067764931620829e-01 -5.734487997618161e-01
6.099664871258993e-01 -4.235078330383510e-02
1.000000000000000e+00 0.000000000000000e+00
4.135694858704189e-01 2.389439078248598e+00
-1.468692146985185e+00 -2.323381477061345e+00
-2.511636850070775e-01 1.614820262114438e-01
4.116814082821976e-01 3.260042948811854e-01
-8.204196288448104e-02 -4.768462322356015e-01
5.523404652409081e-03 4.707414923137961e-01

1.000000000000000e+00 0.000000000000000e+00
-7.277921844508017e-03 -6.064421482841264e-02
-1.508897996605026e-01 -2.653223706554343e-02
-2.856069856013372e+01 1.163893897584549e+01
1.948158042320255e+01 -2.642812225143943e+01
-3.222364251180949e-02 -3.431154135502631e-02
-2.257012210412356e-01 4.858655928351283e-01
-9.035912287884951e-01 1.700255915532376e+00
4.976222313742005e+00 8.044923885812731e-01

1.000000000000000e+00 0.000000000000000e+00
9.345651199276097e-01 3.024382919335409e-01
-5.362311463223632e-01 2.482671819204391e-01
-7.663924503289546e-01 -3.669707051868475e-01
-2.110481198582152e-01 1.461007984040956e-01
-1.094838674602136e+00 1.752948406134303e-02
1.216082827160458e+00 3.366932013308855e-01
3.988415641882968e-01 4.482916361316499e-01
9.401255243144604e-01 9.078590890743244e-01

