0
-8.030630751581538e-02 6.502596386011239e-02
1.816390789575192e-01 -1.180082998496598e-01
-5.032983627745346e-02 -1.640496703431949e-02
6.606361550009630e-02 1.311267459454339e-02
1.002262733089837e-02 6.621976946762668e-01
-7.221189031404135e-02 -6.854390225104593e-01
-2.752338221857842e-02 1.077228784384896e-01
-2.343908416187373e-02 3.838515069752180e-02
2.537929123421753e-02 -7.850281331543264e-02
3.202092247605263e-01 -2.354878182856101e-01
-3.985456477238503e-02 -1.715730574251245e-01
-3.043337325337881e-02 7.256988340888465e-01

1
-4.180694320738142e+00 -2.674878562627411e+00
2.026427081966993e-01 1.540647571189754e-01
-2.965072913725521e-01 -1.407006144894724e-01
3.683637343001671e-02 3.039122097604646e-01
4.279881602198473e-02 3.497309618780252e-01
-6.390588982774391e-02 -9.237611599938430e-01
-3.824250816819970e+00 -5.218788387769401e+00
-1.634880119599189e+00 -2.441272994085036e+00
-3.688785310334817e+00 -4.693603245945073e+00
1.458308552224571e+00 -3.934682700886951e-01
-7.832722964907355e-01 -4.253305891938135e-01
-5.099314061499841e+00 5.588213491546933e+00

2
-9.336425358164724e-02 8.895360967020796e-01
2.278333192809163e-01 8.025605111190386e-02
3.793950220106161e-01 -3.855661600497208e-01
-1.204586068353400e-01 1.385490122560055e-01
-2.492200126190224e-01 4.548717725047474e-01
2.779584987456736e-01 -7.016893824418902e-01
-5.280291132573818e-01 3.205548970037887e-01
1.343092051407024e-01 4.763632580387589e-01
-4.706607570320886e-01 4.092532345289059e-01
4.162169901219707e-01 -2.606997688381669e-03
3.054592300347857e-01 4.930777478048565e-01
9.922145738695682e-01 1.454895876802928e+00

3
-4.136611784868435e-02 4.873607771095492e-02
-1.602142534024013e+00 3.281341295651571e-01
1.910280277473744e-02 5.087303667474719e-03
-6.933334249050886e-01 3.797091157947963e-02
1.715768576871521e+00 5.129249284449674e-01
1.825337617242266e-01 -6.225022256804744e-01
-4.078356518930002e-01 7.423972784689319e-01
1.683648875744521e-01 -1.625353229516642e-01
1.989478503630247e-01 -1.665853464730998e-01
6.210229370061185e-01 -3.274779318495091e-01
-2.434895729470638e-01 1.722051276105176e-02
5.505986046256487e-03 1.244872034220184e-01

4
3.447252766268596e-02 2.619399772195983e-01
1.954810552806362e-01 -1.113547369055843e-01
-7.613839615901057e-03 -2.127607328714551e-01
-8.398177384420713e-02 1.356261796796755e-01
9.533142856186156e-03 5.962153882086785e-01
4.250243204557962e-02 -6.953714873117874e-01
-4.802036267416563e-02 8.564225840161370e-02
1.880592606545861e-01 2.460465822325969e-01
1.363326014165819e-01 5.426412191226577e-03
3.376541663493718e-01 -2.314513739801474e-02
-6.671364060309112e-02 8.757320360455939e-02
2.674171056784095e-01 7.124358363058724e-01

5
-1.100269316113436e-02 3.361816071229799e-02
-2.592444334758274e+00 5.421599740875859e-01
9.376339049257885e-03 -2.371077581366711e-04
-8.438976206758310e-01 3.665971341047885e-02
1.989890245779501e+00 6.045888898728337e-01
1.119866794734983e-01 -1.237031173770281e+00
-4.941707557992782e-01 8.564483520850060e-01
1.688912080336322e-01 -3.290736568141497e-01
7.158318072125980e-02 -1.783714049650684e-01
7.444808081512299e-01 -4.441382663217480e-01
-1.536586271176601e-02 1.059046464365550e-02
2.921219387383340e-03 1.036472399347256e-01

6
-2.759334120230308e+00 1.867240956099842e+00
2.186939180356464e-01 -2.717092594721265e-02
9.627411895658979e-02 -1.802433776292151e-01
-2.974257509684178e-01 6.128665673684253e-03
1.740485017801817e-01 5.065639541495363e-01
-8.614208711379480e-05 -6.454230869403054e-01
-2.301763291719702e+00 -5.928591869086821e-01
-7.570605827828758e-01 1.694597168353809e+00
-2.078041874945166e+00 -6.318997042503394e-01
-7.614008463039985e-02 8.378497215528667e-01
-2.255394679737255e+00 2.608354607943234e+00
1.283886805961528e-01 4.884637154577967e+00

7
1.934605419405332e-01 2.589728289700774e-01
9.820124293036779e-02 -2.362302352884741e-01
-8.396753296219181e-02 4.631177700306789e-02
7.176689519793276e-02 -2.429816977030410e-01
2.430543028346990e-01 9.707252833626376e-01
-1.616628242845966e-01 -5.825724563720802e-01
2.426599376269796e-01 3.860137383863004e-01
1.244064779344443e-01 1.924595813004316e-02
1.851534226943136e-02 6.108974647014557e-02
3.948404766649829e-01 -2.860687192538535e-01
3.903890519598019e-01 6.217589045663213e-02
1.587941088683917e-01 6.061365792633706e-01

8
-5.366946032883745e-01 -1.672767893417268e+00
1.882607011102665e-01 1.076150666842142e-01
-4.479150263849791e-01 -1.295084651471794e-01
7.052105454883016e-02 4.111579826954436e-01
6.120258436890680e-02 3.405640909012339e-01
-1.073649466678795e-01 -9.612298853501395e-01
1.029267535325039e+00 -2.848198896877065e+00
4.247442580770164e-02 -7.715548742468191e-01
1.593862269526458e-01 -2.378182235667993e+00
3.035732333884515e-01 1.687567318490195e-01
-1.269041195339396e-01 -2.656030928842147e-01
-2.977956606291306e+00 1.276683365433185e+00

9
-4.416127460928100e-01 -1.714527674030512e-02
-2.604673993113029e-02 -2.041641239987638e-02
4.508480807567359e-01 5.942403014985139e-01
-2.241266745197068e-01 -9.256490550612316e-02
3.516049354700682e-01 1.377129712086747e-01
-9.835135737071367e-02 -7.043628460668902e-02
5.276481246497106e-01 -9.938522959833026e-01
-2.188801108534083e-01 1.878658399878216e-01
-3.554410801022514e-01 -6.161880692840305e-01
2.904369596665857e-02 3.694906693903775e-03
3.404515178562700e-02 1.987872222409335e-01
-8.011175851182840e-01 1.809275883423249e+00

10
5.360728838686490e-01 -2.283307477107343e+00
3.566981938134853e-02 4.145875462575297e-02
6.852219791917520e-01 2.800635605897596e-01
-1.263854542995979e-01 -1.204124201125610e-01
2.688908238566141e-02 2.643326930497437e-01
1.532883938197035e-01 -1.924541313921219e-01
2.984260881159733e+00 -1.417550660526056e+00
1.560586277708558e-01 -1.095634161395913e+00
1.749429088257399e+00 -2.129271257356806e+00
-1.576897045751845e-02 -4.070677386906215e-01
-2.342868145753931e-01 -1.015476265693147e+00
-3.637555562560134e+00 -1.222253082212366e+00

11
1.374868497587731e-01 1.059200715754255e-01
-2.458946450478296e-01 -5.034643522669359e-02
1.600952566327690e-02 -1.144879488522208e-02
-4.527044771818601e-01 -3.748285750942962e-02
6.675661081203856e-01 3.007965677190910e-01
2.231295181874881e-01 -6.946479979132650e-01
-5.592180134427096e-01 1.130768164592536e+00
2.504259164551259e-01 -6.617762865456611e-01
-2.351969697230420e-01 -1.968251829665645e-01
1.036489566341385e+00 -6.640359937491002e-01
6.457380260548239e-01 1.864814956525578e-01
4.696592390762658e-02 1.050377540048424e-01

12
-1.832572248091011e-01 4.679911616966760e-02
-1.343680287344683e-01 3.484310590820434e-01
3.418398348219589e-02 1.887797287767710e-03
-4.893698537068990e-01 3.890143187846646e-01
6.527718223762938e-01 -2.155034648928195e-01
1.976224610460882e-01 -5.029224779771717e-01
-4.032116836904903e-01 1.078569504243095e+00
-1.984206697926125e-01 -2.511735196471728e-01
-7.355923705203031e-04 4.367675440366827e-02
4.957383238256921e-01 -6.480883765620414e-01
-2.305753143443577e-01 -3.140318489948448e-01
-4.737415581021218e-02 2.204886954935874e-01

13
-3.937681794670744e-02 8.128804274965874e-02
9.851156507053056e-02 -8.818981426739393e-02
-2.315386108868501e-02 2.109080265304892e-02
-3.825275757397387e-03 1.543872338292602e-02
1.141016879561675e-01 6.147003229239416e-01
-7.971951621395715e-02 -6.439132667500096e-01
5.058480211599424e-02 4.553314377846004e-02
-1.236193227337105e-03 2.262254175347542e-02
-1.933855188231098e-02 -9.203612479092746e-02
3.304006791598595e-01 -2.312999208695048e-01
9.822139892569820e-02 -1.251384175670957e-01
-3.906430642919032e-02 7.891917873397439e-01

14
1.177666886539514e-01 3.579580104054990e-01
-5.575554168069499e-02 -7.304418533936895e-01
-4.039399528796148e-01 -2.131881919026068e-01
-7.572148951862119e-01 -1.460698546269413e+00
1.724209912561339e+00 2.136112157285319e+00
-4.516570891108470e-01 -5.178525514499677e-01
6.262269415637488e-01 -1.284319995028601e-01
5.844531829115436e-02 3.642765465743353e-01
2.460186822070494e-02 5.115884048455183e-02
8.889635250472042e-02 -4.630496099123695e-02
2.677533794856176e-01 1.772990793659480e-01
8.708541262563103e-02 1.073611141420814e+00

15
8.940588210884575e-01 -3.168135231561769e-01
-3.025019675034563e-03 -1.482068229171476e-01
1.959255666927461e+00 3.174709735920359e+00
-7.687700194162645e-01 -1.154797388359157e+00
1.027785859246391e+00 -1.053089317104017e+00
-8.163224028950532e-01 1.940505058320677e+00
1.219191017398787e+00 -8.455787956087643e-01
8.754134545304133e-01 7.879146240432651e-03
9.313438630762723e-01 -5.183429965462004e-01
4.161319793644754e-01 3.011528651759432e-01
6.227474413084602e-01 9.161917515534243e-02
-2.848645278319643e-01 -9.260289965328544e-02

16
1.208061502246182e-01 -4.781416607088403e-01
-4.122824936075938e-02 -1.055449088445458e-01
1.138971649149035e-01 -9.762394081138367e-02
-1.245556630988354e-01 5.768588828670814e-01
-4.321911050254120e-02 1.635850064050478e-01
2.276931478130717e-01 -5.129163418981683e-01
5.256969813318126e-02 1.048083506993968e-02
7.201231593886017e-03 3.945157305435154e-02
8.398246250719974e-01 4.287601470289892e-03
1.514320887197508e-01 -1.972823292083004e-01
-7.047868941535790e-01 -1.063465269538603e+00
-8.743532669615178e-02 -2.428600921516236e-01

17
-2.035896386153919e-01 1.528797261341013e-01
3.571749386282196e-01 -1.039526468661064e-02
-8.356950701937016e-02 4.966258203808838e-03
3.614915225816320e-01 9.255449185052722e-02
-3.470035908542237e-01 6.249962194154212e-01
-1.056285008899661e-01 -8.002662745135581e-01
-4.611626203204824e-01 2.313228343727113e-01
-7.140778323141057e-02 8.509590077083655e-02
-6.947355736036707e-02 6.001449115386064e-02
3.716279228261314e-01 -2.384777349687244e-01
-1.995884003327202e-01 -2.533473205440575e-01
2.370667019422237e-01 7.886245432895989e-01

18
-1.220384232514781e-01 1.183597143971421e-01
2.057452705089289e-01 -1.959172262049295e-01
-1.206318964122333e-01 -1.244024078023798e-01
1.036213665425308e-01 -2.935146989472649e-01
1.034051573658013e-01 1.092055494115701e+00
-1.769709782870611e-01 -7.737692598821917e-01
1.352595643041523e-01 -1.298652920818575e-03
-1.464117972566833e-01 1.007459704928713e-01
-9.941505232367685e-02 -2.041317177668017e-02
2.011468262460638e-01 -2.626531398862711e-01
6.007469214749427e-02 -1.997212498689613e-01
-6.205922837807158e-02 9.816738746910719e-01

19
-5.000374874809341e-02 1.649903613222703e-01
2.917790175414637e-01 2.978232651648526e-01
3.019530608045260e-02 -9.910107298397637e-02
2.746748375205235e-01 8.314884687937084e-01
-5.811627491765295e-01 -1.491707880290708e-01
1.685422578431163e-01 -7.507927539032693e-01
4.390481721400964e-01 -3.754615788307062e-01
-8.421845658080941e-02 3.913684104155974e-01
8.745970101633126e-02 2.692807430206536e-02
-1.298116512131943e-02 -2.260524105624725e-02
-6.840011475725651e-02 -1.786681067448657e-01
5.032514505191039e-03 1.105556716549816e+00

20
2.669999529086362e-01 -4.639278129302622e-02
8.756329476499594e-02 -1.227941561066106e-01
3.432997918648009e-02 -2.146038101952446e-01
-1.364999464103757e-01 -7.494425368532168e-02
2.207116612293448e-01 7.384263221434570e-01
8.743879283101783e-02 -6.637038380377712e-01
-4.212003736336781e-02 2.349283405213355e-02
1.829699458105966e-01 -2.344270744662799e-01
1.532673987015255e-02 -1.473578137460538e-02
5.586194716263967e-01 -3.117410665358569e-01
5.859422607071093e-01 -3.675974995949822e-01
1.802928374467354e-01 4.849015953615516e-01

21
-1.922571343187100e-01 6.113498888170721e-01
2.416764760532938e-01 7.126576636701962e-04
1.431565633342353e-01 -3.454845675161408e-01
-6.016739309387349e-02 1.104655924394030e-01
-1.562741408755442e-01 6.013007920142115e-01
1.276782879839385e-01 -7.664015347704868e-01
-3.831426693930776e-01 1.154512709604326e-01
6.431767407824583e-02 3.737433927134884e-01
-3.457989140278402e-01 1.456848329408708e-01
3.577499048014190e-01 -1.705958260203789e-02
8.431683095554968e-02 3.624817821560659e-01
5.486007170796867e-01 1.356340161728292e+00

22
-4.586767783232687e-03 2.146218851563398e-01
1.714196423737130e-01 -8.185719577959225e-02
-2.206651398625085e-02 -3.211952892007308e-01
-7.557097377808492e-02 5.653227185559270e-02
3.193947832605048e-02 7.303243340404663e-01
5.454336714104757e-02 -7.816380864359547e-01
-4.078684821135686e-02 2.799431236680737e-02
7.223993883255653e-02 1.391615523272502e-01
-3.099739865244683e-02 1.022611817586972e-02
3.382721245090295e-01 -1.367576869801154e-01
1.162843254733131e-01 -3.712214240267678e-02
1.953672445208264e-01 8.625861495577152e-01

23
-2.241324629988563e-01 -6.134346712923665e-01
4.862525436627208e-02 2.736855513427821e-02
3.242792007839037e-01 7.550874190383613e-01
3.115764601312774e-01 4.892847960006660e-01
-3.544125350102101e-01 -2.652042280662125e-01
-1.500284518145812e-02 -2.401676845661137e-01
1.193825954213716e+00 -1.613338518137010e+00
-1.862795139721351e-02 -6.015992839547053e-02
1.232785816055671e-01 -1.182691688415468e+00
1.061360009549679e-02 1.118178828795054e-01
2.812014088229757e-02 4.768961257165426e-02
-1.599137445016971e+00 1.337215529411470e+00

24
-1.788209443355882e-01 -9.912959525834313e-01
9.876784807503505e-02 -1.443735127053727e-02
-7.349585430324268e-03 9.032780111399338e-01
4.351067973302135e-01 2.183948980975166e-01
-1.361288892338601e-01 7.127007586304962e-02
-3.611966266275981e-01 -3.364710850523249e-01
1.346214445242776e+00 -1.813321907599142e+00
1.991594267330155e-02 -2.854193663865676e-01
3.429658523487112e-01 -1.470143434336969e+00
5.309235295815441e-02 7.518411712211806e-02
-5.116687262446196e-02 -1.674085713428506e-01
-2.026194284311867e+00 1.007747315764387e+00

25
-8.414338770333259e-02 -3.960145663791791e-01
1.066621484451728e-01 5.317734721991858e-02
3.838791637631264e-02 -5.956388366129852e-02
-2.376554961433947e-02 1.936983085005866e-01
2.472274223524917e-02 3.850890614484555e-01
4.598572280443344e-02 -6.714347284821390e-01
5.802800309163745e-01 -4.403068290027666e-01
-1.054688442418207e-02 -7.938721697704197e-02
3.349503642489632e-01 -5.947712152949005e-01
1.788630794648704e-01 -1.509511630337863e-01
-2.320951797286458e-01 -2.379068802926327e-01
-8.534956466414684e-01 5.634469280639087e-01

26
-1.537693971870106e-01 -6.169987617398169e-01
-1.619653544312034e-01 -1.114951329698519e-01
-1.575787419905964e-02 1.772588852056783e-02
4.495506747686467e-01 7.775950279656626e-01
-4.145633197485704e-01 2.553961078618071e-01
2.734131252838838e-01 -6.096613648220328e-01
-1.154631349591312e-01 -2.793066003461329e-01
-1.051764527589592e-01 2.344255870379529e-01
1.004666392574042e+00 -1.114550432369647e-01
-2.794429731495750e-02 -2.950015823391558e-02
-1.367405230332609e+00 -1.217756666170770e+00
-2.472489151864778e-01 -1.682940505312255e-01

27
-2.433164795186125e-01 2.431598992344496e-01
2.207432212134586e+00 -2.074671130423163e-02
1.324680891099011e-01 -9.685093805156928e-01
4.555763946003730e+00 4.878593071871854e-01
-5.826540391078850e+00 2.537621531868555e+00
1.066372175138631e-01 -2.422377849783497e+00
5.856564492042574e-01 5.375976419973029e-01
-4.273269790365155e-01 2.427012224757546e-01
-2.273720330798793e-02 8.386409541244005e-02
-7.934252492158431e-02 -4.508005435744522e-01
-2.606261411005514e-01 -1.027080860118020e-01
-3.290450529088214e-01 9.202941762120813e-01

28
-9.251329680131792e-02 1.274338817106658e-01
9.898601763960130e-02 -1.548679845023430e-01
-6.539926500646510e-02 3.376081912038471e-02
3.085165338441368e-02 -3.164286270853847e-02
1.112770456893289e-01 7.123324619834946e-01
-1.157857146335438e-01 -6.623762284820152e-01
1.051080933040933e-01 1.699135140450804e-01
1.036195369476909e-02 3.877912273822617e-02
-1.084827338213070e-02 -1.812112200533268e-01
3.347149256414774e-01 -2.254055548347011e-01
-5.302566226224328e-04 7.852010144863056e-02
-1.611760426555269e-01 7.778657993114058e-01

29
7.728473340754229e-02 6.397701308811261e-01
2.466057258777634e-01 3.085901732573427e-02
9.587904848668080e-02 -1.684923072159823e-01
1.068268710513289e-01 2.442089547076174e-01
-2.969204107661078e-01 4.707304754053893e-01
5.060082023976333e-02 -7.461801533029321e-01
-2.409298893299791e-01 4.668144774141085e-01
5.679194221025165e-02 1.736238429608999e-01
-4.015986518737585e-01 3.881989425700660e-01
4.494631213087740e-01 -2.686420566741074e-01
5.949099676792180e-01 1.682565283636149e-01
7.411136784018082e-01 1.122371852493860e+00

30
1.366002589588931e-01 1.779290123729012e-01
7.381060138902412e-02 -1.064235953597041e-01
-2.077652602320064e-02 9.953349484573482e-02
-7.875445534326476e-02 -4.638246399920052e-02
2.592730428261555e-01 6.092117493104722e-01
-1.268089432872987e-01 -5.542981630837623e-01
-5.711222013365071e-02 3.193879519962606e-02
7.650439016649317e-02 5.100314445281191e-02
-4.943046947914204e-02 1.568155446926110e-01
3.799978337081897e-01 -2.180073436883474e-01
3.719956911865072e-01 -2.708099242683023e-01
3.675467863408283e-01 7.787158325662696e-01

31
-1.260909570636300e-01 -4.133719219239997e-01
2.575717381424639e-02 2.448824390678689e-02
5.070981447863446e-01 6.695087066333392e-01
1.303219781571747e-01 4.269908684719987e-01
-2.734384800093683e-01 -2.931210871819452e-01
1.006735270235942e-01 -1.464119778146895e-01
1.113327904367960e+00 -1.187486485756905e+00
-2.913015884919776e-02 5.664723579893154e-02
1.883110306846546e-01 -8.486874325077380e-01
-1.695713032664646e-02 4.908092630763259e-02
-3.437278047441176e-03 -8.300022256383339e-03
-1.209639441653503e+00 1.161816947234540e+00

32
-7.952673489215785e-02 3.093882815478202e-02
2.580666071106879e-01 -7.084417494621159e-02
-1.012095282395353e-01 -1.743721615166486e-01
3.205038356753558e-02 4.256904660814982e-02
5.773684181249358e-03 6.743035083080556e-01
-2.414785809541491e-02 -7.579775844076392e-01
-2.544964172518529e-03 6.242926880003549e-03
-9.869470791284760e-02 5.599608041214114e-02
6.192779221360157e-03 1.212330529860765e-04
2.529665931501490e-01 -2.578586694547055e-01
-9.364551354303431e-03 -3.525650438760370e-01
1.048509395834459e-02 7.914286567151931e-01

33
-3.676067990321939e-01 -1.322115889551991e+00
-2.189528850507527e-47 -2.091000052234688e-45
6.587302937423302e-01 7.223423431130512e-01
-8.232628477908300e-45 1.024699502037522e-44
2.452272312568430e-45 -1.751623080406021e-46
5.780356165339870e-45 -9.809089250273719e-45
2.627434620609032e-45 -6.831330013583483e-45
-5.254869241218064e-45 1.685937214890796e-45
1.887744830613180e+00 -8.950995011301238e-01
-2.093736963297822e-46 -9.305497614656988e-47
-2.679603733581941e+00 -1.227091392795909e+00
-1.383388625880800e+00 -1.352443571223323e+00

34
1.021302527745030e+00 -1.103114612794145e+00
1.384767191712407e-01 1.075387079229326e-01
-9.459650475608010e-02 -8.593207303267382e-02
2.130352483040443e-01 1.045019277818740e-01
-7.545735835729485e-02 5.860445968379034e-01
-2.813850839810566e-02 -8.329376127839834e-01
3.464311810783422e+00 -8.868761524463844e-01
3.934269548260996e-01 -5.152375711563340e-02
1.854454613643191e+00 -1.013482807602643e+00
-4.150313398073066e-01 -1.660339433799959e-02
2.734986042366839e-02 -3.862027785712305e-01
-2.109261897422511e+00 -8.705967765517770e-01

35
-9.291816104848859e-02 1.948174740938498e-01
4.653860869514054e-01 4.223114307389227e-02
-6.019792230454217e-02 -1.065590078256909e-01
7.319496231473984e-01 2.358428883677760e-01
-8.026587389324101e-01 7.122413106304916e-01
-2.909975870774143e-02 -9.014085212663627e-01
3.561495425724308e-01 -5.947892679971188e-01
-1.460000068793158e-01 3.671271391090431e-01
-1.397236397853430e-01 5.956535424266762e-02
-3.522474241694301e-03 -3.298801669343956e-02
1.604842957692771e-01 -2.363014599670468e-01
7.686993915293226e-02 1.418761041677641e+00

36
1.250224837359997e-01 2.704070479296804e-02
6.797608366821654e-02 4.887954164242988e-01
-1.296472650481132e-01 -4.284577740874995e-02
1.239720809480271e+00 9.978869171086736e-01
-1.353890027566580e+00 3.083987828341386e-01
-6.220963239761210e-02 -1.183385094692224e+00
9.286004792222867e-01 -7.478560335895877e-01
1.209945303285775e-01 4.188579180563242e-01
3.386645540210784e-01 -2.386834029583812e-01
-5.890789769886091e-02 1.629290450152419e-01
-5.025158443535805e-03 7.456371617339140e-03
-3.001421007610119e-01 9.879596309084898e-01

37
-1.008022248215627e-01 3.707887249255359e-01
1.164492607949884e+00 -8.676199429429047e-01
-3.662613860097106e-01 -5.187925934019529e-01
2.481038138261877e+00 -1.885289052454987e+00
-1.792101544747307e+00 4.239795142606541e+00
-7.730280048396982e-01 -1.487534215091708e+00
9.036044293508598e-01 8.189932612013381e-02
-2.620117908418684e-01 4.606256099061878e-01
-2.482915644102955e-03 7.131257746652260e-02
-1.737864169603394e-01 -1.929322711707800e-01
-4.609019360724109e-02 1.305007855414521e-01
-2.252889593904918e-01 1.202675997696620e+00

38
2.809681240742907e-01 3.095341523416111e-02
-1.644892694887354e-01 -8.451285155450315e-02
5.518654689076489e-02 -3.594124695729226e-02
-4.827365875190307e-01 -2.374299084376943e-01
8.339721234624057e-01 5.332230762841720e-01
1.580912341167831e-01 -4.977571876229020e-01
-1.868384965715103e-01 7.919338913948709e-01
2.106406636203292e-01 -4.235410005103815e-01
4.066029075251488e-02 -1.006999154371079e-02
7.504876880649931e-01 -5.368936501214367e-01
5.343519535572738e-01 -1.619125127724652e-01
1.478428062541196e-01 6.392417578455988e-02

39
1.205485907128414e+00 8.940634289456745e-01
4.513853620985626e-01 -1.431815072035395e-01
5.729934479479817e-02 -1.266062802194465e-01
-3.865504398197152e-01 3.174240733978194e-02
8.397746006221510e-02 4.946621522565418e-01
-1.831870998479364e-01 -5.734868184708191e-01
5.581255629597276e-01 8.993392234449390e-01
8.216131982370489e-01 5.835853733778218e-01
7.029676501841101e-01 1.037535630929561e+00
4.031788519432595e-01 7.492279561419504e-02
8.778695858933865e-01 1.737106144108935e-01
1.740519436746454e+00 -1.987063725563341e-01

40
-2.515220491604511e-02 6.556447117013148e-01
4.063720385936462e-01 -1.585389724711162e-01
-6.677159834216115e-02 -2.244175833685281e-01
1.344783480092685e-04 -9.477224178096046e-02
-8.798744089854921e-02 8.813691840883411e-01
-1.613231747698069e-01 -7.639882327188675e-01
-2.971174365168945e-01 4.420303647220258e-01
1.450121497495891e-01 4.753274541395386e-01
-3.993288297611034e-02 3.380350515253734e-01
3.122286622277251e-01 -1.132060862958724e-02
-9.336347951747261e-02 2.821890579840879e-01
7.515388764247999e-01 9.324974130633006e-01

41
1.215473770826514e+00 -7.214533858243891e-01
2.468179084480085e-01 2.297432889990439e-01
-4.338348211346750e-01 -7.598476747036971e-01
4.950913171607238e-01 -2.600141371179674e-02
-2.672989109486083e-01 1.225069121794023e+00
4.360469370396411e-02 -1.435186466372960e+00
3.124893167213489e+00 -7.697948352017413e-02
6.587567477543271e-01 -9.988376270558304e-02
1.803125607275699e+00 -7.912037063163631e-01
-9.244166122633533e-02 -8.746688063882643e-02
2.620795725605596e-01 7.126620018636451e-02
-1.590826499717515e+00 -1.198357132489059e+00

42
5.755143541187184e-02 4.952043384263828e-02
9.802231371790592e-02 -4.858763349105465e-02
-2.493228607634489e-02 -3.240758704098876e-02
-4.260540480077894e-02 1.289655406487248e-01
9.972511710609494e-02 5.038962176691514e-01
-2.162437110869325e-02 -6.521751232616242e-01
1.653693107116387e-03 1.003488753005100e-02
8.606391807488860e-02 3.072595659229332e-02
9.197148572974714e-02 -4.085017662825140e-02
3.619384230421831e-01 -1.837294957632996e-01
1.033106058921157e-01 -2.149683631981088e-01
8.984908344247718e-02 6.415630644870205e-01

43
1.688526274998798e-01 3.439213387811791e-01
9.189347334091247e-02 1.376552550327863e-01
-3.373412878899494e-02 4.455625095798692e-03
7.304452262019120e-02 2.511349443000722e-01
2.181670590490416e-02 3.005632540847517e-01
3.490811981150804e-02 -6.988064040444280e-01
3.396314719770070e-02 1.679299625319803e+00
-1.827823880800914e-02 1.057180705276144e-01
5.039312093042385e-01 4.447354001906684e-01
3.193213763420275e-01 -5.573587684402268e-01
-4.362680615337736e-01 -1.554952757617828e-01
3.729481174186020e-01 -3.419286721306515e-01

44
-4.412123581543650e-01 4.554328619006570e-01
2.084817348305867e-01 -8.947984641296622e-02
-4.563519790293318e-02 -2.116814847028503e-01
-3.553147585894753e-01 1.746499873845941e-01
2.260724130628275e-01 4.067907531524241e-01
2.205314378000679e-02 -6.700025672494392e-01
-1.777156910517826e-01 -1.617177179965587e-02
-1.395440978496136e-01 7.476928648902772e-01
1.116972675510054e-01 1.162474293989769e-01
-6.615968358289573e-02 1.525774919830130e-01
-9.192120321853730e-01 1.189299263747140e-01
2.712779770878440e-01 1.210572165651866e+00

45
8.638860359893480e-01 -1.557569594477774e+00
2.052866437591093e-02 -5.010572313454302e-02
5.219948353374793e-01 9.660885471440471e-01
1.962692261265946e-02 -7.737232939075009e-02
1.403336931307050e-01 1.766273712115394e-03
-2.091606342948462e-01 6.995210414571083e-02
2.917140439745173e+00 -1.020348289879803e+00
4.363803114320505e-01 -6.327176339904929e-01
1.692036493429132e+00 -1.498492311550977e+00
-5.199239260709122e-03 -1.911558622854735e-01
1.205228897748265e-01 -5.531436861525433e-01
-2.564450210305445e+00 -1.069176099296092e+00

46
7.691220632512084e-02 1.278461741324647e-01
7.493750270552763e-02 -1.451945632571301e-01
-9.014982271721401e-02 7.231656798743277e-02
-1.171170276119910e-01 -1.711527235229873e-01
3.782493864438288e-01 7.535629663076908e-01
-1.835676246678223e-01 -5.855531389311129e-01
-1.663231098526127e-02 9.068450543804601e-03
-8.865129410427684e-03 4.109757773603561e-02
-6.199211720263977e-02 1.373800939773953e-01
3.256159127137679e-01 -2.573037390260660e-01
3.081623012278719e-01 -3.481634765892174e-01
2.649483155743598e-01 8.148426853880795e-01

47
-1.869646755664922e-01 1.246700724838836e-01
6.387050767970508e-02 -2.361705302437496e-01
-3.513428120118748e-01 -3.223698322274638e-01
-2.007729670024298e-01 -4.501907152162647e-01
5.840070507511043e-01 1.348159646645221e+00
-2.830410395602946e-01 -8.986989871241260e-01
2.930820466698004e-01 -2.000173311590638e-01
-1.419498197036588e-01 1.437524036391152e-01
-1.521226863047070e-01 -1.784180848481202e-01
1.553094167324173e-01 -1.854162743912744e-01
5.897350013967341e-02 -8.354396414405437e-03
-2.584502223086575e-01 1.181157645359462e+00

48
6.094162305895400e-01 -1.803091989528325e-01
-5.060057865872236e-02 -5.279541277176088e-02
2.810597463621170e-01 -9.225901919040292e-01
-5.226019415874970e-01 -3.303513217016394e-01
5.454161045622022e-01 1.080658175075671e+00
5.460365488955933e-01 -7.472624563005403e-01
1.385264465966161e-01 -5.077692917720762e-02
5.791747530841332e-01 -3.621431675787170e-01
3.437318020426367e-01 -2.020025919463438e-01
7.613186701913683e-01 -1.748891016948685e-01
7.823533612343208e-01 -2.033063040871801e-01
1.460352611314014e-01 -1.348899354389767e-02

49
2.742227491300226e-01 1.299026180239169e+00
5.541478737712217e-01 -1.646561238505763e-01
-2.012736855600254e-01 -1.882088624653348e-01
-2.952772248827162e-01 -1.187718976781629e-01
1.348169356047367e-01 7.522556663635739e-01
-3.439421981484492e-01 -7.646396079371268e-01
-2.627687631764560e-01 1.074512740889559e+00
4.510015435477648e-01 8.769683620725207e-01
7.097213674571230e-02 8.063049764839576e-01
3.427258446820533e-01 1.655629292099942e-01
2.675898351320328e-02 8.712246828105091e-01
1.556727121037829e+00 8.029830072083756e-01

