12
0
0
52
-6.858406019526773e-02 6.593035985675848e-02
2.113689990414232e-01 -1.364044754658534e-01
-4.558553780094095e-02 -7.006352843337214e-03
6.451893456016704e-02 -1.376508738343551e-04
6.593070825009629e-03 6.608650592618934e-01
-6.847316833784499e-02 -6.648354710826512e-01
-2.043675404182890e-02 1.212414046461033e-01
-2.144007727823655e-02 4.410726716910924e-02
2.290931915706048e-02 -8.352749953006426e-02
3.262374032873848e-01 -2.183481996014897e-01
-3.578271310076885e-02 -1.583568069863718e-01
-3.661118937838497e-02 7.242680711239247e-01
1.665334536937735e-16
6.850850688764644e+03
5.653481562018137e-16
3.906250000000000e-04
1.192685375564832e-13
0.000000000000000e+00
1
1
1
52
-7.467845969853461e-02 -2.777261909577349e+00
1.895942008062478e-01 1.735572499483055e-01
-3.076874149103588e-01 -1.089996173067284e-01
9.572175195587310e-02 2.417414555429021e-01
6.937282997675187e-02 4.117981295507127e-01
-8.865377414493029e-02 -9.128137169790632e-01
1.400264553366809e+00 -4.768470582658638e+00
9.001315002350667e-01 -1.637009316517684e+00
1.254209986047698e+00 -3.824851597011029e+00
3.451407328865307e-01 4.797956356850712e-01
3.213302092785270e-02 -4.691500578907733e-01
-4.197276934859468e+00 8.260264280723216e-02
4.782987168225453e-15
2.855793895016896e+03
2.645656719990110e-14
2.441406250000000e-05
1.866363826968507e-14
0.000000000000000e+00
1
1
2
52
-6.666772251411561e-01 1.284972676119908e+00
2.160675350530582e-01 3.493782638422289e-02
1.980306553017328e-01 -9.948396156873877e-02
-1.026972930642162e-01 1.144353771159876e-01
-5.656620393514635e-02 3.929891160428914e-01
6.946359209443700e-02 -6.094170612948194e-01
-1.186237217114060e+00 2.684265971825636e-01
-1.237164847458157e-01 8.091808077872368e-01
-1.358673593240358e+00 2.853736700826171e-01
5.711139003203258e-01 3.367919277394765e-01
1.391169058356786e-01 1.170092627056329e+00
1.027652440427798e+00 2.738873941511786e+00
7.348678496207199e-16
1.695733692301883e+02
1.114597524313137e-14
9.765625000000001e-05
3.659943279392640e-12
0.000000000000000e+00
1
1
3
52
-3.673758019401251e-02 4.821136614969217e-02
-1.913245078522271e+00 3.132003582266142e-01
1.946954598369411e-02 3.256756865675301e-03
-7.563092154913126e-01 4.250004149279105e-02
1.864432341396070e+00 5.607808350013564e-01
2.205932774604974e-01 -7.106326230448893e-01
-4.142273894521198e-01 7.521587898307537e-01
1.696194538966177e-01 -1.641017858516309e-01
1.898984400636914e-01 -1.700631200749022e-01
6.320013156388807e-01 -3.199187876835596e-01
-2.357074758570424e-01 2.448044388207988e-02
4.160270424753978e-03 1.272020648603988e-01
4.449557262054371e-16
3.053018882873182e+04
2.830035469316479e-15
3.906250000000000e-04
9.560420812775164e-14
0.000000000000000e+00
1
1
4
52
3.257782752267967e-02 2.321419142607791e-01
2.199865245299267e-01 -1.306252343034029e-01
-8.609079343734938e-03 -1.766405711294464e-01
-6.648919527457324e-02 1.208961770859395e-01
3.024279019130844e-03 5.923533969317335e-01
3.433285458475771e-02 -6.700284380878128e-01
-4.480746050513851e-02 8.714837818010035e-02
1.931981601657510e-01 2.514428214298156e-01
1.211965128864783e-01 -1.022955850179957e-03
3.804860357847413e-01 -8.993764605001293e-03
-6.805456920820190e-02 8.496560224944037e-02
2.535339350878985e-01 7.263219420130713e-01
2.482534153247273e-16
6.319623615987662e+02
3.989533708281267e-16
3.906250000000000e-04
1.611947382012214e-13
0.000000000000000e+00
1
1
5
52
-1.010370540535441e-02 3.279184665942437e-02
-3.026946545426744e+00 5.423038926333137e-01
9.915812570121259e-03 -4.942912619279424e-04
-9.371622961381920e-01 3.735735278465405e-02
2.197725668141397e+00 6.787587806008089e-01
1.331250799589742e-01 -1.368985618853030e+00
-4.925323518420321e-01 8.632300662575222e-01
1.665863465427030e-01 -3.264076355687482e-01
6.860887684231382e-02 -1.764260892080377e-01
7.474520035553281e-01 -4.417672751736632e-01
-1.589625567371642e-02 1.065432706461913e-02
2.226968827660134e-03 1.056352445716687e-01
4.002966042486721e-16
1.867460557000900e+05
6.212567020615022e-15
3.906250000000000e-04
3.029277651123543e-13
0.000000000000000e+00
1
1
6
52
-1.885758273020794e+00 1.116400562440360e-01
2.655052949795563e-01 2.002391371623272e-02
9.397451605525130e-02 -1.547430036477771e-01
-1.536324687774069e-01 -2.468082522904767e-02
6.727803960409820e-02 5.393307696650519e-01
-6.884092878071341e-03 -6.778334025906936e-01
-1.317101358960543e+00 -1.192575693967705e+00
-9.879839546826047e-01 5.056275137620952e-01
-1.167429943369846e+00 -1.250233066180537e+00
-1.866169980776345e-01 4.830731291688558e-01
-1.719876985827036e+00 5.365490154787697e-01
-1.356982182666823e+00 3.123265249832277e+00
1.404333387430680e-15
4.131789686818224e+02
8.865136736399550e-15
9.765625000000001e-05
5.268935072005445e-12
0.000000000000000e+00
1
1
7
52
1.843188031118279e-01 2.187730346025689e-01
1.184780808350452e-01 -2.649960837090179e-01
-6.093018890389396e-02 4.459824061783636e-02
4.347242680046877e-02 -2.571011417504068e-01
2.531608568297044e-01 9.546126994102454e-01
-1.279210806495497e-01 -5.555153556058973e-01
2.849767874852753e-01 3.989075410542398e-01
1.316744536248276e-01 1.624313519632168e-02
1.809519031590268e-02 6.116413598396200e-02
4.405135168165788e-01 -3.077600879920120e-01
3.874312194390183e-01 5.386604551291217e-02
1.317180220593571e-01 6.020080980248943e-01
4.577566798522237e-16
4.268193068793109e+02
5.117568709488212e-16
3.906250000000000e-04
1.414459653381010e-12
0.000000000000000e+00
1
1
8
52
-9.759296695988802e-01 -9.260034508746168e-01
2.249002557899793e-01 1.357269123126676e-01
-2.670285927166878e-01 -2.302602888757556e-01
1.471669619918329e-02 2.959255536656624e-01
2.594301697500568e-02 4.121180216741891e-01
-2.824689511455775e-02 -9.159038356778045e-01
-1.853910459316800e-01 -1.916498847049206e+00
-4.474062071516436e-01 -7.325406734539354e-01
-6.255812174044093e-01 -1.870642055465638e+00
2.155658462279758e-01 -9.311592526476643e-02
-1.722792375904272e-01 -1.341010164754776e-01
-2.242781032815296e+00 1.869679671281097e+00
1.564193530657107e-15
2.155279866945692e+02
9.383935692140165e-15
9.765625000000001e-05
9.579346888865681e-12
0.000000000000000e+00
1
1
9
52
-2.672027339536396e-01 1.090001242653340e-01
-6.135313156987780e-02 -1.519624365738972e-01
2.061989150346841e-01 5.625195783348991e-01
-2.920145205101537e-01 -3.315043369457636e-01
6.397528289580842e-01 4.890044810683669e-01
-2.823388227267196e-01 -1.681706122394096e-01
5.048328060935749e-01 -6.402102657837019e-01
-1.944227582653784e-01 2.246991946899883e-01
-3.034227165291634e-01 -3.897889937144993e-01
4.877964329309242e-02 -1.613805390723803e-02
1.324757398148897e-01 1.594820719568751e-01
-5.278535796884882e-01 1.605694027879482e+00
2.482534153247273e-16
2.396017026657859e+03
3.582335450349996e-15
9.765625000000001e-05
2.376583767543225e-13
0.000000000000000e+00
1
1
10
52
7.135038125405644e-01 -6.103652184301054e-01
8.628518216438419e-02 -4.846350311748111e-03
1.061970290940734e-01 4.667174027219870e-01
-1.685266187103076e-01 3.542440416330307e-02
3.395316398681056e-01 1.482878074033241e-01
-1.697438538705660e-01 -3.196058706491615e-01
1.940220433283890e+00 -3.210114118195709e-01
4.577641901921654e-01 -2.144242903267472e-01
1.254710205310856e+00 -5.595838024447786e-01
6.038162566107697e-02 -3.058626000098558e-01
2.108095115217071e-01 -2.940913901877170e-01
-1.033220276209192e+00 -6.061480044133146e-01
9.930136612989092e-16
1.992714821546957e+02
5.948777384837793e-15
9.765625000000001e-05
3.079626451276141e-12
0.000000000000000e+00
1
1
11
52
1.222928327652154e-01 1.019172823010173e-01
-2.918044135484811e-01 -5.788325767064465e-02
1.462114916374238e-02 -9.088050363596743e-03
-4.618362073372696e-01 -3.808798215875024e-02
6.883167054683214e-01 3.071801341988401e-01
2.302891223140629e-01 -7.098977408892586e-01
-5.447596419374242e-01 1.151712432934191e+00
2.534136397670843e-01 -6.502485088020954e-01
-2.372470390873855e-01 -1.869927007280218e-01
1.056457043886275e+00 -6.763064307690154e-01
6.283147711215137e-01 1.973647117996767e-01
4.713506815284355e-02 1.112974652278350e-01
3.248706834302236e-16
8.789307861548912e+02
1.104766593312581e-15
3.906250000000000e-04
2.203981461676758e-14
0.000000000000000e+00
1
1
12
52
-1.560439864240687e-01 7.197860504985770e-02
-1.571625716505116e-01 3.832667108339861e-01
2.798734809636361e-02 -9.081059429826448e-03
-4.181832045104900e-01 4.200236575407469e-01
5.729602591672334e-01 -1.978408165994661e-01
1.846871281821755e-01 -5.604029684404475e-01
-4.041040848509023e-01 1.083414824049368e+00
-1.840315551283034e-01 -2.165244722865605e-01
2.541891466973818e-03 4.620918897804860e-02
4.919135418861201e-01 -5.924051538969117e-01
-2.311079328828530e-01 -2.779499362032756e-01
-2.350698808143909e-02 2.292354145181056e-01
7.850462293418876e-16
1.689788787006185e+03
2.227290736929330e-15
3.906250000000000e-04
8.618270701752673e-12
0.000000000000000e+00
1
1
13
52
-3.134541931125391e-02 6.927190907999133e-02
1.271180877636156e-01 -9.663901350763927e-02
-1.597679803217675e-02 1.530097078998112e-02
-3.908266285900482e-04 1.645617448707270e-02
9.474242418095979e-02 6.065530604325817e-01
-6.549460312017745e-02 -6.354362477189563e-01
4.507923448414219e-02 4.872408164199617e-02
-2.249132742788461e-03 2.367836935009794e-02
-1.827079619397927e-02 -8.831651283370899e-02
3.394963437707619e-01 -2.226850173251259e-01
9.757176863274382e-02 -1.419230991366663e-01
-3.626547369403484e-02 7.820479748396221e-01
1.000741510621680e-16
1.197055528946366e+04
3.226235053201584e-16
3.906250000000000e-04
2.396656913206758e-13
0.000000000000000e+00
1
1
14
52
1.130282539651031e-01 3.189189861248354e-01
4.226063558390870e-02 -9.146048634562409e-01
-3.303990075294487e-01 -1.512136187105052e-01
-6.925116467294528e-01 -1.637181562612225e+00
1.653059385077856e+00 2.285868540187078e+00
-4.154282255575489e-01 -4.330671124391426e-01
7.458824632410547e-01 -1.134731448872089e-01
3.652201771335604e-02 3.949866600612095e-01
2.428735594912695e-02 5.609373763828525e-02
1.004126735968582e-01 -5.111527508789090e-02
2.529206927208795e-01 1.713087143978443e-01
2.401998549308031e-02 1.098859474143754e+00
4.002966042486721e-16
6.124110745125961e+02
7.562185581511636e-15
3.906250000000000e-04
2.435568648254976e-12
0.000000000000000e+00
1
1
15
52
7.668883743080864e-01 -6.321903673398649e-01
-8.912003900173168e-02 4.607346149442197e-02
1.301336569190196e+00 -1.087060390954103e-01
-2.589087133749490e-01 4.553991040541152e-01
-5.245931559220453e-01 -1.927547416459865e-01
8.053396628809388e-01 -4.133085125745570e-02
1.158360616224135e+00 -1.535279661902117e+00
9.980078666038348e-01 -2.599386559359840e-01
9.559757824073674e-01 -8.685435092675712e-01
5.040042411117556e-01 2.249040606439669e-01
7.113581087430754e-01 -3.637451636913447e-02
-5.887845317714815e-01 -3.523044612312687e-02
1.274416227965477e-15
3.840323931150448e+02
1.326673876490350e-14
9.765625000000001e-05
9.809950093475750e-12
0.000000000000000e+00
1
1
16
52
6.292931844229649e-02 -4.095799534401354e-01
-6.727848833842803e-02 -1.213738570321307e-01
8.092398107560678e-02 -7.892088090808831e-02
-1.198454105243255e-01 6.408222906318298e-01
-5.170430904776595e-02 1.213223259753302e-01
2.262610931003046e-01 -5.237357852314000e-01
5.978695714804838e-02 -1.936886927527403e-03
1.498874328492641e-02 3.784300334232851e-02
8.438512150408500e-01 -5.662468372851814e-02
9.403870569822277e-02 -2.155837782942495e-01
-7.493310590062937e-01 -9.322450635039511e-01
-1.383928069007889e-01 -2.117289109862912e-01
1.023575053304181e-15
1.626297789503420e+02
1.176366094861313e-15
3.906250000000000e-04
1.374391211404701e-12
0.000000000000000e+00
1
1
17
52
-1.664634887387137e-01 1.581751049280355e-01
4.388946635409641e-01 -8.819089273528738e-04
-7.350330912992289e-02 1.332174233575551e-02
3.856369939428902e-01 4.441522434622591e-02
-3.714955606240335e-01 6.487410018962074e-01
-1.292118337468100e-01 -7.730366414779858e-01
-4.341741629764160e-01 3.004283681272715e-01
-7.067032830158011e-02 9.938263740621396e-02
-6.178022909441506e-02 6.397971166967252e-02
3.816898286532928e-01 -2.084541178674220e-01
-1.961620328672531e-01 -2.314648361456782e-01
2.297885366440192e-01 7.570577865097272e-01
1.755416734288351e-16
1.000067100974642e+03
1.951748096012074e-15
3.906250000000000e-04
4.594674633034710e-13
0.000000000000000e+00
1
1
18
52
-9.943076761951562e-02 1.091873506400109e-01
2.356505735737235e-01 -1.998037186387901e-01
-1.006473688012004e-01 -6.681761572671224e-02
9.392666804345670e-02 -2.655226473113050e-01
9.983732112957408e-02 1.004676237535537e+00
-1.668343740111098e-01 -7.164625129250397e-01
1.371722708525603e-01 -1.090883590505026e-02
-1.418625170881638e-01 9.693045393810854e-02
-1.185302636623596e-01 -2.911804056496058e-02
2.200800828465996e-01 -2.381631540279503e-01
9.783370215387971e-02 -1.976079269006910e-01
-6.633158256722654e-02 9.952449235224605e-01
2.288783399261119e-16
4.910288440763832e+03
8.164312149835075e-16
9.765625000000001e-05
5.999314860941094e-15
0.000000000000000e+00
1
1
19
52
-4.425160553519460e-02 1.546796048599470e-01
2.921718675142585e-01 3.540698468585621e-01
1.681606025790305e-02 -8.870515843938884e-02
2.872639404932518e-01 8.489999215477734e-01
-5.695463698176485e-01 -1.735805463012915e-01
1.402974876718188e-01 -7.492040535162064e-01
4.895858845559306e-01 -3.311234859185788e-01
-1.067058347886707e-01 3.996809563267519e-01
7.918996584487681e-02 3.026679092945855e-02
-1.130890400875603e-02 -2.446213137931704e-02
-6.938169936082490e-02 -1.779627626730634e-01
-3.004325348633808e-02 1.107944390283555e+00
2.288783399261119e-16
1.734214558972767e+03
6.378830328148563e-16
3.906250000000000e-04
4.923019599410776e-14
0.000000000000000e+00
1
1
20
52
2.189911115498040e-01 -5.316588703978035e-02
1.078694096015566e-01 -1.387199824432806e-01
2.125436920429792e-02 -1.723605054016022e-01
-1.364310609502089e-01 -5.958672336945697e-02
2.208291886087664e-01 6.942183426580807e-01
8.099506429705279e-02 -6.436823311990509e-01
-3.392141237036947e-02 2.536161571694341e-02
1.709602689399917e-01 -2.426098056754465e-01
1.199500119396615e-02 -1.499499392092457e-02
5.585666938701056e-01 -3.614043753651028e-01
5.537883563397620e-01 -3.683611796805307e-01
1.594523890206439e-01 4.982160146185351e-01
5.661048867003676e-16
1.271537478248003e+03
9.822501218246896e-16
3.906250000000000e-04
1.637550260864548e-12
0.000000000000000e+00
1
1
21
52
-9.425025673712442e-02 5.448293297070040e-01
3.119546334234026e-01 -2.680588097969134e-02
5.221778208518625e-02 -2.872729883435134e-01
3.313127790538982e-03 1.168955074144379e-01
-1.773658087364668e-01 6.185843085202132e-01
4.994315316566306e-02 -7.638708995049783e-01
-3.305917378805274e-01 1.949423623046790e-01
9.801111355828811e-02 3.987758333847680e-01
-2.946131204394481e-01 1.938369375628801e-01
4.360357999358174e-01 3.371690399252460e-02
1.010690626463181e-01 2.941321532648797e-01
5.834958425723312e-01 1.251247358811008e+00
3.140184917367550e-16
3.583837815453679e+02
2.612253757232376e-15
9.765625000000001e-05
1.498712673988221e-13
0.000000000000000e+00
1
1
22
52
1.109040557967701e-02 1.918717633756206e-01
1.949883572079730e-01 -1.002261489665367e-01
-2.691402051453166e-02 -2.513712017485474e-01
-6.037771758285282e-02 5.496740128908505e-02
3.515581927423231e-02 6.953729707811478e-01
3.389390116820841e-02 -7.366701689394225e-01
-3.633092818009817e-02 3.647641585087593e-02
8.681327365651084e-02 1.461391292811598e-01
-2.933200701525818e-02 1.405091679178605e-02
3.752450582545440e-01 -1.192319965347163e-01
1.204556803426289e-01 -4.416735255871585e-02
2.006110783829470e-01 8.526102867747867e-01
3.330669073875470e-16
1.661089284873590e+03
5.543851056181238e-16
3.906250000000000e-04
1.301803066260819e-12
0.000000000000000e+00
1
1
23
52
-1.057098458898885e-01 -7.317428941239759e-01
2.550625200548557e-02 1.706497089158334e-01
4.240607276250666e-01 1.396993921021002e-01
2.804330802022819e-01 7.286803446635356e-01
-6.247460326670587e-01 -2.220201266802657e-01
3.547875306553707e-01 -5.268827474897840e-01
1.645564254515876e+00 -1.717146018800358e+00
6.218830516599166e-02 -1.087095475832171e-01
5.045794203560950e-01 -1.410202758419028e+00
-1.977835005005515e-01 1.248797614258333e-01
-1.141093037323161e-01 1.102238481508985e-01
-1.970228349949199e+00 9.643513365523985e-01
9.155133597044475e-16
1.256153730701200e+02
5.460731994701856e-15
2.441406250000000e-05
6.366199759488171e-15
0.000000000000000e+00
1
1
24
52
1.935124580749915e-01 -1.073797149377881e+00
1.312068559289050e-01 2.199233821473972e-01
2.942722049770558e-01 -2.879086310371956e-01
4.971723028823655e-01 1.953207425486571e-01
-6.171712396131349e-01 6.149002989446377e-01
2.789115665359596e-01 -8.600054642702336e-01
1.965920371047366e+00 -2.139575276334174e+00
2.657154521046681e-01 -3.612243838192851e-01
8.007857820999673e-01 -1.541015651958278e+00
-1.508946178177177e-01 6.900029410493969e-02
2.151272380128663e-01 -2.183172982904938e-01
-2.118804114503983e+00 5.656943786432199e-01
8.675560052622147e-16
1.937864938868044e+02
6.359439982920096e-15
2.441406250000000e-05
2.106471643202968e-12
0.000000000000000e+00
1
1
25
52
-7.657772166602260e-02 -3.424081107768387e-01
1.151822137952006e-01 6.176112744468931e-02
2.802868518934088e-02 -4.950970584229855e-02
-7.330888431790522e-03 2.212868696441224e-01
5.886314609715217e-03 3.587338628250764e-01
4.437957699339876e-02 -6.719200322904955e-01
5.631653791362662e-01 -4.298874144440935e-01
-1.074944403012737e-02 -7.284654503185768e-02
3.720231398374688e-01 -5.784257601114791e-01
1.125151915969832e-01 -1.569534336062531e-01
-2.520502310896753e-01 -2.271110106496027e-01
-8.153333734905915e-01 5.283939627832682e-01
5.467214348906571e-16
8.843042749172370e+02
1.331630548199878e-15
3.906250000000000e-04
4.604558540525062e-12
0.000000000000000e+00
1
1
26
52
-1.507477343070423e-01 -4.522841722656069e-01
-2.073389520143584e-01 -9.763944184101801e-02
-1.281645166334943e-02 1.452533835338106e-02
4.849703681915154e-01 7.735790626610171e-01
-4.278406200188908e-01 2.830848238876010e-01
2.787889227284302e-01 -6.377479151373224e-01
-1.512134207417042e-01 -2.215917766208835e-01
-4.354449267330387e-02 2.050543781361420e-01
9.256761557324208e-01 -1.823441388527965e-01
-2.873700336867603e-02 -1.941008960110242e-02
-1.247550822774333e+00 -9.343672729614290e-01
-2.352852612905349e-01 -1.000440520862507e-01
3.140184917367550e-16
9.964078814972606e+01
3.601725700110327e-16
9.765625000000001e-05
3.078742732723249e-15
0.000000000000000e+00
1
1
27
52
-1.962655485038251e-01 2.407813917310268e-01
2.228176538803625e+00 -7.257076752925484e-02
-3.803737032765400e-02 -6.764110952092771e-01
4.092658526900352e+00 -1.520544612313163e-02
-4.831980990809247e+00 2.699674150200531e+00
-2.481141701348060e-01 -1.981276912599662e+00
6.847766591298083e-01 5.969610527647331e-01
-4.446216823440594e-01 2.669136102476786e-01
-2.446462261121276e-02 8.486141026195314e-02
-8.473955616681955e-02 -4.177099271546386e-01
-2.342198494771530e-01 -8.011791704399403e-02
-3.734639917637551e-01 9.153922149390397e-01
8.326672684688674e-16
2.000875126379896e+03
1.120397039573224e-14
9.765625000000001e-05
1.027565239602004e-13
0.000000000000000e+00
1
1
28
52
-7.717463658879951e-02 1.188701768461332e-01
1.343381645784932e-01 -1.811358637351563e-01
-5.104839377394855e-02 3.320925890759893e-02
3.735005122984058e-02 -3.888251746599759e-02
8.293328484246627e-02 7.118027764501365e-01
-9.718863417430140e-02 -6.463840430128069e-01
1.025750223985163e-01 1.960471166466802e-01
1.179142385634664e-02 4.317762029389766e-02
-1.085613805388340e-02 -1.809960949315900e-01
3.511461788385321e-01 -2.070440876388649e-01
-1.962827935512778e-03 7.776271831067313e-02
-1.628894919102455e-01 7.641848459895109e-01
1.273811594446465e-16
1.671994117812026e+03
3.631040200050186e-16
3.906250000000000e-04
1.617718559062662e-13
0.000000000000000e+00
1
1
29
52
1.766489962871899e-01 7.025432804653636e-01
2.690966758188063e-01 7.504959401977838e-02
9.585577077552636e-02 -1.281997180138476e-01
8.569720611055358e-02 3.172147622361478e-01
-3.023553352146353e-01 3.398827222891237e-01
4.936818131221787e-02 -7.218414136253553e-01
-2.501915433194958e-01 6.894855370666092e-01
9.940227429862518e-02 2.103507718751168e-01
-5.029751729370692e-01 5.806300263304401e-01
6.185792367785896e-01 -2.944434218229101e-01
7.892686587336076e-01 1.746474492712770e-01
9.758476342467675e-01 1.140604253668600e+00
4.577566798522237e-16
9.458772721345109e+01
1.627482267273008e-15
9.765625000000001e-05
4.091062629673583e-14
0.000000000000000e+00
1
1
30
52
1.280503038142781e-01 1.362769516179681e-01
9.780502659837252e-02 -1.227524526012511e-01
-1.187527478566433e-02 6.190930704913299e-02
-7.888935458478276e-02 -4.790943164484893e-02
2.326265325546695e-01 6.235755608063501e-01
-9.653796753802714e-02 -5.631912368990695e-01
-5.760922160448630e-02 4.281415631404265e-02
8.107226366506007e-02 4.179315615075867e-02
-3.560143985796108e-02 1.609946804763978e-01
4.144386538132535e-01 -2.363506303717157e-01
3.487804654549321e-01 -3.069935859885498e-01
3.582021693780377e-01 7.499635331871587e-01
6.661338147750939e-16
2.939839506172702e+03
2.232486371292336e-15
3.906250000000000e-04
2.548985365008213e-12
0.000000000000000e+00
1
1
31
52
-2.425822913251513e-01 -3.428644743053242e-01
-5.527908277121873e-02 1.596430746899912e-01
8.273987383096907e-01 3.552966840482915e-01
-2.165287430483969e-01 9.126217949740566e-01
-3.880913401990436e-01 -8.730061371588375e-01
5.705154312857127e-01 -7.515043627080722e-02
8.725989324102604e-01 -1.296823826717729e+00
-1.163497035076739e-01 4.334890536941600e-02
2.792720123241142e-02 -8.641061462895955e-01
-7.043154695367010e-02 6.105530698310293e-02
-3.070743705306687e-03 -1.943036367164750e-02
-1.164032506139035e+00 1.377610394110994e+00
3.330669073875470e-16
5.506621866692993e+02
5.949898468406409e-15
9.765625000000001e-05
6.842668111211551e-12
0.000000000000000e+00
1
1
32
52
-6.757299843443049e-02 3.038306854038041e-02
2.873758062210186e-01 -7.245427069952982e-02
-8.505744145608907e-02 -1.380309788837333e-01
2.903126082217317e-02 3.703629760794061e-02
9.093948832474528e-03 6.398182702847061e-01
-2.591657808727139e-02 -7.151689918232681e-01
-1.601074685689198e-03 5.683646694014894e-03
-9.927384761774029e-02 5.964560302523176e-02
5.329052325715832e-03 -3.554727214874897e-04
2.518908420548007e-01 -2.431538144427416e-01
-2.550730805632575e-03 -3.548330462020090e-01
1.160447557783792e-02 7.910482601435174e-01
1.688305753616065e-16
1.426525575384827e+04
6.335992916455681e-16
3.906250000000000e-04
3.092965081833549e-13
0.000000000000000e+00
1
1
33
52
-4.030819605795449e-01 -7.063112371861408e-01
-2.393707929646404e-189 -6.633852812142096e-190
6.587302937423303e-01 7.223423431130513e-01
3.381416392594348e-189 3.634312033233677e-189
-4.289566762936768e-189 -1.076693334069232e-189
1.979683649148863e-189 -6.587266887892226e-190
-9.975897119549582e-192 -9.746425845529711e-192
-8.532479210900939e-192 2.409172580723612e-192
1.196411360370485e+00 -9.139744494575548e-01
1.758863055354715e-192 1.818583502637214e-191
-1.886894049098650e+00 -4.204456585830937e-01
-1.209148509712329e+00 -5.041611505817494e-01
3.330669073875470e-16
1.286226632324330e+02
2.935942228146987e-15
9.765625000000001e-05
1.947789478041756e-13
0.000000000000000e+00
1
1
34
52
7.821229426166195e-01 -7.497274008531511e-01
1.764159945357075e-01 9.563081690964258e-02
-1.734852803788819e-01 -5.068955741668296e-02
1.531576328647580e-01 -6.987150790298710e-02
1.174455742785341e-01 7.139036767743926e-01
-1.420043139923837e-01 -8.057337230818356e-01
3.069572235150427e+00 -7.151595075739517e-01
3.423134255235219e-01 2.344848295680795e-02
1.619398684895411e+00 -7.395753708819575e-01
-4.314749141550493e-01 -2.175792087190891e-01
1.549975797860326e-02 -2.558883735519114e-01
-1.659810081232457e+00 -5.785198707286161e-01
6.280369834735101e-16
1.416025096278071e+02
5.409479638325796e-15
9.765625000000001e-05
2.331668980578200e-12
0.000000000000000e+00
1
1
35
52
-8.589160260110033e-02 1.768874442956778e-01
5.051836337990123e-01 6.035324247792639e-02
-6.497096779687399e-02 -7.779909427525641e-02
7.059862005774920e-01 1.938981349834145e-01
-7.412950759809721e-01 7.052411682537018e-01
-6.078964215123279e-02 -8.529631051639546e-01
4.288629156833043e-01 -5.506095518187886e-01
-1.758628458624990e-01 3.638205820724245e-01
-1.603377636315525e-01 4.237638088446254e-02
-9.695968740622635e-04 -3.569583253911826e-02
1.761475722255396e-01 -2.232516644185434e-01
5.962570922288215e-03 1.430667179747602e+00
4.577566798522237e-16
1.196899933020443e+03
1.799140589579993e-15
3.906250000000000e-04
5.080636031718804e-13
0.000000000000000e+00
1
1
36
52
1.095368243505276e-01 3.043334641384315e-02
1.500683623704790e-01 6.270001838994327e-01
-1.095844780213872e-01 -3.041548722474537e-02
1.334222571772046e+00 8.569381584317991e-01
-1.339670160903234e+00 4.300183021472091e-01
-1.698186880291377e-01 -1.142272611440807e+00
9.527968673152519e-01 -7.819762217298672e-01
1.184104748188301e-01 4.398243833380119e-01
3.300816834707367e-01 -2.260444437560278e-01
-6.443495023659179e-02 1.597952902143058e-01
-6.430457532413715e-03 7.657953361256731e-03
-2.921648594708368e-01 1.029265386882279e+00
6.131407058289218e-16
4.142641785533790e+03
4.276283634672702e-15
3.906250000000000e-04
5.380914195062553e-13
0.000000000000000e+00
1
1
37
52
-7.525547566196693e-02 3.444936283352841e-01
1.316760996207770e+00 -6.867652845856951e-01
-2.772789360529582e-01 -3.588105146305450e-01
2.367752369623286e+00 -1.493408206486838e+00
-1.855534062997499e+00 3.550547395196905e+00
-6.576974298199735e-01 -1.265471474438574e+00
1.042924040315450e+00 1.492140480743067e-01
-2.956200660251027e-01 4.896355885938963e-01
-3.679224650747964e-03 7.488195315846211e-02
-1.739783303788439e-01 -1.828944101158378e-01
-4.311597740858453e-02 1.379677000885564e-01
-3.021923880158180e-01 1.205961351345610e+00
6.684427777288335e-16
9.511633193980158e+02
5.214197902105575e-15
9.765625000000001e-05
1.465662598461859e-14
0.000000000000000e+00
1
1
38
52
2.336949653485605e-01 2.402129506347679e-02
-1.776985639873525e-01 -1.395000393317730e-01
4.310925735089413e-02 -2.590030164435769e-02
-4.682116763161449e-01 -2.395361109573372e-01
8.247463917399953e-01 5.613442955543255e-01
1.681505202107022e-01 -4.978347050373221e-01
-1.791988854757924e-01 7.944982047543961e-01
2.060818042737672e-01 -4.141578210972802e-01
4.126867688471799e-02 -4.008791974750480e-03
7.598742765230374e-01 -5.714916853001969e-01
4.881551110715032e-01 -1.568290384181417e-01
1.385890401222420e-01 8.129261216734637e-02
3.140184917367550e-16
5.589230579460245e+02
9.280943477542921e-16
3.906250000000000e-04
9.588829723163813e-13
0.000000000000000e+00
1
1
39
52
1.752051258795986e+00 1.252465646403920e+00
5.486767086427090e-01 -1.199986870972672e-01
-2.017628297148197e-02 -6.013851164232564e-02
-3.355919107799962e-01 -6.070945161345202e-02
1.092333480431437e-01 5.167581596915476e-01
-2.604395798163529e-01 -5.940482948053839e-01
1.002928779725780e+00 1.459642141581538e+00
1.339344424575312e+00 1.017851811716769e+00
1.060622869056614e+00 1.865612434604272e+00
7.134005094458677e-01 6.776654741883568e-02
1.234151017777191e+00 3.144721149158971e-01
2.853885006874935e+00 -6.248896431323313e-01
3.300930361786693e-15
2.510929461293042e+02
2.204821005381857e-15
9.765625000000001e-05
7.370721160995714e-13
0.000000000000000e+00
1
1
40
52
5.582393834373825e-02 6.033287197238644e-01
4.563029708441900e-01 -2.512424853804495e-01
-2.562441741409304e-02 -1.455567505353837e-01
-1.849529652051631e-02 -9.790153798502085e-02
-9.509548716983302e-02 8.554519883655649e-01
-1.655474947736965e-01 -6.428406173299632e-01
-1.890938983928783e-01 5.074249332842040e-01
2.093296863361069e-01 5.035960736695945e-01
-1.294914089183026e-02 3.460111178480365e-01
4.215237332503362e-01 3.814965722331164e-02
-4.950753090804656e-02 3.170435793627877e-01
7.444511327892585e-01 8.754221974586455e-01
4.965068306494546e-16
1.513206675265583e+02
2.111538352303287e-15
9.765625000000001e-05
1.153542559114365e-13
0.000000000000000e+00
1
1
41
52
5.158394721834786e-01 -6.655931055188222e-01
1.654915710332075e-01 2.415660485327108e+00
4.267225957046304e+00 -8.854237121107825e+00
5.885579145157261e+00 6.863760436002259e-01
-9.707676131595489e+00 5.920847552327735e+00
5.898657292291951e+00 -5.410327430747005e+00
2.124045352199488e+00 -1.118792758782788e+00
4.254560859972860e-01 -9.588946150774617e-02
1.070227638161288e+00 -9.392998960140707e-01
-8.836534967202968e-02 -2.847374839483765e-02
1.976087686711699e-01 -4.204016791256358e-02
-1.433004032126859e+00 3.006807295287672e-02
5.296590029624932e-15
2.850043896107425e+05
1.450294243512529e-12
1.525878906250000e-06
5.842897783562469e-13
0.000000000000000e+00
1
1
42
52
4.898311034402430e-02 4.160880868933692e-02
1.129363060527071e-01 -5.612888329218394e-02
-1.864991230034240e-02 -2.451057305424315e-02
-4.201807948034704e-02 1.209086609717045e-01
9.637530632752753e-02 5.003111591201118e-01
-1.847421024940452e-02 -6.399556452800785e-01
1.728518816123847e-03 9.610689446644328e-03
8.429990567155939e-02 3.005705647308878e-02
8.677015980579222e-02 -3.933474737965881e-02
3.716244706047165e-01 -1.907295401485627e-01
9.967660666283447e-02 -2.199062065282875e-01
8.678813478392944e-02 6.480047936762684e-01
1.241267076623637e-16
1.320682903262136e+04
1.553011975541196e-16
3.906250000000000e-04
5.414397848837281e-14
0.000000000000000e+00
1
1
43
52
1.924650776437877e-01 3.164341001167384e-01
9.375425089025391e-02 1.443306757457158e-01
-2.988113673755532e-02 7.528007751988321e-03
4.908183611801616e-02 2.234389391739518e-01
6.050862782028984e-02 3.121449958828662e-01
2.057672670952983e-02 -6.827905998421323e-01
1.386741138946685e-01 1.767691519255288e+00
-1.161337756501231e-02 1.121765893180835e-01
5.142486057548930e-01 4.785882749630726e-01
3.695890600512965e-01 -5.944321285513453e-01
-4.136761928120396e-01 -1.555272124032464e-01
3.564456993810448e-01 -3.783406494652283e-01
1.180183263642071e-15
9.925874144700375e+02
1.594774292762998e-15
3.906250000000000e-04
8.340174901684387e-12
0.000000000000000e+00
1
1
44
52
-4.042144784188220e-01 3.050688688924836e-01
2.337211927803561e-01 -1.116526550924631e-01
-3.978208177452916e-02 -1.685520328294177e-01
-3.285170163677374e-01 1.466087649662616e-01
2.143230413139505e-01 4.122386435530573e-01
1.375775300081399e-02 -6.423942224010525e-01
-1.467480606672129e-01 -2.278171737635212e-02
-2.545095267172189e-01 6.648898413530986e-01
8.049925827261550e-02 9.096199928831936e-02
-7.529844319114389e-02 1.370362716687253e-01
-8.735447228028288e-01 -1.064491495006254e-01
1.322032788409497e-01 1.175405143676471e+00
2.775557561562891e-16
2.568465755819825e+02
1.359119081807519e-15
9.765625000000001e-05
3.656816837478176e-15
0.000000000000000e+00
1
1
45
52
-3.184745211347522e-01 -1.431699659917568e+00
8.677543625782495e-03 1.601533031153677e-01
7.667111518540900e-01 3.949382677684350e-02
3.030066398325534e-02 1.702231814959707e-01
-3.250851156845244e-01 1.340576400693700e-01
4.030440040097877e-01 -3.490467512826773e-01
1.389756837574812e+00 -2.183239614003838e+00
-1.323454777663515e-01 -7.257716432572336e-01
5.692546008974313e-01 -1.975425652719534e+00
-1.682047322086065e-01 -1.261477046872751e-01
-2.614518865937606e-01 -5.185531028487395e-01
-2.780589539867196e+00 6.609428661465740e-01
2.512147933894040e-15
4.996508914327221e+02
1.827568392487431e-14
9.765625000000001e-05
7.391619376480464e-12
0.000000000000000e+00
1
1
46
52
6.741146769672993e-02 1.090830336049802e-01
1.073536440585221e-01 -1.715261051807485e-01
-6.065831521424279e-02 4.828969019204742e-02
-1.133028317871259e-01 -1.893793326330416e-01
3.416984758490670e-01 7.713310096743062e-01
-1.502101297699391e-01 -5.781643800320678e-01
-1.988890051865358e-02 8.735603882160867e-03
-1.316530777490520e-02 4.424542682763004e-02
-6.859305370812108e-02 1.468500345133687e-01
3.445748328593063e-01 -2.633295971862972e-01
2.995801817226194e-01 -3.699427109146191e-01
2.669729811707676e-01 8.224821066564825e-01
2.220446049250313e-16
5.031401370297701e+03
1.320615816988809e-15
3.906250000000000e-04
1.301081101102058e-12
0.000000000000000e+00
1
1
47
52
-1.388912109334445e-01 1.092139225540468e-01
1.232517583919414e-01 -3.263713109387670e-01
-2.519113527403686e-01 -1.794431710279464e-01
-8.007458389074358e-02 -4.936768084776633e-01
4.292305942775468e-01 1.333982831068724e+00
-2.613093771250874e-01 -8.067024305946466e-01
3.351026687425618e-01 -1.062132321193205e-01
-1.505832471659846e-01 1.368355843583722e-01
-1.167717543305348e-01 -1.616368254131494e-01
1.562629906750054e-01 -1.870211081213156e-01
5.865796902473470e-02 -3.462307505952684e-02
-2.725470473635704e-01 1.095776027646331e+00
2.220446049250313e-16
2.985188677247676e+03
2.060656988477577e-15
9.765625000000001e-05
7.634952967291766e-15
0.000000000000000e+00
1
1
48
52
5.058375284174158e-01 -7.015005048642961e-02
-8.767265113859314e-03 -1.147303661849421e-01
6.606488244231371e-01 -4.653405644319680e-01
-2.827951448767739e-01 -3.404957627989951e-01
1.778578539429218e-01 9.029556155944110e-01
4.872958109447572e-01 -4.073089231985537e-01
2.272572670763834e-01 3.865581448547409e-02
5.181948729332158e-01 -2.312447298966327e-01
3.484126738522896e-01 -6.063635432736808e-02
6.728252354317773e-01 -2.575685442977188e-01
6.498074273113288e-01 -1.711198279309123e-01
2.366969937092129e-01 8.197050975239942e-02
3.140184917367550e-16
5.272079440551330e+02
1.369453042454423e-15
9.765625000000001e-05
1.016096255352187e-13
0.000000000000000e+00
1
1
49
52
-5.052378249226861e-01 1.129425101350978e+00
5.807496918575108e-01 -2.035255113490795e-01
-1.018245871419904e-01 -1.354145855418306e-01
-2.699906108228183e-01 -3.305456921027372e-01
1.893051361014090e-01 8.744715513414471e-01
-3.191585488325443e-01 -6.702453385458809e-01
-8.165690000452192e-01 8.422476700433713e-01
-1.620746618314489e-01 1.053815153322299e+00
-4.818959448504168e-01 5.836891790167511e-01
2.326596997187689e-01 2.751523160751747e-01
-7.404327812984434e-01 6.961543908297232e-01
1.068964073111602e+00 1.713956474293857e+00
9.930136612989092e-16
7.899627492077508e+01
6.432663006453858e-15
9.765625000000001e-05
1.279909518642703e-12
0.000000000000000e+00
1
1
-1

2 0
2 12
0 0
6568956984663251981400411338211296608048848304132400554137353786728698164397826887889687019362155970132479753614074540544320985937664904198632063226542972155710319490311103000788047794035745682166038978541774629131678309041303167045331117081367039293204947729081802486038422052436176936524496526297216192959889/10000000000000000000000000000000000000000000000000000000000000000000000000000000000000000000000000000000000000000000000000000000000000000000000000000000000000000000000000000000000000000000000000000000000000000000000000000000000000000000000000000000000000000000000000000000000000000000000000000000000000000000000 -1210752539601770078523864050185766231138768626531583697785154596377270390104799425370892781704092805486393382370700261479186139625073150011223160975300995980036772150091389757659433475568433405163300609856293485163774041679621721902815978683803774310907196089593090903728249266159660285618438607492775732247763/10000000000000000000000000000000000000000000000000000000000000000000000000000000000000000000000000000000000000000000000000000000000000000000000000000000000000000000000000000000000000000000000000000000000000000000000000000000000000000000000000000000000000000000000000000000000000000000000000000000000000000000000
6892617923635032484878291736505536415936819698004826460003272808343675295759568393844315436261644365950647165078677243052486786624686419516171948810673275012803091702944661533392778215752551143069442125879872193156278123660092955433843142086199289680397290725934020400391041877837963783865240084226603509573873/10000000000000000000000000000000000000000000000000000000000000000000000000000000000000000000000000000000000000000000000000000000000000000000000000000000000000000000000000000000000000000000000000000000000000000000000000000000000000000000000000000000000000000000000000000000000000000000000000000000000000000000000 -3779110987029441786639244208489753478249919119584202887182934490425846256180282541081594470004071385366071447289106927539730173163514556027488850507075723700097282975681386940826753100638360404667854799911222028083090797800039938112959798096484388496771971315995688744565753040702391206587824905333345350234733/5000000000000000000000000000000000000000000000000000000000000000000000000000000000000000000000000000000000000000000000000000000000000000000000000000000000000000000000000000000000000000000000000000000000000000000000000000000000000000000000000000000000000000000000000000000000000000000000000000000000000000000000
-51949625827086503015552780742824561004552267673674785349188348519636525936374181327456867858173437205252198801753938964720896146179224474455401887366966296893652839260517956542379173572250224687826664942285244367246584555644106160563758796660943763024820113799447676081274570164927188390260383123204474114513/3125000000000000000000000000000000000000000000000000000000000000000000000000000000000000000000000000000000000000000000000000000000000000000000000000000000000000000000000000000000000000000000000000000000000000000000000000000000000000000000000000000000000000000000000000000000000000000000000000000000000000000000 -8941525492055448508659202663608473393171029605129501231462064534383444275159323004023827013079761527472664973258327939425520534239108544350243410677943848179837108115231005674498328810809133209228204047148584097597100680663011216478468630460907394174189568966024325705546565552229588730462632682743464207032087/10000000000000000000000000000000000000000000000000000000000000000000000000000000000000000000000000000000000000000000000000000000000000000000000000000000000000000000000000000000000000000000000000000000000000000000000000000000000000000000000000000000000000000000000000000000000000000000000000000000000000000000000
794608748437932935094031378311430648527890039112161184512760560052885880873304906541134686058447985966073848661055005445172393814012322677575185751520967526098853899804083861973688091543221291420118930231957178059569486962819852550584992913187487020689279324702084149065199550916257246274347630332518339291177/1250000000000000000000000000000000000000000000000000000000000000000000000000000000000000000000000000000000000000000000000000000000000000000000000000000000000000000000000000000000000000000000000000000000000000000000000000000000000000000000000000000000000000000000000000000000000000000000000000000000000000000000 -7323062122740488825975189846176203837854710856993445818113549661302897743209771944061273907928556483640344893362004463625760312692252197438355387672493552436593584224941187902543375440069980719033857979897695158946913242994797231394848123987125015244780376924005299730213754592331089983219713822150568657656161/10000000000000000000000000000000000000000000000000000000000000000000000000000000000000000000000000000000000000000000000000000000000000000000000000000000000000000000000000000000000000000000000000000000000000000000000000000000000000000000000000000000000000000000000000000000000000000000000000000000000000000000000
3393358061028473076864532791948410164462265648187038851700022763258320503906635849674660092328474414980106341001145402154530393449102434589884394745981625626744362546112707545485640694457103396895867061459995382619334397483231193972421539645100501531272440107832373885874989926039137256024844190180900447281987/10000000000000000000000000000000000000000000000000000000000000000000000000000000000000000000000000000000000000000000000000000000000000000000000000000000000000000000000000000000000000000000000000000000000000000000000000000000000000000000000000000000000000000000000000000000000000000000000000000000000000000000000 847330058079540976443489986684789563495461407038819506063037552794283468390084618575521273324526604221812462456157573605823118982896285815857586107620506415619889301488225985524387915258132737163455475304571811075228321670298922977878569595679917004950823449521282692269498274791157949690705900823854913384769/1250000000000000000000000000000000000000000000000000000000000000000000000000000000000000000000000000000000000000000000000000000000000000000000000000000000000000000000000000000000000000000000000000000000000000000000000000000000000000000000000000000000000000000000000000000000000000000000000000000000000000000000
0 0
0 0
0 0
0 0
0 0
0 0
6442055269892344050090575076086018293953175528137481794737190801773032575709446154081442369655335029125964998627972332826961385198547860141650337229496347871555091648152139796608430429347453062449972278100461887136558189043828923213514501438026176607470908341893644578028050382978749887084785461424266920472479/10000000000000000000000000000000000000000000000000000000000000000000000000000000000000000000000000000000000000000000000000000000000000000000000000000000000000000000000000000000000000000000000000000000000000000000000000000000000000000000000000000000000000000000000000000000000000000000000000000000000000000000000 4404757547403182277050944935746780918145004615532342804528115154876865439143815965133174338492905868297016767717351116098216379266411637333168115760472417807177187841240048166459358827863662417448295683057460991948321877658665349371706150848606267592385512606026983114311851717987795732044732234513215249531717/1000000000000000000000000000000000000000000000000000000000000000000000000000000000000000000000000000000000000000000000000000000000000000000000000000000000000000000000000000000000000000000000000000000000000000000000000000000000000000000000000000000000000000000000000000000000000000000000000000000000000000000000000
0 0
0 0
0 0
0 0
0 0
-5151244273946065192942758266181028159332706202922348311122952071336942567946607320920539166556172807274678553157796964046822982158993261119639370214628683287421282018503728890948621331996783589412427418789844941740402745603670774369928364315646079656740508414456623021026915934362714336048077639515434013932547/10000000000000000000000000000000000000000000000000000000000000000000000000000000000000000000000000000000000000000000000000000000000000000000000000000000000000000000000000000000000000000000000000000000000000000000000000000000000000000000000000000000000000000000000000000000000000000000000000000000000000000000000 -4896050113985963442256023820619421854842824940874825519583798930650026959987134166039576458195353260829267648098703657623301845729429730344591586905536960580219732368561801904118307965939313043730439747144245957410251766449042252335874783496631709989886161485698542859559648755245803171290388854699552416083419/10000000000000000000000000000000000000000000000000000000000000000000000000000000000000000000000000000000000000000000000000000000000000000000000000000000000000000000000000000000000000000000000000000000000000000000000000000000000000000000000000000000000000000000000000000000000000000000000000000000000000000000000
356088995268568269516203730692104178149283030277064978243249551511181054730602962203062953458800543494956565796389959593275948286716070847186693602962777039673157455712146229917201870794344984306711205985034087563774773461294111520010095244000139779352523818642677060566970677734261825620087317648562006406447/625000000000000000000000000000000000000000000000000000000000000000000000000000000000000000000000000000000000000000000000000000000000000000000000000000000000000000000000000000000000000000000000000000000000000000000000000000000000000000000000000000000000000000000000000000000000000000000000000000000000000000000 -4507578441918339770350498244451674332378066742034861597857308584289120191798322197646807373368158301565735427584603465750199617242697627751977007390206136374928618392688294950459154205666216853777608126474719203100097406556381771712192740711717077109779212513678175459458803715943372867135197250132358882072471/5000000000000000000000000000000000000000000000000000000000000000000000000000000000000000000000000000000000000000000000000000000000000000000000000000000000000000000000000000000000000000000000000000000000000000000000000000000000000000000000000000000000000000000000000000000000000000000000000000000000000000000000
995900445799422099133406424915295722435680272712165898156891340302442370528682836056924599587699812879068088424351019778839019189648434863666406632499201517376871932396024676156163934827701742694079163026408780593326725166809418850321636039769836021645522667034682982644023204254839428117854222999831520806201/1250000000000000000000000000000000000000000000000000000000000000000000000000000000000000000000000000000000000000000000000000000000000000000000000000000000000000000000000000000000000000000000000000000000000000000000000000000000000000000000000000000000000000000000000000000000000000000000000000000000000000000000 287913225619826499036765334168490828056783686347180919647447198780405456616511196013757899648822924028141979363690934709321524736727806570108692276466756374704718353073360676960239654996764283642089556513913788196182240778476736016161901422587028907853083682504701893816026626800480322619600551388297868814083/400000000000000000000000000000000000000000000000000000000000000000000000000000000000000000000000000000000000000000000000000000000000000000000000000000000000000000000000000000000000000000000000000000000000000000000000000000000000000000000000000000000000000000000000000000000000000000000000000000000000000000000
-615410886604492456425975501177336814954877932717002501567550980999096152190204703324795840059773240186384831907385323279935143989853799480699037181384203460350479463018875717939381263529368597575297845931128376864060338479744852678002754759885428326690725654085569492796604492020129252918148425731476675298961/5000000000000000000000000000000000000000000000000000000000000000000000000000000000000000000000000000000000000000000000000000000000000000000000000000000000000000000000000000000000000000000000000000000000000000000000000000000000000000000000000000000000000000000000000000000000000000000000000000000000000000000000 1999630477207817489575014124159764656015711061473504646086403399463176365817479279266997182007730235932975683271505002655744346887201602708611017143078809313893958118239019778640056052970503476619392901545492926368556971127900038116172309246195507531052931756668667683064805307793075141856594845990943989501193/2500000000000000000000000000000000000000000000000000000000000000000000000000000000000000000000000000000000000000000000000000000000000000000000000000000000000000000000000000000000000000000000000000000000000000000000000000000000000000000000000000000000000000000000000000000000000000000000000000000000000000000000
65685503151992566492439654902272460894072495801327489423338649457723202855012400646291460164828904249598794929309266155881164753385867853295572976237224866324747372191821182381666685412552733085468065080375674335017819456276264726275852999634891403762833268118664745279806710031014633441022221008014566358731/250000000000000000000000000000000000000000000000000000000000000000000000000000000000000000000000000000000000000000000000000000000000000000000000000000000000000000000000000000000000000000000000000000000000000000000000000000000000000000000000000000000000000000000000000000000000000000000000000000000000000000000 4456262214315212354236332824982140691031519795470895460485819425958225007984205791469690731736730612953484820189458358360226104004346234593457091212952761527059020113781708580407655014640465867345960283814498987823528657114537476151600865498023143904942633583274128182594410994751186420919040765170151278978571/10000000000000000000000000000000000000000000000000000000000000000000000000000000000000000000000000000000000000000000000000000000000000000000000000000000000000000000000000000000000000000000000000000000000000000000000000000000000000000000000000000000000000000000000000000000000000000000000000000000000000000000000
-1710503771485713722318505955072070718991775762964278878615716584530115825667266595706839667859312051807821441264868836433154520696654624988151106959651384499299995841523850351905956852914903634785362146184154268054284592298487261205571178941239902665783600064979832925230125199641816296806615482775660194172539/5000000000000000000000000000000000000000000000000000000000000000000000000000000000000000000000000000000000000000000000000000000000000000000000000000000000000000000000000000000000000000000000000000000000000000000000000000000000000000000000000000000000000000000000000000000000000000000000000000000000000000000000 -9119266828596057070780165171311885007152289044906281524246285887404676038541010157039411959499941314371474669552828463373173076878430738365808468753286422868245027698948176416251096652118676682423948859199102349055170447707149576961182694862576586929802862037865405457748019086069281953720400488946749704510541/10000000000000000000000000000000000000000000000000000000000000000000000000000000000000000000000000000000000000000000000000000000000000000000000000000000000000000000000000000000000000000000000000000000000000000000000000000000000000000000000000000000000000000000000000000000000000000000000000000000000000000000000

-1
-351833444793405070846669042505497998589337811474926219929669448673565585916731479470166613199691995584395944139869801687111860958537284476947229456460608098816700870314684274829113830957900419186991545098412068502566055173262366373264114134785605128542538850043301593906245983420254781382786039524192681573673/400000000000000000000000000000000000000000000000000000000000000000000000000000000000000000000000000000000000000000000000000000000000000000000000000000000000000000000000000000000000000000000000000000000000000000000000000000000000000000000000000000000000000000000000000000000000000000000000000000000000000000000 229937856239341608134256772593821583130615471614782058400214617601855214647243058221663799765289257062722253182145746763157522134107831410755496292099614085207614766244797859645563437195637443882694992410503389823474838564418945189102214047775628524509663299718712763609483386828932422938162285125373513526411/2000000000000000000000000000000000000000000000000000000000000000000000000000000000000000000000000000000000000000000000000000000000000000000000000000000000000000000000000000000000000000000000000000000000000000000000000000000000000000000000000000000000000000000000000000000000000000000000000000000000000000000000
0 0

0 0

0 0

