50                                               

7.799902146586407e-03 -1.441370752515191e-01
-6.467550117668205e-02 -1.310446710902226e-03
-4.786991141778207e-02 -6.385246336653716e-04
-9.338030753749083e-01 5.053592241392357e-02
1.000000000000000e+00 0.000000000000000e+00
-2.768853362196254e-01 6.908981271090238e-02
-1.972747733945159e-01 -6.111613433532326e-02
4.275396374251503e-01 -2.036610184091648e-01
8.003355273584758e-01 5.186730569489095e+00
2.898099999085306e+00 1.638181438914246e+00
-7.099414956509533e+00 -2.126251922385747e+00

-4.531855403532193e-03 2.993332108701480e-02
4.622027716314701e-02 1.767147089301361e-01
-2.759649168926833e-01 -1.814138919981785e-01
-2.257575779823832e-01 2.846706105560148e-01
1.000000000000000e+00 0.000000000000000e+00
-8.415901159081578e-01 -2.867325106780235e-01
4.607572029293713e-02 -1.761342836030471e-03
1.526988120122925e-01 -9.300269190006891e-01
-3.080170447373065e-01 1.484997664136539e+00
6.188076599898916e-03 -1.992770841184826e-02
-4.492928816867816e-02 -8.280711288829792e-02

-1.290522212274844e-01 2.355517191959895e-01
6.670773391691727e-01 2.214271120919231e-02
-6.789787202851824e-01 -4.067443493650857e-01
1.000000000000000e+00 0.000000000000000e+00
-2.036887859373986e-01 -2.163258593275027e-01
-6.799112355773567e-01 5.499862125599759e-01
-1.634764754229292e-01 -2.487810539039913e-01
9.565350907962239e-02 -9.544977996678908e-01
-3.895529974241770e-01 4.562691343529316e-01
-3.350922552634921e-01 -3.587187514654149e-01
6.734127457804637e-01 -3.113301635491300e-02

4.585172891183703e-02 5.765942354040956e-01
2.149638821262061e-03 1.197498726864531e-02
-3.309901529028077e-01 1.234204896849809e-01
1.000000000000000e+00 0.000000000000000e+00
-2.155556929652274e-01 -2.808722369765233e-01
3.675410817097034e+00 -9.153969477577430e+00
-2.006092953503252e+00 2.007108595918315e+00
-3.218686725974824e+00 8.619947989711617e-01
-7.966701480332659e+00 6.131349185980974e+00
3.305974928415187e+00 1.578427882278661e+00
-7.004331748880380e-01 -1.585460097532167e+00

2.143776405971585e-01 -1.537046913423629e-03
6.577791260960689e-02 4.684615461696442e-01
-2.788226932140384e-01 6.101175401038303e-01
-6.678611128289779e-01 -1.644905929316765e-01
1.000000000000000e+00 0.000000000000000e+00
-2.979378298087137e-01 6.893923571703326e-01
-1.183147776893361e-01 -6.105496474036142e-01
-2.071089067858513e-01 -1.438398031551764e+00
-1.470659818616098e-03 4.031969180806540e-02
2.120168947577258e-01 1.263114108258538e-02
2.066382849234098e-01 6.009282593671482e-01

-4.574916050681629e-01 6.120482567861345e-01
6.905617030372410e-03 6.540242635515890e-04
-3.633655164917038e-01 1.335260478701048e-01
1.000000000000000e+00 0.000000000000000e+00
-1.369080942573337e-01 -5.862554409943647e-01
1.908037459170546e+01 -6.704692424128744e-02
-8.520312609246830e+00 4.164569870703585e-01
-4.637759063182162e+00 1.716442629864847e-01
-1.657894174078551e+01 -7.107750916625932e+00
2.927517679793644e-01 4.603264190542045e-02
1.244565055933811e+00 -1.212771897344239e+00

-1.672495304129043e-02 -2.660304063430507e-01
-3.179670592973921e-01 1.780645637706961e-01
5.839841557956948e-02 -5.950076792663392e-02
-9.359991840577584e-01 1.968403241941308e-02
1.000000000000000e+00 0.000000000000000e+00
6.250802165678140e-02 -1.040698482249388e-01
-1.013256482322892e+00 5.605797809514904e-02
-5.897659820669508e-02 -3.862516480142077e-02
5.927985385992016e-02 6.421476239087830e-01
1.177595382207441e+00 -2.013176533866957e+00
-9.163649211722069e-01 2.157524297126599e+00

-2.027126156802241e-02 2.259476866946317e-01
-3.391377680569455e-02 -1.025456060369588e-01
-2.024325748988905e-01 -7.827892458710850e-03
1.000000000000000e+00 0.000000000000000e+00
-8.103616329320060e-01 -2.785925315191060e-01
-1.414235978903817e+00 -8.683391235665028e-03
-3.266749107585224e-01 5.555587341185583e-02
1.920369651747420e-02 -1.953462669762706e-01
-8.747410591112141e-01 9.474694015006727e-01
-4.580356508334267e-01 -1.036828615695146e+00
1.505906255426975e+00 -5.143893288751358e-01

1.205775281025497e-01 3.510954546910763e-01
-3.689452164118106e-02 -1.530369151460069e-02
-9.899347597694805e-02 5.751867107446065e-02
1.000000000000000e+00 0.000000000000000e+00
-8.597962578543173e-01 -2.086970754226604e-01
-4.232636168495516e+00 8.246969565838878e-01
-3.642250118872760e-01 2.016071790130667e-01
3.225967737455797e-01 1.935619222196162e+00
-1.232033363575816e+00 4.274780083387505e+00
-1.172422098543348e-01 -6.696097546658479e-01
-5.676433812935144e-02 -5.851842565422626e+00

2.143749082918997e-01 7.929993788148533e-01
-8.077198432613641e-02 -1.464681969649463e-01
-7.543413511260985e-01 -2.529332149318774e-01
1.000000000000000e+00 0.000000000000000e+00
-1.144532798036690e-01 1.464833236851203e-01
-4.491383116546119e-01 1.464620028260329e+01
-2.867623726009148e+00 -2.434410216231774e+00
2.602132860214007e+00 2.750655989137593e+00
2.907537150615705e-01 3.240335650165628e-01
-8.563171315103278e-01 2.026951339137483e-01
-8.270369909693496e+00 -1.280956945072737e+01

-1.863199568131037e-02 2.885574746108783e-01
-1.513070819599056e-01 1.403373632006929e-01
-5.312563834662882e-01 -5.954320359023346e-02
1.000000000000000e+00 0.000000000000000e+00
-6.454453784465484e-01 -3.740034410521897e-03
-3.033910404543915e-01 4.979854886613344e-03
-5.627042727856179e-01 -4.885113929865662e-02
1.925728325231801e-02 -6.008348161373871e-01
7.987865814891373e-03 1.753865038339813e-01
3.423030126612355e-01 -1.551112087275311e+00
3.480051962651021e-01 1.896124454786132e+00

-2.449435521162951e-02 -1.064897605307197e-02
3.205478888040479e-01 5.909544319431080e-01
-2.303323040525204e-01 -3.464588933017805e-01
-1.466863073312289e-01 5.480342488653647e-01
1.000000000000000e+00 0.000000000000000e+00
-6.307863278006055e-01 1.289893993356958e+00
-4.059152093507319e-01 -8.517356646368416e-01
-4.205337909704095e-01 -9.687358380925100e-01
-4.594420197330088e-03 -2.604936713814415e-02
5.646213865700600e-01 -2.735905806491331e-01
6.079896023978033e-02 -2.311244770414443e-02

5.316714552476492e-01 3.330443950450377e-01
-2.246714305189920e-03 1.017283194277480e-02
-5.328568640752731e-01 2.291782726802009e-01
1.000000000000000e+00 0.000000000000000e+00
-3.564157209521369e-02 -6.142955931957564e-01
-7.149303427028794e+00 -1.076243611525634e+01
3.169130451293643e+00 2.315032292646375e+00
-3.925939447390553e-01 -9.669604328214212e-02
5.016519588271939e-01 1.196029277895058e+01
2.793723746783007e+00 2.309337746332818e+00
-1.384176214865667e+00 -1.078881021644291e+00

-9.061617294004931e-02 -1.331953561021838e-01
-7.888104818663348e-02 1.139969947443464e-02
-1.278459885959094e-02 -1.171643740016060e-01
-9.676494320205298e-01 2.283631598091285e-01
1.000000000000000e+00 0.000000000000000e+00
-1.954411491597861e-01 -2.297887008090663e-01
-2.194364508399335e-01 1.081704935901307e-01
-1.209897904112872e-01 -4.080125901615828e-01
-2.541092657770959e+00 3.549229260926895e+00
2.209679457963065e-02 2.139603300795164e+00
-1.535078241290595e+00 -4.691219987448270e+00

3.295195602119272e-03 3.303362050272854e-01
1.163751798233195e-01 -3.384709757150998e-02
-7.362551458941391e-01 -2.132035695663331e-02
1.000000000000000e+00 0.000000000000000e+00
-4.420274751444425e-02 -2.412941135805015e-01
-1.722450346530768e+00 2.587653563955347e+00
-5.486724794135052e-01 -9.197429886871553e-01
-8.412767725946585e-02 -1.517456259486038e-01
-1.026828365677368e-01 1.272152058544995e-01
-5.558745543979743e-02 -6.956240014924190e-01
4.683951340110086e-01 -1.938811903203158e+00

2.026484711511122e-01 -3.636563600616851e-02
2.931879085668958e-01 -1.124115652705952e-02
-2.734568126266156e-01 5.582614196757499e-01
-7.361744752551488e-01 -3.813789474163974e-01
1.000000000000000e+00 0.000000000000000e+00
-1.219048999193704e+00 8.482964224427525e-02
1.050942751693432e-01 -6.956750498169746e-01
-4.871516393197255e-01 -1.401706120910631e+00
5.031227629989103e-01 8.245176819775762e-02
5.638516318415041e-01 -3.764124010046055e-01
9.040320772054354e-01 1.337022103167580e+00

-3.806408167327144e-02 2.146890493271149e-01
2.041385714339706e-01 3.068756910312987e-01
-2.161607752932080e-01 -1.756935195283496e-01
1.000000000000000e+00 0.000000000000000e+00
-9.769243510300067e-01 1.039756081864042e-01
-2.941945547891371e-01 -3.304195230936162e-01
-2.275854694737666e-01 9.867716840592196e-02
2.005180099730769e-01 -9.391620226379527e-01
-1.494732597272362e-01 5.864116632621617e-01
-4.374531115961311e-02 -9.152600518631970e-01
3.783669720970959e-01 1.491212550565531e+00

3.068653698858372e-02 1.953954092507105e-01
-1.543543909913035e-02 4.962757850934332e-03
-5.202333249494561e-02 4.376325629169832e-02
1.000000000000000e+00 0.000000000000000e+00
-9.158275037711967e-01 -1.245431960863163e-01
-5.841676800282728e-01 -3.059704639112352e-01
-2.317923517565478e-01 4.392546795528536e-02
-5.193212144305872e-02 -1.731655383966577e-01
-1.309279119128820e+00 4.047267885238823e+00
1.105276582258791e+00 1.617751277108985e+00
-3.028352568991123e+00 -3.562532800666939e+00

1.860008206062017e-02 4.725908607034918e-01
-1.065538388614493e-02 -9.255942701905230e-02
-8.014474225778707e-01 -2.930550333598985e-01
1.000000000000000e+00 0.000000000000000e+00
2.140600724946631e-02 1.834950709373429e-01
-2.430044995766547e+00 3.353994003916315e+00
-2.276618643439327e-01 -1.455902981231336e+00
-2.185133196625823e-01 -2.249045790710090e-01
5.550842478108414e-01 1.377220558897011e+00
8.763130560668728e-01 6.869385785998705e-01
-1.582024869614858e+00 -3.854790250233147e+00

2.924292778108576e-01 1.635610859639332e-02
-9.730149113986444e-02 1.211294768125029e-01
-3.880354088529655e-01 5.639517084728685e-01
-6.597393248943945e-01 -7.198947002358801e-01
1.000000000000000e+00 0.000000000000000e+00
-7.821044799708589e-01 3.123769400719210e+00
-5.819233874233720e-02 -1.375695246737609e+00
-9.461263303649037e-02 -1.446064775668129e+00
9.022961876252178e-02 4.469369898149791e-02
-3.147136292655578e-02 1.250438597070014e+00
-7.315609467051956e-01 -2.498752909355658e+00

-7.895633987307608e-02 -2.105800572940273e-01
-2.771463159400289e-01 1.037589326517701e-01
-4.958517970046379e-02 -1.874754848691083e-01
-7.459330973212328e-01 2.441834603482489e-01
1.000000000000000e+00 0.000000000000000e+00
2.487548404259635e-01 3.188881249182281e-02
-1.115607142803603e+00 2.163610411125694e-01
-4.348654764228831e-02 -5.916877952857071e-02
-1.135723476982849e+00 -3.314020316640278e-01
-2.075764042909259e-01 -2.222245011091864e+00
1.371545298955738e+00 1.554272277464102e+00

1.245153305160403e-02 -2.176711165250781e-01
-3.335130744190862e-01 3.201238346726411e-01
-3.488365688692713e-02 -1.063021974686479e-02
-9.503927916435186e-01 2.028639782559855e-02
1.000000000000000e+00 0.000000000000000e+00
-1.528650890161613e-02 -4.966047104781401e-02
-7.923396110482173e-01 -1.417623571730878e-01
-6.001204139979411e-02 -6.031259123103687e-04
6.608246638143944e-01 2.828111517551411e+00
2.653328302075219e+00 -4.367878172207960e-01
-4.424274085820188e+00 5.185564971760105e-01

-1.056706165659925e-01 -1.389457409227221e-01
-4.606644278632733e-01 1.048815862868414e-01
-4.931774519891859e-02 -9.060559944157202e-02
-9.294193145031122e-01 2.103286295649419e-01
1.000000000000000e+00 0.000000000000000e+00
-5.820997970705607e-02 -3.338587426156348e-02
-5.249975371667855e-01 3.456968257864738e-01
8.414425023826552e-02 -4.114260797012614e-02
-2.889355722883031e+00 2.901096051050388e+00
-5.959066383953413e-01 1.215091281729408e+00
-5.581879766782634e-01 -4.317176642859959e+00

2.171193130031526e-01 6.378879535027910e-01
1.378534518349139e-02 -6.556874248337417e-02
-6.054456339535151e-01 -5.294671432198031e-02
1.000000000000000e+00 0.000000000000000e+00
-2.897281242667218e-01 -8.106465062106429e-02
-4.135415529211135e+00 9.937058230804766e+00
-1.265742388630025e+00 -2.231518600954417e+00
1.275199070246119e+00 2.326785994752781e+00
1.047352799957216e+00 2.180379420842684e+00
1.476344215071033e-01 3.494541588173447e-01
-4.931509401193720e+00 -1.101301763067753e+01

-7.444764657924574e-02 3.963493037392550e-01
3.812738922719604e-02 7.784801459450098e-02
-5.404312999971486e-01 -3.929786921083391e-01
1.000000000000000e+00 0.000000000000000e+00
-3.302742474336469e-01 4.402662693422678e-01
9.172051494606478e-01 -4.211360974993583e-01
4.870506520595164e-02 -3.736967611029017e-01
-2.996016022208587e-01 -1.703857190096111e+00
-6.511337167397426e-01 2.810306233244024e+00
1.503683822197430e+00 2.453502972719116e+00
-3.555271852253274e+00 -1.348795203872543e+00

1.199376506440062e-01 3.220372391780073e-01
-3.611324979573562e-02 -7.762092481689551e-03
-6.265074188434402e-02 8.160841121746093e-02
1.000000000000000e+00 0.000000000000000e+00
-9.082804915088443e-01 -2.062058070635173e-01
-3.189232599155224e+00 3.735457816798673e-01
-4.266128270577143e-01 2.222322879678982e-01
8.693045567686919e-02 1.715328867030838e+00
-1.944285420298580e+00 5.399057926295825e+00
5.448850380030976e-01 7.589083652814625e-01
-1.862031958022879e+00 -7.031315306477414e+00

-9.717718122995461e-02 -3.105175742242462e-01
-1.100339017994444e-01 -9.362448372251105e-02
1.000000000000000e+00 0.000000000000000e+00
-4.486216616210772e-01 7.179655798786230e-01
-2.117230519756948e-01 -7.525642348617093e-01
-7.455566639691685e-01 3.678059636346238e-01
-4.085628808087381e-01 -5.036463330376415e-01
-3.859347414560318e-01 -8.023197942232869e-01
3.373455183771676e-02 1.017763958818173e-01
5.889632252789925e-01 -9.244612040952753e-01
5.287732601277435e-01 1.053127674448209e+00

-3.906876374994869e-02 2.443145658557491e-01
5.541719128314450e-02 7.688140719848387e-02
-2.017727161540626e-01 -1.525428305123746e-01
1.000000000000000e+00 0.000000000000000e+00
-7.799872641438022e-01 1.326668963557545e-01
3.772905958325676e-02 3.564795242142376e-01
-5.805670148602891e-02 -7.920974912819038e-01
-2.577253235740758e-01 -1.242536916462710e+00
1.354293039588233e+00 3.169528328777433e+00
3.109682921592373e+00 1.631883341456043e+00
-5.707989622106711e+00 -2.382789129739747e-01

4.733749917586690e-02 1.926590965268616e-01
3.646168587717600e-01 -1.228166170910740e-01
-9.968510314765337e-02 -6.485480173947739e-02
1.000000000000000e+00 0.000000000000000e+00
-6.833442539441305e-01 -1.825478278787873e-03
-1.021395773356997e-01 -1.396394216393436e-01
-4.780283982607864e-01 3.286515453322126e-01
3.409986548501043e-01 -3.088754767330433e-01
-1.107624044963686e+00 1.905064960875923e+00
-4.821666230637835e-02 -2.352118234951853e-01
-7.876224082240079e-01 -8.704597074404121e-01

-4.739936229198373e-02 3.892285412560866e-01
6.919869437974351e-01 -4.140470082746043e-01
-9.899761776980208e-01 6.875203425705617e-02
1.000000000000000e+00 0.000000000000000e+00
-4.979944693381986e-01 -4.569282312987571e-01
-2.634518188868261e-01 2.802414762098077e-01
-3.148213944274293e-01 1.008261383915166e-02
2.686767736913798e-01 -8.588700892820598e-01
-4.592989445363633e-01 3.733231129093038e-01
-4.202598517889087e-01 -7.820168314744858e-01
6.037848629019866e-01 6.584970074622378e-01

6.984364133862939e-02 1.794803984142748e-01
3.329157917081009e-01 1.140634196156722e-01
-1.169095866045994e-01 1.723662942266476e-01
1.000000000000000e+00 0.000000000000000e+00
-6.968725446372599e-01 -4.084725190546542e-01
-2.046713618339582e-01 -2.188569867823671e-02
-5.788758571723740e-01 5.513646018237209e-02
-7.119454799934059e-02 -3.159865003977477e-01
-1.297248676544172e+00 1.506313532419045e+00
1.465076349658491e-01 -2.088789716645804e-01
-2.634960216337757e-01 -1.022683770117058e+00

-6.540098607772542e-01 -2.348180285216124e-01
3.299908284057834e-02 3.831900630624843e-02
1.000000000000000e+00 0.000000000000000e+00
-5.713888276500763e-01 5.223500072899194e-01
-5.232731150660442e-01 -4.304697642082255e-01
1.335970013266003e+01 8.228501005309056e+00
-4.641453016528303e+00 1.492185437563032e+00
4.897739033454529e+00 2.338021354082287e-02
-1.698078445816535e+00 3.694259727858739e-01
-5.694357624590159e-02 -1.004609971313293e-01
-1.671416986238516e+01 -3.505603250139657e-01

-3.314593351715394e-02 -1.115601854716325e-01
5.416413644316602e-01 -6.021547531899816e-01
-1.057051698424004e-01 -5.683561712886923e-02
-8.688251235490078e-01 1.253177945607056e-01
1.000000000000000e+00 0.000000000000000e+00
-4.119753888473144e-02 -4.087666950567776e-02
-6.073178073016983e-01 1.180570037618784e-01
-1.615196737665597e-01 3.258672451427576e-01
-2.485078514016082e+00 4.982440516037293e+00
1.225493012498284e+00 2.404939664374111e+00
-4.043014020928965e+00 -5.832306120015730e+00

2.360954318467070e-86 -8.289792930012365e-87
1.000000000000000e+00 0.000000000000000e+00
5.116252327580792e-86 -3.923416886572490e-87
1.881386461492618e-86 -7.296940543797891e-86
-7.323827222766137e-86 9.627584108348203e-86
3.579622810367567e-86 -2.929910023758822e-86
-7.028956276472484e-87 7.414442535796263e-87
3.770312455546302e-01 -1.512264275448406e+00
8.302545225970226e-87 9.256774852703803e-87
-5.454086252915760e-01 -5.874590737803632e-01
7.173256007729053e-01 1.784192418387506e+00

1.734023178083723e-01 3.468876313160883e-02
-8.583793189013986e-02 8.540359052309783e-02
-4.120290967062539e-01 5.854517751028614e-01
-5.908981844334107e-01 -2.231830708992351e-01
1.000000000000000e+00 0.000000000000000e+00
1.284240030491066e-01 9.968335777653663e-01
1.514901870045760e-01 -1.544626651510218e-01
7.272200867559305e-01 -1.757789121488222e+00
3.212062979719526e-02 3.341455518902799e-02
-1.016131345672411e+00 1.308971647660461e-01
1.661974198737015e-01 6.060577802136859e-01

-2.128208974002935e-01 3.839397992849919e-01
-1.024379908153834e-01 -6.450897845670550e-02
-5.610376759691276e-01 -6.646986965305706e-01
1.000000000000000e+00 0.000000000000000e+00
-2.569605763625397e-01 6.240693660114366e-01
-2.697470978870715e+00 4.837510996589959e+00
-2.958214627050384e-01 -1.880929730751418e+00
-2.486109042306006e-01 -3.189536037442838e-01
1.334986805502330e-01 3.954759509440790e-02
-1.700069684757105e-01 6.858014393652977e-01
7.301027014718003e-02 -5.007061662302860e+00

-1.960264788156659e-01 1.549773647015271e-01
-2.883579803321435e-01 -2.192877588413578e-03
-2.799080497145530e-01 -7.415238406604032e-01
1.000000000000000e+00 0.000000000000000e+00
-6.293830063329815e-01 5.652692308213376e-01
-2.469863166497411e+00 3.254663969709592e-01
5.401816900472328e-01 -9.754758091441063e-01
-6.373149949067238e-01 -1.517834634222054e+00
5.902215317845728e-01 7.721271727434642e-02
1.345575922306514e-01 2.204813156672092e-04
2.120978081890626e+00 2.817900885526817e-01

-5.291469438424060e-02 3.631285709105848e-01
-3.099756601969442e-02 -6.110801784655680e-02
-6.942733540300223e-01 -3.448226951747441e-01
1.000000000000000e+00 0.000000000000000e+00
-8.652141165455096e-02 2.095393759445638e-01
-2.302850372003819e+00 3.571145446050388e+00
-4.018708573800325e-01 -1.336567717347632e+00
-8.309000310801873e-02 -1.874059930234352e-01
3.469168966917962e-01 1.840020705439271e-01
6.500031354664837e-02 -2.493053892016357e-01
1.925746622258162e-02 -2.970850177766501e+00

-4.626348642800240e-02 2.089011951477946e-01
1.904514737963040e-01 -2.289162253103805e-02
-2.453659896874711e-01 -4.103341445165207e-03
1.000000000000000e+00 0.000000000000000e+00
-6.603144191724720e-01 -4.489079876569855e-01
-8.101945645456590e-03 1.042347148871388e+00
-9.939211094038277e-01 -1.257699295494318e-01
-6.212825491969954e-03 -1.084033289405524e-01
-1.225327675174964e+00 4.496830775016538e-02
-2.889563614232022e-01 -1.258350810599877e+00
6.955630590995483e-01 -3.715993026453901e-01

7.017898139379597e-02 1.784834054638233e-02
-7.790753251804379e-01 -1.200241889333515e-01
-4.164880419490909e-01 1.789527963385543e-01
-5.413956949285054e-01 -1.263110563579833e-01
1.000000000000000e+00 0.000000000000000e+00
6.454427054322801e-01 -1.891813157795769e-01
1.316410174267264e-02 -3.822372076107997e-02
3.010113017137156e-01 -1.868281678970800e+00
5.294413030178174e-03 6.528854356952813e-04
-2.717231586259896e-01 -1.700821453526699e-01
9.896959073355194e-02 2.165460739153323e+00

-2.149555604958607e-02 1.852032065151547e-01
1.000000000000000e+00 0.000000000000000e+00
-8.773442892275989e-01 4.294765526399263e-02
9.054716592903622e-01 3.723449813845769e-02
2.181091781030546e-01 -9.563916795087424e-01
-8.102422517738712e-01 8.754130062666106e-01
-2.041567972201522e-01 -6.544697108762324e-01
-2.834632276774078e-01 -1.030507317487678e+00
-1.214661313492973e-01 3.379377615842344e-01
2.886754040570092e-01 -1.040056572795948e-01
2.792677885774482e-01 -1.786823351068960e-01

3.334274650010885e-02 -6.602280536893382e-02
1.000000000000000e+00 0.000000000000000e+00
4.389149058403813e-02 3.514763302676489e-01
-2.336325099156373e-01 3.892172853210168e-01
2.582434170351674e-01 -7.638111812307098e-01
5.555971001854749e-01 -6.324675598084223e-02
-3.529032738309322e-02 -2.445330911983101e-01
4.874943117228536e-02 -1.848212272553917e+00
-2.579036116425413e-03 3.948684960102159e-03
5.069917643589113e-02 3.816984838360162e-03
-3.314555028357613e-02 1.884216253678503e+00

1.829835645450127e-01 1.407447023444326e-01
3.076036732667394e-01 -1.591840781895775e-01
-8.162658549799038e-01 5.753446031391356e-01
-3.930491483785948e-01 -3.901889550846980e-01
1.000000000000000e+00 0.000000000000000e+00
-1.042742665164968e-01 4.628210795618642e-01
-6.124506081077831e-02 -2.868873411086694e-01
1.348452996191750e-01 -1.462300409534289e+00
-1.875266083673526e-01 7.061398694485198e-02
-3.397967128680547e-01 -1.426302716064676e-01
4.972925461605950e-01 7.967435410497596e-01

2.105054703862410e-01 1.646450704717675e-01
3.871515954963990e-02 -1.184942286225966e-02
-5.916048319190181e-01 4.316169900390559e-01
-2.402888849300215e-01 -3.001979447718783e-01
1.000000000000000e+00 0.000000000000000e+00
2.563601373550139e+00 -1.250702616750966e+00
1.102063397824740e-01 -1.856962739346104e-01
-4.348355654052728e-01 -2.895580086299764e+00
-1.453724866089861e+00 8.156763463374593e-01
3.699668349662168e-01 2.369325123423095e+00
-1.265157648227545e+00 9.385784890673124e-01

-2.750641330704222e-01 2.235464786490201e-01
-1.125409154226513e-01 9.515432611129554e-02
-4.779032643374526e-01 -7.355123113828028e-01
-2.101729317246497e-01 8.930088784468576e-01
1.000000000000000e+00 0.000000000000000e+00
-9.054251742329187e-01 -6.824893078361605e-01
4.271196570362374e-01 -4.730073919749455e-01
-6.285079194874444e-01 -1.470356386323280e+00
-1.140688188696996e+00 2.551659323226485e+00
5.711552611108794e-01 2.216580673695858e+00
-5.956651127483780e-01 -2.469539483806644e+00

9.107961988140503e-02 1.362245621132694e-02
2.867228637153228e-01 1.511521627747606e-03
-4.044673245298215e-01 2.325387642475027e-01
-5.479004532934499e-01 -1.638904016526787e-01
1.000000000000000e+00 0.000000000000000e+00
5.930516390703158e-01 -1.473539962098436e-02
-3.690978197439556e-02 -1.467978464484613e-01
2.018458292892049e-01 -1.812288627921951e+00
-2.568710528606396e-02 1.710228924935941e-03
-1.490367304851835e-01 -9.073200947106690e-02
7.487674888599805e-03 1.887159634366584e+00

-2.374985483990028e-01 1.917754813411747e-01
1.000000000000000e+00 0.000000000000000e+00
-5.950020189939591e-01 -3.632399224857532e-01
7.492763168756527e-01 6.291506748973061e-01
-3.554886986069256e-02 -8.765241725696764e-01
-3.862694526405419e-01 2.717218359759758e-01
-3.892465461693190e-01 -3.384538283729926e-02
1.265159197658387e-01 -7.057372882514594e-01
-6.410931230585702e-01 4.513574239102113e-01
-3.272948436500925e-01 -7.815739790110970e-01
7.140452078880830e-01 3.249135647059277e-01

5.421533126520139e-02 1.834072870299051e-01
3.653648955996168e-01 -3.810655924707115e-02
-9.829544876843642e-03 1.263502499476576e-01
1.000000000000000e+00 0.000000000000000e+00
-8.691980373463954e-01 -2.876660479756340e-01
-1.364615790945778e-01 -7.359440380545512e-02
-7.251799512065907e-01 9.690118174844584e-02
-1.537769629062253e-01 -8.130950788510634e-02
-1.593576057950400e+00 1.776256495692121e+00
2.833278950260443e-01 -1.700843222472018e-01
-4.755476625137666e-01 -1.476089273341373e+00

1.923839811023492e-01 -9.383972170515231e-02
-4.013579448576850e-02 2.988339132289320e-02
-5.730742614865111e-01 3.077626925714252e-01
1.000000000000000e+00 0.000000000000000e+00
-2.019652869332326e-01 -9.570332393485548e-01
-6.322036106200264e+00 3.995161162099659e-01
2.252658156706712e+00 -1.968850652826498e+00
-7.302117923890985e-01 -2.100710663078317e+00
4.396128868262323e+00 2.532002773914319e+00
2.276507981011070e+00 1.466422513012474e+00
-5.131731317486887e-01 -1.455862855933228e-01

-2.737017524713783e-02 -2.498762720045080e-01
-1.935694219390826e-01 -1.187718510019077e-01
1.000000000000000e+00 0.000000000000000e+00
-1.274767401397704e-01 3.206341868325746e-01
-3.926879873231788e-01 -2.476654614202416e-01
-1.988952987738797e-01 3.582456059603786e-01
1.033655398638375e-01 -5.121721825662926e-01
-1.371334554082954e-01 -1.733872301839523e+00
-1.406738948486372e-01 2.069077243779756e-01
-3.958458509665630e-02 4.240550403801812e-01
3.476879278880202e-01 5.286720193213936e-01

