0
-1.091774417607871e-01 2.495087132599633e-01
-7.127015944853001e-01 -1.100257677422381e+00
-5.437827630663079e-02 1.413285586181014e+00
7.585220782365636e-01 1.314583426942523e+00
-1.579467387092335e-01 3.719180956846899e-01
-1.121114305954649e-01 -4.966220674145650e-02
1.234464053873609e-01 -2.035180829227285e-01
-9.773845147070259e-02 -2.023428967143078e-02
4.245619012838745e-01 4.570158106801394e-01

1
-7.098497613361598e-02 2.186250233715242e-01
-2.773327199331252e-01 -3.453567754748876e-01
-7.245272989182476e-02 5.692727987811419e-02
4.410231283024036e-01 6.459010863601704e-01
-3.431073871884049e-02 8.497366222154881e-02
-1.215714845076348e-01 8.855868079655246e-02
7.582147765235892e-03 1.407316097175065e-01
-1.441718026969624e-01 4.226330144247925e-01
2.645420269998917e-01 2.217543208661475e-01

2
-4.305817207380721e-02 2.906645209569386e-01
-3.396750354732526e-01 -2.564879231866830e-01
7.441646293518120e-02 -8.427638592587075e-02
4.818521915486963e-01 4.934876115470729e-01
2.495909188650291e-02 1.048743696541803e-01
-2.120532201913456e-01 2.391187536053405e-01
-9.603420408118028e-02 2.231727052205319e-01
-9.268001226829706e-02 2.745857614396141e-01
4.313521589780447e-01 2.124679080117571e-01

3
-1.639836944816388e-02 2.006805659070676e-01
-3.905319221204356e-01 -3.098639652689251e-01
8.508368478290450e-02 8.167928797376628e-02
5.088897558563635e-01 6.116622328697238e-01
-4.327699999790911e-02 8.617712269856888e-02
1.899993415748623e-02 2.903762493108323e-01
-2.630496782474543e-02 4.962184277192235e-02
-3.557344094034833e-01 2.919938786903632e-01
3.157579880637454e-01 1.104841389288209e-01

4
-9.662196944046901e-02 3.005150708194326e-01
-2.272257838279726e-01 -1.617571414672419e-01
-8.166756348326880e-02 -4.470555144217718e-01
2.765202452822494e-01 2.380367567085380e-01
-7.283773339732931e-02 4.057546528260216e-01
4.284326401504739e-02 -1.664149149525124e-01
-6.606769457964458e-02 1.884016852760324e-01
-1.433019763715253e-02 8.519455357040197e-02
4.974959978237107e-01 4.024475144643544e-01

5
-6.172912753334718e-03 1.346418547660402e-01
-3.055659932682003e-01 -3.137643569290817e-01
6.916555992742496e-03 -1.059454789829405e-02
4.799045952281838e-01 5.623052616266301e-01
2.191969488369900e-02 5.324292125633651e-02
-2.980535536016294e-01 -7.595392839421110e-02
5.155234013006759e-01 -8.754350786947354e-02
-3.995014641413340e-01 2.130378968905560e-01
1.914579467852864e-01 9.044737448437712e-02

6
-3.567033714973823e-02 3.466129446108572e-01
-2.113145035879117e-01 -1.617197434639326e-01
-1.063909703516197e-01 -4.683399508262500e-01
2.576964091912938e-01 2.263591331208166e-01
-5.329281395862711e-02 3.616972922675842e-01
-4.361386537292429e-02 1.133939679581365e-01
-4.041361865563736e-02 1.992180361695531e-01
-1.380044055228658e-02 -1.367161909156623e-01
6.303699718397939e-01 3.412755806718574e-01

7
1.566814136379572e-01 -2.312037894605277e-01
-4.139534167424812e-01 -4.414922907054071e-01
2.908146906118207e-02 -7.102165818116820e-03
4.861705408078456e-01 3.763093068495010e-01
-1.047543524703249e-01 2.422655579467257e-02
1.599160602237278e+00 8.822592142920647e-02
-4.935603694083157e-02 8.355108005296732e-03
-1.799988387075097e+00 8.385488630541301e-01
-2.535153389611726e-01 -6.835610342024360e-01

8
-1.198433353919028e-01 2.269095443194712e-01
-8.759116617319113e-01 -1.143876443922778e+00
3.094626281505113e-01 1.479247653888463e+00
1.086507345161510e+00 1.190549148642728e+00
-3.543005479551160e-01 2.987783650667895e-01
9.593219987220160e-02 1.309746431619891e-01
1.575101878297346e-01 -1.780438298960607e-01
7.855854267879205e-02 1.920112665383741e-02
3.113909143839368e-01 5.224886376340585e-01

9
-7.809906238422736e-02 3.299474256257617e-01
-3.061159745837500e-01 -3.284695764580055e-01
5.664074987573363e-04 4.114609653751972e-02
4.896311890785642e-01 6.121370533585643e-01
1.317663614566508e-02 1.088622684824637e-01
-2.057465302724122e-01 1.087609743922546e-01
-1.434307078607215e-01 4.622604792148339e-01
1.621738098659274e-01 3.866860113640027e-01
4.197257108373369e-01 2.984331076930151e-01

10
-1.190391921222924e-01 3.495823354360095e-01
-3.743102635575390e-01 -3.123411950283139e-01
8.301065382293901e-02 6.053365755482424e-03
5.101939046211910e-01 5.280565133894572e-01
6.358663206185101e-04 1.278923384022420e-01
-4.966481584494584e-01 3.892118216446766e-01
-2.875283417612704e-01 -3.695354303969874e-03
7.174305785398968e-02 2.788159848676150e-01
5.046696006605443e-01 4.099294059037801e-01

11
-6.234113617611645e-02 2.438939822133996e-01
-2.276601427632978e-01 -3.968081755612829e-01
-2.329287418608400e-01 1.065053197421861e-01
3.330194007443737e-01 7.163628107319521e-01
-4.746552982474567e-02 9.881525597576507e-02
-5.998261558757353e-02 1.497170567815382e-01
-5.592937459815479e-02 2.198840677313788e-01
-9.383176478547239e-02 3.838265642926345e-01
3.133306194619762e-01 2.264017064901802e-01

12
-5.002548107000445e-02 1.001961367435563e-01
-3.170384908088653e-01 -3.182534914170171e-01
1.114625579805637e-02 1.307872120084845e-02
4.811730342935058e-01 5.789814182657501e-01
-5.736533007588527e-02 1.005149490378978e-01
-5.504006792088498e-02 -7.250833597804315e-02
2.978444180869604e-01 -1.654544087845158e-01
-4.720774483509041e-01 3.758843869600910e-01
1.190450902272928e-01 1.312617157649373e-01

13
-2.950479342200057e-01 3.528124488927442e-01
-4.150682400165616e-01 -3.792833527132707e-01
1.120803933406295e-01 2.509187041189676e-03
5.486812077448188e-01 4.311031887205097e-01
-1.928626411347285e-01 1.869807387887637e-01
-1.102411747729808e+00 -7.206638183821192e-02
2.478993745570978e-01 -3.733556452899238e-01
6.936874984051348e-01 2.266876013724595e-01
3.265472881817927e-01 9.268873774494181e-01

14
-6.909334986212033e-02 3.954424480739885e-02
-2.985041783067521e-01 -3.240520905387135e-01
-2.450746763423781e-03 6.228419401696987e-03
4.843789160759740e-01 5.791363862299490e-01
-1.990178992809293e-01 9.697213628445707e-02
2.974425303518200e-01 1.120774402489045e-01
8.515874884393800e-02 -3.080674003051891e-01
-6.173919819648450e-01 5.144733298545642e-01
1.309395588518719e-02 1.224924392674793e-01

15
7.449052512279276e-03 2.823115141213398e-01
-3.710568460087899e-01 -3.313990521300598e-01
5.991125632854825e-02 -4.474728614661851e-02
4.884635716012068e-01 4.546205767447233e-01
4.267548932869208e-02 1.221730709350506e-01
-6.036778805328796e-01 2.496907993541885e-01
4.010552434206778e-01 -1.342939136059383e-01
-1.685112700153857e-01 -1.776568748906873e-01
5.110974916941425e-01 2.247433242273740e-01

