16

0
-9.364662090879172e-01 6.028282706338578e-02
7.570426221964563e-01 4.858584791891621e-01
1.000000000000000e+00 0.000000000000000e+00
1.605754307095040e+00 -3.715818402381676e-02
1.840729175525913e-03 4.798469117784971e-01
-8.981032259296586e-01 -1.136265472254234e-01
7.686896159222739e-02 3.656217656125744e-01
9.619173892495770e-01 -2.294958265602375e+00

1
-6.158486546401676e-01 5.654810867066662e-02
5.026116022144318e-03 1.006315909996964e-01
1.000000000000000e+00 0.000000000000000e+00
4.359019938900737e-01 2.684451840734831e-02
5.906735983790241e-01 4.061218471394158e-01
6.171027182253046e-01 -2.487542437375555e-01
2.103062274890196e+00 1.612733000488420e-02
5.924435898729020e-01 -1.529182132805054e+00

2
-6.677946836663665e-01 1.099100284155511e-01
-3.067332121184096e-04 -1.505436053793763e-01
1.000000000000000e+00 0.000000000000000e+00
3.727785465547691e-01 -1.544652624106419e-01
1.017142186261854e+00 6.527077437301722e-01
8.597097465882547e-01 2.196788834950588e-01
1.004128315535677e+00 1.805746560063424e-01
5.270238561324769e-01 -1.715507503659377e+00

3
-6.708459802554204e-01 1.471520599996617e-01
1.320697984232365e-01 -1.402376527544475e-02
1.000000000000000e+00 0.000000000000000e+00
4.800987929606068e-01 1.894182145560710e-01
1.584262268859764e+00 -2.130190226440632e-01
2.750575017300748e-01 1.099604700723101e-01
1.667696645868471e+00 1.748330320960551e+00
4.421860406538839e-01 -1.766700615608620e+00

4
4.968879465566021e-01 -5.003676906289831e-01
1.000000000000000e+00 0.000000000000000e+00
-6.534881435241209e-01 5.331633997740041e-01
1.416511237024405e+00 -2.017221433445271e-01
-5.795545848945589e-01 3.702218250350944e-02
6.656513237626064e-01 1.467169030260362e-02
2.787476390464855e-01 -4.209432171262538e-02
7.740697994093058e-01 -2.077631212364633e+00

5
-6.422877133904078e-01 5.221926742157662e-02
-3.773251588896522e-03 -1.405103784414683e-02
1.000000000000000e+00 0.000000000000000e+00
4.188081891132927e-01 -2.026496614130955e-01
-4.691374728078430e-01 2.427837154503254e+00
-9.488887509330948e-01 -4.107417466543144e+00
1.933549874258021e+00 3.129591645426753e+00
6.339225047275634e-01 -1.586858621252463e+00

6
4.813730625453295e-01 -4.173223372330657e-01
1.000000000000000e+00 0.000000000000000e+00
-6.069650689649967e-01 4.465361919645683e-01
1.147943014957844e+00 3.659032159701958e-02
3.630712989719662e-01 9.361340074380434e-02
6.113726960250688e-01 5.623959673418816e-02
-3.922456280254281e-01 8.263229267462965e-02
8.341177612800620e-01 -2.081024271569054e+00

7
1.000000000000000e+00 0.000000000000000e+00
-2.287051711792621e-02 3.643778391138055e-02
-9.328852905089648e-01 1.287449772149272e-01
-2.899593426140518e-01 -2.638071769626578e-01
3.262177042598746e+00 5.149492662294449e+00
-1.268896081792036e-01 -1.324974356448280e-01
-6.490159685264159e+00 -3.690924695756767e+00
1.586034638006286e+00 -2.326654026655580e+00

8
-9.668522843499985e-01 -6.567893755514864e-02
7.743330527474068e-01 4.663023763385126e-01
1.000000000000000e+00 0.000000000000000e+00
1.816215405266406e+00 6.886782725573982e-01
2.823151826634842e-01 -6.058090179339447e-01
-9.332123024491568e-01 -2.181035292755114e-01
-8.045125788314636e-02 -3.121077164702935e-01
1.296895087524956e+00 -2.218475591539649e+00

9
-6.224963927933929e-01 5.635294356622078e-02
3.443942016006255e-02 2.754477148616098e-02
1.000000000000000e+00 0.000000000000000e+00
3.310026414087061e-01 -1.275942551094252e-01
5.060539708388814e-01 5.543238265803585e-01
1.546895443286045e+00 9.713907404789418e-02
1.078452896024723e+00 -8.046508544946888e-01
6.007516668271635e-01 -1.544738182139164e+00

10
-7.213308261879967e-01 8.572701480031614e-02
7.824262874195291e-02 -6.818432363643603e-02
1.000000000000000e+00 0.000000000000000e+00
3.565174723823880e-01 -1.281928206056996e-01
1.580190148829956e+00 1.028541990559449e+00
2.406177559079258e-01 7.814094151965089e-01
6.759127625919001e-01 -4.723457609154797e-01
6.476261149054887e-01 -1.814102525521817e+00

11
-6.281160081098058e-01 6.270717203260001e-02
-6.109010790272137e-03 2.569477501751097e-01
1.000000000000000e+00 0.000000000000000e+00
4.676409068603114e-01 8.677332895196320e-02
6.933153706753723e-01 8.267327881164147e-02
9.747417187676324e-01 -1.645098374736489e-02
1.716033854764033e+00 -3.532107997124884e-02
5.922937000481775e-01 -1.565581321417665e+00

12
-6.453881537847809e-01 6.687953138891878e-02
1.934346774838499e-02 3.162831625236374e-04
1.000000000000000e+00 0.000000000000000e+00
1.120822853362318e+00 4.722127635943119e-02
-3.827440395235084e-01 7.982556717755097e-01
-2.747967730086057e+00 -1.834228251733255e+00
5.364220319737948e+00 2.390480346389299e+00
6.027674987417723e-01 -1.611520969733509e+00

13
-8.704235015022536e-01 -4.792177685864923e-02
1.196982198298565e-01 -8.631491290246150e-02
1.000000000000000e+00 0.000000000000000e+00
6.244667215902648e-01 5.429193020186962e-02
1.565911336175448e+00 2.045723911979653e+00
-9.993394433303449e-01 1.262341805915123e-01
-6.188236653946164e-01 -1.520242793051238e+00
1.140937095948832e+00 -2.010440832725281e+00

14
-6.339868326687541e-01 4.113543945773129e-02
3.416369502320280e-03 6.685352774941014e-03
1.000000000000000e+00 0.000000000000000e+00
3.021782433091215e+00 1.478720320057354e-01
-2.825362750919575e+00 -3.308990461282159e+00
-3.032904556998639e+00 3.133369322326037e+00
1.078827135315959e+01 -2.065421646433426e+00
6.504478198060080e-01 -1.554067161085692e+00

15
-8.102768002410885e-01 2.823276532239011e-02
2.142989218569558e-02 -1.013059645634771e-01
1.000000000000000e+00 0.000000000000000e+00
4.720808394390122e-01 -1.573380861605252e-01
9.479809607915383e-01 2.310909368796491e+00
-4.800184310895912e-01 -1.490218557263109e+00
-6.644442166398744e-01 5.940085552881531e-01
8.891175460146965e-01 -1.957476405442642e+00

