9
0
0
52
-9.943552594332572e-02 2.300960941023120e-01
-7.233969167653503e-01 -1.001465450391506e+00
-1.101446438448549e-02 1.184192833248814e+00
7.007307649034444e-01 1.114516970053523e+00
-1.511190710539407e-01 3.731726377220403e-01
-1.105939340409765e-01 -4.729028545138680e-02
1.154483913246149e-01 -1.953515289026166e-01
-9.177164581088480e-02 -1.866854473994153e-02
4.324121715288603e-01 4.495338162735757e-01
4.475452091311810e-16
4.917984510181443e+02
1.239679373847574e-15
3.906250000000000e-04
1.150940137341071e-12
0.000000000000000e+00
1
1
1
52
-6.462543710400113e-02 1.997916337819072e-01
-3.026695341874424e-01 -3.511923815307737e-01
-5.922085992333558e-02 4.688558233912522e-02
4.354342985600483e-01 6.102398125465855e-01
-3.353366708034425e-02 8.535473279216747e-02
-1.193122868355475e-01 9.176584136311423e-02
9.818483863131413e-03 1.393678120185043e-01
-1.391334243819297e-01 4.191320120945206e-01
2.672308707082233e-01 2.171893364884806e-01
1.144391699630559e-16
2.256674648182033e+02
1.512423266672291e-16
3.906250000000000e-04
1.739121046512846e-14
0.000000000000000e+00
1
1
2
52
-3.770821105174752e-02 2.670426322737467e-01
-3.648498005010769e-01 -2.704684465593812e-01
7.240154057878997e-02 -7.045745019127855e-02
4.670383686758638e-01 4.818856076615177e-01
2.719199815994192e-02 1.053723730423110e-01
-2.126554062203611e-01 2.470078854603517e-01
-9.108174387107251e-02 2.212954560178793e-01
-8.608501390711502e-02 2.613359212819666e-01
4.382405126662148e-01 2.054265568215213e-01
1.241267076623637e-16
1.186582233431625e+02
5.656475588498576e-17
3.906250000000000e-04
1.194921854536953e-14
0.000000000000000e+00
1
1
3
52
-1.443378093518847e-02 1.851099022733982e-01
-4.076095637417696e-01 -3.188827878070407e-01
7.156732103114362e-02 6.995621164920184e-02
4.802304709436457e-01 5.806842439939601e-01
-4.199282799011768e-02 8.613701963247751e-02
1.656503593141086e-02 2.963373036719355e-01
-2.432489159357438e-02 4.932872192826515e-02
-3.477044229074407e-01 2.834721462832944e-01
3.206513618582677e-01 1.073531844358588e-01
1.110223024625157e-16
3.061818065261262e+02
2.264965774323756e-16
3.906250000000000e-04
2.195267768132566e-14
0.000000000000000e+00
1
1
4
52
-8.779318214184723e-02 2.741340993318318e-01
-2.497865954058191e-01 -1.739197486326166e-01
-7.459220211066397e-02 -4.251326239760105e-01
2.754102748325668e-01 2.380492971196700e-01
-6.906111095701831e-02 4.060238610277941e-01
4.073189857689242e-02 -1.621259693555229e-01
-6.246165851683204e-02 1.811896517296384e-01
-1.293265327674306e-02 8.010982742413690e-02
5.015915102552361e-01 3.946007827317568e-01
2.220446049250313e-16
1.387833357322787e+02
2.017695430420795e-16
3.906250000000000e-04
8.450114228052783e-15
0.000000000000000e+00
1
1
5
52
-6.676670208008268e-03 1.227687683847207e-01
-3.271113118948876e-01 -3.238764849525542e-01
5.861366846678809e-03 -8.582204651272513e-03
4.652189397131912e-01 5.420777478945612e-01
2.208280518614379e-02 5.276959052389391e-02
-2.949303011088729e-01 -7.380529773910673e-02
5.105980008634607e-01 -8.907003145545064e-02
-3.971257866973107e-01 2.164842853708365e-01
1.905841870303404e-01 8.842081683759766e-02
2.371437420133774e-16
9.640847948919851e+02
1.291618598970241e-16
3.906250000000000e-04
3.727178030192842e-15
0.000000000000000e+00
1
1
6
52
-3.510354640006725e-02 3.130534121217362e-01
-2.333369458010927e-01 -1.738174269784392e-01
-9.802016713102123e-02 -4.460644953545002e-01
2.586787586288362e-01 2.269760150192639e-01
-5.175159591678441e-02 3.580830277018920e-01
-4.205108471316253e-02 1.103745466299668e-01
-3.906734745663827e-02 1.894180992752332e-01
-1.209910856962063e-02 -1.256945187632414e-01
6.221912573866281e-01 3.341747433567577e-01
1.110223024625157e-16
1.104202694657346e+02
2.008469838423330e-16
3.906250000000000e-04
1.555124863902055e-14
0.000000000000000e+00
1
1
7
52
1.663724207877849e-01 -2.159216683835897e-01
-4.366302753748524e-01 -4.461578261596109e-01
2.624296264714059e-02 -5.705979422795327e-03
4.647665404512591e-01 3.600001184152742e-01
-1.052029235420765e-01 1.871826636816602e-02
1.654623338587161e+00 1.523588504542970e-01
-4.971999864656618e-02 5.354296782189853e-03
-1.876734196322681e+00 7.872980307396790e-01
-2.385025970084859e-01 -7.295503079028165e-01
1.050602003051335e-15
2.108531638969478e+03
1.031963736876587e-15
1.562500000000000e-03
6.338281527636486e-12
0.000000000000000e+00
1
1
8
52
-1.085778990491219e-01 2.097202243965604e-01
-8.457331183289523e-01 -1.031363704264008e+00
2.625229001363061e-01 1.216053540242894e+00
9.428407863155251e-01 1.002675319515725e+00
-3.416306147822490e-01 3.061218623898997e-01
9.639721377929658e-02 1.249846738510214e-01
1.470669522680652e-01 -1.720322704953343e-01
7.419052889085914e-02 1.701574427512448e-02
3.244450549854006e-01 5.128625475956637e-01
2.220446049250313e-16
5.008092969913903e+02
1.084937635606160e-15
3.906250000000000e-04
1.945086129677572e-12
0.000000000000000e+00
1
1
9
52
-7.054713509622651e-02 3.007068409642341e-01
-3.271858137259626e-01 -3.358764110867618e-01
2.444717594669468e-04 3.308199735378371e-02
4.728821224214227e-01 5.823723877631741e-01
1.501717731847204e-02 1.085361678015362e-01
-2.023896246089380e-01 1.130679330475449e-01
-1.383394259083709e-01 4.583091586725361e-01
1.658822543834966e-01 3.810639760296550e-01
4.221320298689626e-01 2.896269891592654e-01
1.118863022827952e-16
1.519769759611729e+02
1.382523007648089e-16
3.906250000000000e-04
1.167055121521967e-14
0.000000000000000e+00
1
1
10
52
-1.067023746911528e-01 3.194624449189101e-01
-3.942940653341662e-01 -3.240361447907236e-01
7.262526642604979e-02 6.508404654985252e-03
4.863629437397911e-01 5.070219860141004e-01
2.911530969659747e-03 1.275724217605728e-01
-4.971905803496068e-01 3.950635355197358e-01
-2.753054482095643e-01 -6.509903614244975e-03
7.877523477652897e-02 2.663291580544845e-01
5.104343837643481e-01 4.004612694674380e-01
1.144391699630559e-16
1.454268422331409e+02
1.426227446648977e-16
3.906250000000000e-04
1.038326587042037e-14
0.000000000000000e+00
1
1
11
52
-5.713201632808444e-02 2.219097821660252e-01
-2.692791463992459e-01 -3.932824305465866e-01
-1.723988922359310e-01 8.911961565716477e-02
3.625865112469902e-01 6.623286143207552e-01
-4.597311845197453e-02 9.881655652676838e-02
-5.795651436997971e-02 1.491301717639659e-01
-5.203832557250290e-02 2.172446003519298e-01
-9.020238104763581e-02 3.828226634178540e-01
3.135788766568179e-01 2.208805835741782e-01
1.671106944322084e-16
3.831906640371627e+02
8.736307726259273e-17
3.906250000000000e-04
5.581054207170743e-13
0.000000000000000e+00
1
1
12
52
-4.660105232300082e-02 9.148579589566344e-02
-3.372203588565486e-01 -3.274621073027940e-01
8.817759739959730e-03 1.089365745416113e-02
4.649360997649855e-01 5.555677055399387e-01
-5.655160048530408e-02 1.003388096275154e-01
-5.519278044845828e-02 -7.221519740767211e-02
2.958640194357862e-01 -1.659230481511748e-01
-4.686733088545785e-01 3.793510656117235e-01
1.193416787711518e-01 1.302432373925936e-01
1.671106944322084e-16
1.508617052416694e+03
1.237807843380445e-16
3.906250000000000e-04
3.321868180611794e-15
0.000000000000000e+00
1
1
13
52
-2.525085921339419e-01 3.315853254151073e-01
-4.333308188317285e-01 -3.879130983145287e-01
9.833065297203543e-02 4.960132411380998e-03
5.207965931413321e-01 4.169873625457542e-01
-1.756856200466573e-01 1.933548222299049e-01
-1.073738095967482e+00 2.670355068219274e-03
2.104843940493166e-01 -3.632415097371892e-01
6.603484937718267e-01 1.786815209106963e-01
3.785362579356040e-01 8.859715824784117e-01
1.241267076623637e-16
7.956324083479447e+01
6.269181479964079e-16
3.906250000000000e-04
4.420125804670012e-14
0.000000000000000e+00
1
1
14
52
-6.404017449607594e-02 3.578601167342064e-02
-3.205696503617930e-01 -3.329314683082010e-01
-2.110140865103422e-03 5.037543967673933e-03
4.695909230525133e-01 5.556082226669379e-01
-1.988072245678680e-01 9.866779069240303e-02
2.993522948582836e-01 1.107998621603045e-01
8.209694591423905e-02 -3.091970760435345e-01
-6.169695768175550e-01 5.183391672257676e-01
1.395907368692335e-02 1.227996654470779e-01
2.687645995600495e-15
3.771660653791137e+03
2.268692009092304e-16
1.562500000000000e-03
6.476550755664096e-12
0.000000000000000e+00
1
1
15
52
4.094512233427098e-03 2.594731706896900e-01
-3.930034757724228e-01 -3.426967212413897e-01
5.457013384893251e-02 -3.817087766743307e-02
4.697168904118610e-01 4.393043560798475e-01
4.275795285856867e-02 1.218480895125227e-01
-5.957374614571189e-01 2.554376723309177e-01
3.847062927353074e-01 -1.306536224175006e-01
-1.568498582308810e-01 -1.699732723415878e-01
5.115531121395714e-01 2.226872376915399e-01
1.241267076623637e-16
1.557679447840344e+02
2.236026024304248e-16
3.906250000000000e-04
5.267045066089675e-15
0.000000000000000e+00
1
1
-1

2 0
2 9
0 0
-823468046300833568669091786230170494287797878370025782017764672766176868822725904516563464442475828769634722506979814715201937411345135832720644572787649496941906811476538925110770389380445937105482484180920659081501449704145412677179753497527528051713102351494419210591811734178435745549016733805276018932603/1000000000000000000000000000000000000000000000000000000000000000000000000000000000000000000000000000000000000000000000000000000000000000000000000000000000000000000000000000000000000000000000000000000000000000000000000000000000000000000000000000000000000000000000000000000000000000000000000000000000000000000000 176750579918548029446814366413801264188425796313540708927739957531433224884012802902814038828627261931216884729597969951297767780864452050713464671684742562645396775662975304859499051278339941923483304937183117756616164229521298408377549661488122546971412243509536018482949958334739680677148791156600066913733/400000000000000000000000000000000000000000000000000000000000000000000000000000000000000000000000000000000000000000000000000000000000000000000000000000000000000000000000000000000000000000000000000000000000000000000000000000000000000000000000000000000000000000000000000000000000000000000000000000000000000000000
-3495951655653691707309058833206540988213268737231180270119462844136389959800998610298861370625321758265072267181375232762884909576036066157089985440085951934174209086415882591995619162511526500753190767110499854100607561640290272828716081698355256975891069566042566974409317398638141437685202136527828511503869/10000000000000000000000000000000000000000000000000000000000000000000000000000000000000000000000000000000000000000000000000000000000000000000000000000000000000000000000000000000000000000000000000000000000000000000000000000000000000000000000000000000000000000000000000000000000000000000000000000000000000000000000 9603726048125727930717670085729975869398445917742472805541166987946774706646315957147061137091257674160954413914912335723263426831543511984036260496473052586733108503280922552429769179185157247192639665836951547532661293836982645562057045478053595882688228184396583550329041369886329107709562001305941506034401/10000000000000000000000000000000000000000000000000000000000000000000000000000000000000000000000000000000000000000000000000000000000000000000000000000000000000000000000000000000000000000000000000000000000000000000000000000000000000000000000000000000000000000000000000000000000000000000000000000000000000000000000
782113261716905024943347679447157485092106413263801475090051407927227516172177957942839908347869782675561358082134843670736836937935328836671884875542528833391151259158222588599101280622292600346941941191160823729942353045363468938286201712216023169763333821097861817239896071891490941900153080429154503722157/2000000000000000000000000000000000000000000000000000000000000000000000000000000000000000000000000000000000000000000000000000000000000000000000000000000000000000000000000000000000000000000000000000000000000000000000000000000000000000000000000000000000000000000000000000000000000000000000000000000000000000000000 -7367964049075557695394829101421874644027041110357538128094383887428373833390461004514492351819293150691363564955290128706381040547954609829299729975719406049733406533239753496658379542562209335504398669114962616357981270617726361749700591552647365640876545188163944425771824008798787314719768392994162964482563/10000000000000000000000000000000000000000000000000000000000000000000000000000000000000000000000000000000000000000000000000000000000000000000000000000000000000000000000000000000000000000000000000000000000000000000000000000000000000000000000000000000000000000000000000000000000000000000000000000000000000000000000
0 0
0 0
0 0
0 0
0 0
-709616027771454375323842797658247559666230968735695824704926460037363777996905804634085437152641239165726818671619040131209687991821751070800237654311910572328451166759392764572004447821637233273768449706580904096256921266582651463021340623854641347818838311800218276733216983669549186035820326813917797126559/1250000000000000000000000000000000000000000000000000000000000000000000000000000000000000000000000000000000000000000000000000000000000000000000000000000000000000000000000000000000000000000000000000000000000000000000000000000000000000000000000000000000000000000000000000000000000000000000000000000000000000000000 1692057332399516491254665266538722976714882929516579189828949572150380847353271987293217978885321283356426457557309366709459412287908857814456048660831878141452915406607286552550331006065814600860430440979905892910041751859381661523702269696465152743117623033289584094721619788014289855879323175742587480807401/5000000000000000000000000000000000000000000000000000000000000000000000000000000000000000000000000000000000000000000000000000000000000000000000000000000000000000000000000000000000000000000000000000000000000000000000000000000000000000000000000000000000000000000000000000000000000000000000000000000000000000000000
0 0
0 0
0 0
-573586958055491676786192921027029729740031767458136365903037460890004646811567717938846743328331554014275007661643020587298225668385331492488101888901725392518771979538653172197378848517388777299767782506053151783904829522582707150778791785877889044423126842209007215799413927016914437236999580430567367220941/2500000000000000000000000000000000000000000000000000000000000000000000000000000000000000000000000000000000000000000000000000000000000000000000000000000000000000000000000000000000000000000000000000000000000000000000000000000000000000000000000000000000000000000000000000000000000000000000000000000000000000000000 -2159077446874525986672590893655757481194699617327862576067598345449312989418657610384957193363432581112616049199369294005932708972330279836873348140922321991696793117214641946359467562496200329322400520029841157811361682389797799245025697774889657493468599383689307642648581086780672859875585462385753598454167/2500000000000000000000000000000000000000000000000000000000000000000000000000000000000000000000000000000000000000000000000000000000000000000000000000000000000000000000000000000000000000000000000000000000000000000000000000000000000000000000000000000000000000000000000000000000000000000000000000000000000000000000
-9735600377554588029584434455325432906081160674554669428423179281461580873568477922319073732010147719418478248937915335614645105489646428747624648724684039384554366353984114550733765782145736749100275145498076060635223540047950234445883498038534925052757552639700676240275076707183467269444124053234852998254371/100000000000000000000000000000000000000000000000000000000000000000000000000000000000000000000000000000000000000000000000000000000000000000000000000000000000000000000000000000000000000000000000000000000000000000000000000000000000000000000000000000000000000000000000000000000000000000000000000000000000000000000000 -6102255436595432481467369125942178008328624121371632191726073484609823531833169441903541400749644311955842024916527729130237333080486348760930658781406546616359147718133370756441084580233715677745350433696374214201154257794494729141030502552848947010047168037239519783161201557147877687578568120903313764838519/10000000000000000000000000000000000000000000000000000000000000000000000000000000000000000000000000000000000000000000000000000000000000000000000000000000000000000000000000000000000000000000000000000000000000000000000000000000000000000000000000000000000000000000000000000000000000000000000000000000000000000000000
8327648802561521283637962953102499067254191340353602783636021131990593138953717074498049166656599592920727841813740668682898246734478694069041140181861457358872690871482059136027461623525838943685950769006453741434539503340784830210710359706007567717227148673403556884777779862180371114069682104136130824849157/10000000000000000000000000000000000000000000000000000000000000000000000000000000000000000000000000000000000000000000000000000000000000000000000000000000000000000000000000000000000000000000000000000000000000000000000000000000000000000000000000000000000000000000000000000000000000000000000000000000000000000000000 -551353138363154143806740731609100068277799032462464881125211594112284815730152784402500125964105489340778732826874263676220695159268275610926321521930888906590832684034313555290922520397529698699559377846709558051198891354299109017591869314169825252055772971190852971188324881418888203561702457127496166279671/1250000000000000000000000000000000000000000000000000000000000000000000000000000000000000000000000000000000000000000000000000000000000000000000000000000000000000000000000000000000000000000000000000000000000000000000000000000000000000000000000000000000000000000000000000000000000000000000000000000000000000000000
-5337151231442304991853395323556488702178833579536867671554650545798026167687108812967037594429464810420402838206265202625205429218526361340408671851274377271643619903629856096616674512295660908132147426863033443401108499215034386683321365153216834944292730217378123326512713393787218343480089799526528558466627/10000000000000000000000000000000000000000000000000000000000000000000000000000000000000000000000000000000000000000000000000000000000000000000000000000000000000000000000000000000000000000000000000000000000000000000000000000000000000000000000000000000000000000000000000000000000000000000000000000000000000000000000 -224127932252018565162284227290546933691478531140642823674896968375145179949028763921301824736433089715288355165748516997963357136739725846317074263513807584439156311230378156339562826835462877336281127607044380538794972963095559956220065024639072780274982165639179798039754172159755741096800317541101389576363/250000000000000000000000000000000000000000000000000000000000000000000000000000000000000000000000000000000000000000000000000000000000000000000000000000000000000000000000000000000000000000000000000000000000000000000000000000000000000000000000000000000000000000000000000000000000000000000000000000000000000000000
9065559807352202084122092678127828665757545384851895446461972956117519019923662134492229444632352155583014401325009771920618541487197639591084220523130897443775638900621366409077643259934408394750150225349806870992624848140681636288528079794972468183747714405719095139462237623342635709270600385793797860043773/10000000000000000000000000000000000000000000000000000000000000000000000000000000000000000000000000000000000000000000000000000000000000000000000000000000000000000000000000000000000000000000000000000000000000000000000000000000000000000000000000000000000000000000000000000000000000000000000000000000000000000000000 -552415055802362288664911209486413440209874819353199337760233272647978106071262756059846706179442450851677963056529965865357697024340549367140798512213463875173390712617137802060306081544124226396665758134826256668095565066864358306557523602104515868800241630435478415171635340684602008468007782515715245551273/1000000000000000000000000000000000000000000000000000000000000000000000000000000000000000000000000000000000000000000000000000000000000000000000000000000000000000000000000000000000000000000000000000000000000000000000000000000000000000000000000000000000000000000000000000000000000000000000000000000000000000000000

-1
-2407639022236954185880376027164958851706159120746976998507706802423696072850964093457553955265741367018025261720872699229532680045599892074625862825063461084350611363759259024770606988148093088908885837344607493658372064777832950101297710935713719562477608655810428060224205275295411004950365183426796929112351/10000000000000000000000000000000000000000000000000000000000000000000000000000000000000000000000000000000000000000000000000000000000000000000000000000000000000000000000000000000000000000000000000000000000000000000000000000000000000000000000000000000000000000000000000000000000000000000000000000000000000000000000 556112761068140317131646786054737116710374261709894754085570515495147858073098744853171387564167936960321335895872763090461879734757870446524905791848820516010686264946310708067730899387698256194446948135780518735040123229435882315872058880621295535973888899623233209360539366657697053734565047469234312110637/1250000000000000000000000000000000000000000000000000000000000000000000000000000000000000000000000000000000000000000000000000000000000000000000000000000000000000000000000000000000000000000000000000000000000000000000000000000000000000000000000000000000000000000000000000000000000000000000000000000000000000000000
0 0

0 0

0 0

