16                                               

-1.378052799325442e-01 -2.915541242562498e-02
1.000000000000000e+00 0.000000000000000e+00
6.184493527015422e-01 -1.871100726654698e-01
3.665087700356958e-01 1.972195401707681e-01
-6.170686379618055e-02 1.456944365136056e-01
-4.839194666788706e-01 -1.838987019166877e-01
5.422122427223308e-02 2.391797662274874e-01
4.746986786078450e-01 -3.298895794214156e-01

-1.266604919004864e-01 -1.483695923737763e-02
1.000000000000000e+00 0.000000000000000e+00
9.088013456041527e-01 -4.148815939489728e-01
7.802235701529005e-02 3.404517976230211e-02
1.685792696406174e-04 1.567788611244871e-01
1.199574008622325e-01 9.006262374320360e-02
5.038868102272791e-01 1.810441720952825e-01
2.859367163982983e-01 -1.811638385280794e-01

-5.330972678778077e-02 2.172232554448826e-02
1.000000000000000e+00 0.000000000000000e+00
2.878413559344736e-01 -3.755340168714116e-01
5.470450284197145e-02 3.187788865806716e-02
2.914671681759012e-02 1.316967272111889e-01
1.957871811827958e-01 9.538949721804441e-02
4.722602014024234e-01 2.339493066773854e-01
2.699060258552851e-01 -1.767249536254219e-01

-3.770562249706411e-02 -9.001310679568865e-02
1.000000000000000e+00 0.000000000000000e+00
5.364055346346360e-01 5.298562982548010e-01
8.351698310378833e-02 8.900991292564961e-02
2.075557031239849e-01 1.918522773262522e-02
3.729451167174858e-02 8.016142554513045e-02
4.139345824635654e-01 6.127219159713162e-01
2.592246189921379e-01 -2.249637350859771e-01

5.267451790216966e-02 9.529586405212793e-03
1.000000000000000e+00 0.000000000000000e+00
-3.076117103200484e-01 1.110928278112753e-01
2.374781788699367e-01 1.011687873502003e-01
-1.660046093794594e-01 -5.182201306570270e-02
2.254931079754096e-01 8.442969037379687e-02
1.522165123652101e-01 2.361480454352918e-02
3.620633721557385e-01 -2.393210633211923e-01

-1.375678791309524e-01 -9.461038450172464e-02
-2.013116881143443e-01 -1.743727357394490e-01
1.000000000000000e+00 0.000000000000000e+00
1.053309629966936e-01 2.371054795786538e-02
-3.716567378560481e-01 6.109314341284118e-01
1.601784329450469e-01 -9.078221306291981e-01
-2.443532060062946e-01 5.031765319126019e-01
3.870068993599148e-01 -2.150374410699171e-01

4.699854697274229e-02 1.355406828846779e-02
1.000000000000000e+00 0.000000000000000e+00
-2.594270480805613e-01 5.384915499084950e-02
1.922119445068495e-01 1.276701992061515e-01
6.902389191939029e-02 7.121716396404640e-02
2.157987564095074e-01 9.355012353736836e-02
-3.093423104943491e-01 1.651102970502509e-02
3.972344245959747e-01 -2.861000933502475e-01

-2.275708113034283e-01 -2.543572416858183e-01
5.519242595221747e-03 -1.069421628363162e-01
1.000000000000000e+00 0.000000000000000e+00
-1.667600213969997e-01 -2.616924822865202e-01
-1.256063599119199e-01 2.696097017362194e+00
-6.611495387821931e-02 -9.887950745248229e-02
-2.090893046165711e+00 -3.415607172611707e+00
8.725643749317336e-01 -2.402587632659371e-01

-1.380387030571069e-01 -7.490159031318358e-02
1.000000000000000e+00 0.000000000000000e+00
5.946531435795337e-01 -1.531384546668987e-01
3.230224710794009e-01 5.383081811461721e-01
2.299243576142646e-01 -1.624960743004792e-01
-4.937675159728498e-01 -2.692332086724067e-01
-4.102064116413326e-03 -2.310385761080444e-01
6.346337169688666e-01 -2.391745693793408e-01

-1.076410346706902e-01 -6.970497873862304e-02
9.575715749801017e-01 -1.227556817053850e-01
1.000000000000000e+00 0.000000000000000e+00
5.568811024732987e-02 2.372104879786169e-02
-1.692490387100465e-02 1.417730824415356e-01
3.331036778422530e-01 1.595891530506348e-01
3.226684618484267e-01 -1.301534798163709e-02
2.925491748558543e-01 -1.733597626680908e-01

-1.262131044976785e-01 -6.302193724255881e-02
3.509202356593072e-02 -6.725046528255454e-01
1.000000000000000e+00 0.000000000000000e+00
6.901196093209831e-02 2.626987762996408e-02
1.765582611741906e-01 1.990365081725724e-01
1.010425729742056e-01 3.011270429618260e-01
2.567827333417692e-01 6.044852045314937e-02
2.985948353148294e-01 -2.253490485713514e-01

3.075183319902137e-02 -3.072622353758483e-02
1.000000000000000e+00 0.000000000000000e+00
-8.423248565991465e-02 3.122228200273146e-01
6.310227385134118e-02 6.837343903883791e-02
1.176944088802509e-01 9.747683063711338e-02
2.108576690682569e-01 1.548124742842780e-01
2.868770120398503e-01 1.615385876807880e-01
2.967322957413142e-01 -1.975237463031656e-01

-1.342412965007353e-01 -6.345672517690337e-02
1.446959487652893e-01 -2.964297938417630e-01
1.000000000000000e+00 0.000000000000000e+00
2.312183215910241e-01 1.439229514305760e-01
-1.529149683906963e-01 1.037687883351711e-01
-3.658803439960551e-01 -6.801455951726394e-01
5.871101571808686e-01 1.220085740891279e+00
3.091009388849593e-01 -2.439004898591802e-01

-1.811365797114850e-01 -1.683902065915820e-01
1.468869851099365e-01 -5.311541465943485e-01
1.000000000000000e+00 0.000000000000000e+00
1.562305594916218e-01 1.298438094891448e-01
7.516433128094129e-03 9.167866012793048e-01
-5.866734995064806e-01 -1.543159037220118e-01
-1.375559901565044e-01 -1.002870281713241e+00
6.136244529308804e-01 -2.314364405579981e-01

-1.232845402159802e-01 -9.035053273644975e-02
1.303944320616328e-01 -6.090648595897530e-04
1.000000000000000e+00 0.000000000000000e+00
5.520934008059751e-01 5.147569130967299e-01
-2.803147696625808e-03 -1.001224046021281e+00
-1.206764680275253e+00 7.450384916368406e-02
2.309388954182896e+00 1.032841327428851e+00
3.600360900399150e-01 -1.861456729333908e-01

-1.439460653114616e-01 -8.569216139337950e-02
-2.779500077937898e-01 -1.527984902617009e-01
1.000000000000000e+00 0.000000000000000e+00
1.080796868019642e-01 2.061773807944221e-02
-3.127126243190489e-01 5.503436221034574e-01
2.507664590863596e-01 -8.385577413097063e-01
-4.039459922783838e-01 5.771338022230271e-01
3.733553730420971e-01 -2.407075798859659e-01

