0
52
7.962743754568543e-01 3.046939184514486e+00
1.546072184259648e+00 -9.162604119756428e-01
9.437916079723832e-17
5.139200842084716e+01
1.029747692476438e-15
9.765625000000001e-05
8.774642337174932e-12
0.000000000000000e+00
1
0
0
0 0
1 0
1
52
-3.982606713934991e-01 2.691661289074962e+00
9.370168394719182e-01 -1.025362622854962e+00
7.473417450352271e-17
1.596198209789592e+02
3.028838750611732e-16
9.765625000000001e-05
7.047682555859737e-13
0.000000000000000e+00
1
0
0
0 0
1 0
2
52
2.668626244014929e-01 1.880757187496992e+00
1.220249741784077e+00 -1.462307060715277e+00
1.398578778534941e-17
5.940880881375120e+01
8.699256580066565e-16
9.765625000000001e-05
8.298823779264893e-13
0.000000000000000e+00
1
0
0
0 0
1 0
3
52
-5.042692180038369e-02 2.748001386780721e+00
1.111755737355780e+00 -1.016838133876713e+00
6.397344083151129e-17
2.515929791967041e+02
1.121657391534575e-15
9.765625000000001e-05
9.333917304493804e-13
0.000000000000000e+00
1
0
0
0 0
1 0
