0
52
1.043168965287110e-01 2.758642914097794e+00
1.746561671397010e+00 -1.173166632873701e+00
9.437916079723832e-17
1.045032642777701e+02
8.592746682768031e-16
3.906250000000000e-04
6.663708514766373e-15
0.000000000000000e+00
1
0
0
0 0
1 0
1
52
-6.713679033830479e-01 2.915546818953973e+00
9.548533735614873e-01 -9.526090086533040e-01
2.423651445728339e-16
2.683844764137006e+02
2.459930506800086e-16
3.906250000000000e-04
1.861072919577845e-14
0.000000000000000e+00
1
0
0
0 0
1 0
2
52
-2.553797008260293e-01 2.956862598610541e+00
1.388821907604216e+00 -9.409392769491307e-01
1.123693828313069e-16
4.559917613658652e+02
1.995726917740425e-16
3.906250000000000e-04
2.355792802380179e-15
0.000000000000000e+00
1
0
0
0 0
1 0
3
52
-4.692552889088993e-01 2.826306101960583e+00
1.157522876204681e+00 -1.060166173459632e+00
1.438027169007152e-15
6.135223770631197e+02
1.235349385811223e-16
1.562500000000000e-03
9.469498136005925e-12
0.000000000000000e+00
1
0
0
0 0
1 0
