10                                               

-9.549997545883360e-02 -3.509622595249636e-01
1.000000000000000e+00 0.000000000000000e+00
-1.108996296866247e-01 -1.250175624468768e-01
8.546913662618862e-01 1.924554035451101e-01
1.607456510224235e+00 -3.616475701964508e-01
1.083192759139603e+00 -8.134868698626049e-02
-1.931021718857517e+00 -2.843394080777182e-01

6.854930756605367e-01 4.372618938458581e-01
7.709189548933286e-02 1.688362583202662e-01
1.000000000000000e+00 0.000000000000000e+00
-3.882942712103969e-01 -1.261034659718502e+00
-1.982520437915402e+00 4.652251781794503e-01
9.182127175921472e-01 3.772796318920597e-01
-7.057628694527983e-01 -1.832622330738274e-01

1.000000000000000e+00 0.000000000000000e+00
3.563249437948612e-03 1.383292278561415e-01
9.267035812080709e-01 3.762367223199667e-02
-8.038892872247010e-01 1.625461255986154e+00
4.100966594190554e+00 -1.037392564832106e+00
1.375738622426864e+00 -4.036228151202839e-01
-9.068657602431148e-01 3.354887016458205e-01

2.643663261813295e-01 8.954007624552500e-01
-6.360386988992144e-01 7.551930353057117e-01
1.000000000000000e+00 0.000000000000000e+00
4.366432126533019e-01 7.135857286360047e-01
5.868369220519634e-02 -2.487353134426731e-01
4.050654494194222e-01 -6.374762011178101e-01
-4.733373447590128e-01 -6.906219883441965e-01

8.585369308257309e-01 2.778230102600538e-01
7.044363717602224e-01 6.483332167442526e-01
1.000000000000000e+00 0.000000000000000e+00
2.734385919569982e-05 4.161969422767530e-01
-7.871641420041195e-02 -1.970180362383484e-01
1.398450563847185e+00 -8.905780840547697e-01
-8.092430753182384e-01 6.369132966876911e-04

1.533010820802322e-01 2.733160555246733e-02
4.553305375730144e-02 -1.710030975676501e-01
1.000000000000000e+00 0.000000000000000e+00
-9.744611858169781e-02 1.260131929780318e-02
9.086763040789525e-01 -9.910269423627021e-01
-2.004388855309537e-01 -1.947342179442885e-01
-1.383334057347043e-01 1.911616096918060e-02

6.020292512950347e-01 2.013551054170420e-01
4.025804967302232e-01 1.021985258084138e-01
1.000000000000000e+00 0.000000000000000e+00
7.407282398534427e-01 -1.272486549213530e+00
1.797573115817447e-01 2.392722825039127e-01
-1.278414069791242e+00 -3.809450832973646e-01
-5.692726836958997e-01 -5.130511574056418e-03

3.295976506854699e-01 2.388723332430202e-01
3.558892757089125e-02 1.506423216032881e-01
1.000000000000000e+00 0.000000000000000e+00
-4.625156204122172e-01 -4.807577884983463e-01
7.646813257200876e-01 1.241073746088403e+00
-4.352668989781084e-01 -3.824517017493897e-01
-3.472675863398407e-01 -1.125367200455123e-01

3.301414209903016e-01 -1.359205159605177e-01
3.885867341498755e-02 -3.177606972674215e-01
1.000000000000000e+00 0.000000000000000e+00
-1.371078401592666e-01 1.090294430202568e-01
-1.192080818175900e-04 -1.718139004578199e+00
7.853673582628188e-01 -2.508853923263353e-01
-2.439966567845409e-01 2.073188550032760e-01

2.456392150423616e-01 -6.597129675868504e-01
1.000000000000000e+00 0.000000000000000e+00
-1.542729746191241e-01 -3.461629350174043e-01
3.372762275938688e-01 -2.699492499164631e-01
8.135122125990669e-02 4.814621124788716e-01
9.202586144954605e-01 4.693033814791508e-01
-1.491210101073511e+00 -7.424059888223806e-01

