0
52
7.654348699602449e-01 1.829368377958858e+00
-7.740122225186981e-01 -5.265229812560934e-02
-1.063428994696791e-01 -2.706912004797142e+00
-8.705749290573767e-01 -1.647260231054978e+00
-1.153116321531458e+00 6.454741858102329e-01
5.715222817774257e-16
1.140803482080287e+01
5.427411575018367e-16
3.906250000000000e-04
1.203000579512394e-12
0.000000000000000e+00
1
0
0
0 0
0 0
0 0
0 0
0 0
1
52
1.586574357446953e+00 3.933071883315558e+00
-5.796587168977070e-01 1.630468553139199e+00
-4.078378185257525e-01 -2.421244758524958e+00
-1.755700150282531e+00 -1.267955050230174e+00
-1.158273575158018e+00 2.855602408029242e+00
1.066159411269956e-15
1.118435742206700e+01
2.189876435094996e-15
3.906250000000000e-04
6.547478211893596e-12
0.000000000000000e+00
1
0
0
0 0
0 0
0 0
0 0
1 0
2
52
6.810275506031720e-01 3.108559490699513e+00
-4.524272220757197e-01 4.127501170347762e-01
-2.740369436501349e-01 -2.505702978991143e+00
-1.343296762108320e+00 -1.570911670179252e+00
-7.152853181346358e-01 1.789106015970162e+00
3.554447978966673e-16
4.320656208630573e+01
9.806384476132700e-16
3.906250000000000e-04
3.376857534610256e-13
0.000000000000000e+00
1
0
0
0 0
0 0
0 0
0 0
1 1
3
52
1.309143109790421e+00 3.910981453035882e+00
-3.627308774689371e+00 1.417068268937301e+00
-1.955633287053771e-01 -2.723224797453035e+00
-2.191102187276667e+00 -2.040371094624085e+00
-5.786880500916032e+00 4.205396632583148e-01
8.815618249216203e-15
3.378128744857893e+02
1.381007159807232e-14
9.765625000000001e-05
2.210438428590978e-14
0.000000000000000e+00
1
0
0
0 0
0 0
0 0
0 0
1 2
4
52
4.646881074771677e-01 1.951232585581033e+00
-9.498007857024046e-01 -9.306088012073808e-01
-1.148860612375225e-01 -2.655034895123916e+00
-6.774481299651280e-01 -1.996044428404971e+00
-7.005000951560819e-01 -1.035960754127310e+00
8.015849160857455e-16
1.705924365721850e+01
6.136902366982137e-16
3.906250000000000e-04
3.480640371572712e-13
0.000000000000000e+00
1
0
0
0 0
0 0
0 0
0 0
1 3
5
52
8.839536223197306e-02 2.913274848372332e+00
-1.392309105451019e-01 2.629338098967633e-01
-3.316499857560720e-01 -2.430188753223947e+00
-1.359716015718636e+00 -1.817287622968328e+00
-9.056604009957226e-01 1.833003908043149e+00
3.172410387329885e-16
1.046904297506408e+01
6.741708583506584e-16
3.906250000000000e-04
6.773535364665798e-13
0.000000000000000e+00
1
0
0
0 0
0 0
0 0
0 0
0 0
6
52
6.812965825540921e-01 1.525834458899472e+00
-1.516923063185032e+00 1.454146340133575e+00
-5.964062959868506e-01 -3.528470463525125e+00
7.861405041335486e-02 -1.304671112488839e+00
6.793172679059450e-01 1.606435910438404e+00
1.049219498585374e-15
1.128131362877361e+01
1.558198978175330e-15
3.906250000000000e-04
5.580124789441013e-12
0.000000000000000e+00
1
0
0
0 0
0 0
0 0
0 0
1 0
7
52
8.543480901767667e-01 2.912442154838805e+00
-1.069183415850616e+00 1.703883698488133e-01
-8.287209842246300e-02 -2.550363242420639e+00
-1.461391568693852e+00 -1.601919118862509e+00
-1.807286812563463e+00 1.296068816933230e+00
5.242999030848858e-16
2.765122398973668e+01
3.769805079135654e-16
3.906250000000000e-04
3.198755843577929e-12
0.000000000000000e+00
1
0
0
0 0
0 0
0 0
0 0
1 1
8
52
3.209216333921387e-01 2.300461603350914e+00
-2.320520774219080e+00 1.163720084438348e+00
-5.477545374484687e-01 -3.677523602425965e+00
-8.282806168900540e-02 -1.310359716447476e+00
6.724341481857565e-01 1.619388815265575e+00
8.131246828796541e-16
2.209453060267978e+01
2.709565960632713e-15
9.765625000000001e-05
3.479251909553671e-14
0.000000000000000e+00
1
0
0
0 0
0 0
0 0
0 0
1 2
9
52
2.655471680772518e-02 2.514598703060323e+00
-1.315189919772686e+00 5.282876847724223e-01
-4.298412477998974e-01 -2.912452785958801e+00
-8.765631082369352e-01 -1.879551467170436e+00
-1.069932107253919e+00 1.060456958221763e+00
8.640525116806918e-16
4.390640603165357e+01
9.984746001298980e-16
3.906250000000000e-04
1.666494685966086e-13
0.000000000000000e+00
1
0
0
0 0
0 0
0 0
0 0
1 3
10
52
6.098670916994339e-01 2.810935286723399e+00
-1.342377769324537e+00 9.117889294337020e-01
-4.214997727166352e-01 -2.876332835552185e+00
-1.010238286433850e+00 -1.653139036618095e+00
-1.057671250340710e+00 1.412064869177742e+00
5.084012545213864e-16
3.570251530525145e+01
7.318935672256945e-16
3.906250000000000e-04
6.793004614231383e-14
0.000000000000000e+00
1
0
0
0 0
0 0
0 0
0 0
0 0
11
52
1.101952595430444e+00 3.464547319943572e+00
-9.097203734081309e-01 6.274062631391084e-01
-2.533064154670089e-01 -2.567219501922731e+00
-1.431217853338391e+00 -1.434779917778067e+00
-8.729329877362410e-01 1.744921967215536e+00
4.410429960708036e-16
9.746111983070548e+00
5.212678301114774e-16
3.906250000000000e-04
9.153760223994213e-14
0.000000000000000e+00
1
0
0
0 0
0 0
0 0
0 0
1 0
12
52
6.301293772130830e-01 2.377336643626772e+00
-1.355669496001738e+00 5.553853383670558e-01
-2.074057446800702e-01 -2.993970991229435e+00
-8.993354504566909e-01 -1.407964710606645e+00
-8.692066686632695e-01 1.764373064963891e+00
4.841339424497384e-16
1.844631735916121e+02
7.696892522682502e-16
3.906250000000000e-04
9.394411830639020e-13
0.000000000000000e+00
1
0
0
0 0
0 0
0 0
0 0
1 1
13
52
6.562622998335197e-01 2.752121870720786e+00
-1.257086671718873e+00 3.643425833065643e-01
-1.309627688961967e-01 -2.790730352866740e+00
-1.231933803011252e+00 -1.469953116127955e+00
-1.331063780866170e+00 1.772631179683829e+00
5.287948213307879e-16
1.370581902416163e+02
1.804420912651885e-15
9.765625000000001e-05
4.569007902253099e-13
0.000000000000000e+00
1
0
0
0 0
0 0
0 0
0 0
1 2
14
52
6.751662306275258e-01 3.118703648118176e+00
-5.321908014562843e-01 3.196467769156797e-01
-2.519722021029890e-01 -2.510362915764864e+00
-1.344527694426390e+00 -1.587186663665316e+00
-7.627519824227220e-01 1.649702544705510e+00
1.138168980794796e-15
3.172359935345590e+01
3.998284410274557e-16
3.906250000000000e-04
3.163490651213190e-13
0.000000000000000e+00
1
0
0
0 0
0 0
0 0
0 0
1 3
15
52
-8.596782737676696e-02 3.242664716461874e+00
-1.722775014646595e+00 4.232135526654576e-01
-3.016029866379423e-01 -2.944494766062962e+00
-1.226381912836853e+00 -1.695161252822369e+00
-1.233098221845814e+00 1.839100079744937e+00
4.372053830643365e-16
1.199362790377273e+01
9.481986328314349e-16
3.906250000000000e-04
4.624285643658209e-13
0.000000000000000e+00
1
0
0
0 0
0 0
0 0
0 0
0 0
16
52
3.613648966943629e-01 2.197698155112536e+00
4.124619871273825e-01 -9.255985949166183e-01
-2.238485601099153e-01 -2.448065932352534e+00
-6.287573512667050e-01 -1.766524039411564e+00
1.158049006543608e+00 6.030782307621696e-02
8.950904182623619e-16
1.431768340897135e+01
9.579269657199842e-16
3.906250000000000e-04
5.650583737250699e-13
0.000000000000000e+00
1
0
0
0 0
0 0
0 0
0 0
1 0
17
52
5.163389113471789e-01 3.110771923117383e+00
-5.239769900608123e-01 7.539028938121458e-01
-3.473879101211056e-01 -2.535207092509032e+00
-1.415906926487626e+00 -1.628418345135854e+00
-1.124056045036529e+00 2.170526094438754e+00
1.293838594130421e-15
4.192164177141919e+01
3.730707333104507e-16
3.906250000000000e-04
8.046965105247242e-14
0.000000000000000e+00
1
0
0
0 0
0 0
0 0
0 0
1 1
18
52
4.609499911304610e-01 2.793441243270371e+00
-1.260960906650198e+00 1.044622291423663e+00
-5.597984249444105e-01 -2.839305950423600e+00
-9.499009630755191e-01 -1.855543820128753e+00
-1.102988200847749e+00 1.058697765873813e+00
4.085117252676525e-16
5.567679317887332e+01
7.309688670370740e-16
9.765625000000001e-05
5.063396036227354e-15
0.000000000000000e+00
1
0
0
0 0
0 0
0 0
0 0
1 2
19
52
9.032184235238510e-01 2.963205904657042e+00
-1.386064973039548e+00 -1.026451813909704e-01
2.094453180002527e-01 -2.683322985127452e+00
-1.626072142034055e+00 -1.215622512805552e+00
-1.921939393166910e+00 2.260292037497963e+00
7.076311083754595e-16
2.861355741051695e+01
9.482863615629202e-16
3.906250000000000e-04
1.676075574929956e-12
0.000000000000000e+00
1
0
0
0 0
0 0
0 0
0 0
1 3
20
52
2.969941295092161e+00 7.951502178532387e+00
-3.124247652007193e-01 1.364869662235955e+00
-5.158529749697548e-01 -2.066999350135600e+00
-2.373076484438608e+00 -4.041219734127210e-01
3.144438612348888e+00 3.519349209068567e+00
4.484401792969912e-14
1.356711232647944e+03
1.263393938447821e-14
2.441406250000000e-05
2.241660983792564e-14
0.000000000000000e+00
1
0
0
0 0
0 0
0 0
0 0
0 0
21
52
6.141239922142043e-01 3.241331107982672e+00
-6.036929014275074e-01 -4.202901770888874e-01
-1.566362920554083e-01 -2.433457182075292e+00
-1.300771624023043e+00 -1.715849312343764e+00
-4.735367324422608e-01 6.498714697774489e-01
6.856526084140016e-16
1.112443915766415e+01
1.161383017658559e-15
3.906250000000000e-04
3.019965656118751e-13
0.000000000000000e+00
1
0
0
0 0
0 0
0 0
0 0
1 0
22
52
2.444984614399285e-01 2.801287848944382e+00
-1.093295601089232e+00 7.741428518480040e-01
-5.016269788374315e-01 -2.687224467508853e+00
-1.133453363617089e+00 -2.008707472890624e+00
-1.571396297716832e+00 9.408462743792415e-01
5.498827159211281e-16
3.026504711292073e+01
4.086943595986320e-16
3.906250000000000e-04
7.093849835207433e-13
0.000000000000000e+00
1
0
0
0 0
0 0
0 0
0 0
1 1
23
52
1.464759771103250e-01 2.476647391513907e+00
5.144543879680912e-01 -1.013679258153521e-01
-3.647715094839505e-01 -2.403883562122692e+00
-9.583750607360053e-01 -1.780171905261803e+00
4.010679267749569e-01 1.344807948323523e+00
7.006565084435500e-16
1.153008093361157e+01
2.188830586548248e-15
9.765625000000001e-05
5.795534335168190e-15
0.000000000000000e+00
1
0
0
0 0
0 0
0 0
0 0
1 2
24
52
4.084895438214480e-01 3.324081433041684e+00
-7.895335482927525e-01 7.280572212774328e-01
-3.412486324850108e-01 -2.572684025377828e+00
-1.489292998072777e+00 -1.655718960852056e+00
-1.293710984416476e+00 2.176462038788839e+00
4.081137451777857e-16
4.981822173253548e+01
9.208239937717798e-16
3.906250000000000e-04
5.691666373828197e-14
0.000000000000000e+00
1
0
0
0 0
0 0
0 0
0 0
1 3
25
52
1.055197350448435e+00 2.471981847256344e+00
-1.084400152607943e+00 1.546623396060590e+00
-6.060070427348174e-01 -2.854671900317441e+00
-8.234261065857675e-01 -1.685395634072904e+00
-1.038639005285993e+00 1.178852524765079e+00
4.940278050904346e-16
9.436707920074394e+00
1.038186473498218e-15
3.906250000000000e-04
1.457040539809014e-12
0.000000000000000e+00
1
0
0
0 0
0 0
0 0
0 0
0 0
26
52
8.288230081117501e-01 2.404412274616401e+00
-1.706679104665873e+00 1.149831059494566e+00
-4.242362889762404e-01 -3.237070336451517e+00
-5.729751113825433e-01 -1.347994364298853e+00
-2.941507787814703e-01 1.647849780480146e+00
8.760611182094052e-16
5.396220056650755e+01
1.346143893279100e-15
9.765625000000001e-05
4.892860061427375e-15
0.000000000000000e+00
1
0
0
0 0
0 0
0 0
0 0
1 0
27
52
3.889664416380515e-01 1.770090172413912e+00
-1.689751059512894e+00 8.174827830319853e-01
-3.623909988460978e-01 -3.468776285179429e+00
-1.996011045246450e-01 -1.276824048449698e+00
3.056755433471316e-01 1.795005935656713e+00
4.041272810440265e-16
2.430751976369183e+01
9.698266553022101e-16
3.906250000000000e-04
1.293181087989808e-13
0.000000000000000e+00
1
0
0
0 0
0 0
0 0
0 0
1 1
28
52
6.075872416540027e-01 2.652487311222681e+00
-1.509927175409664e+00 5.651967061129007e-01
-2.120445889688262e-01 -2.988793774689281e+00
-9.973053422454169e-01 -1.415882648403483e+00
-9.475867114807482e-01 1.801293112306946e+00
7.327682229021407e-16
1.607607145183157e+02
1.442761368413642e-15
9.765625000000001e-05
2.666847220714600e-15
0.000000000000000e+00
1
0
0
0 0
0 0
0 0
0 0
1 2
29
52
5.154671712519812e-01 2.516906055689509e+00
-1.461903773207622e+00 3.657220322316730e-01
-1.285440626871636e-01 -2.982116983553012e+00
-1.019143880941598e+00 -1.391639811095996e+00
-1.034354138366824e+00 1.896128580133203e+00
7.344746268067160e-16
9.428160521871710e+01
6.458843625759961e-16
3.906250000000000e-04
3.792150676258616e-13
0.000000000000000e+00
1
0
0
0 0
0 0
0 0
0 0
1 3
30
52
6.547041605015428e-01 3.108830838986410e+00
-3.623814431976136e-01 2.082701770473364e-01
-2.515894483447500e-01 -2.474681903316710e+00
-1.313805829871262e+00 -1.587511070481386e+00
-5.115654859045642e-01 1.597187015063609e+00
4.577566798522237e-16
1.238187574528160e+01
8.367510233432181e-16
3.906250000000000e-04
1.880628669175792e-13
0.000000000000000e+00
1
0
0
0 0
0 0
0 0
0 0
0 0
31
52
-5.585314962865982e-01 3.357498377639025e+00
-1.756052589534799e+00 8.641582462620622e-01
-8.214129816486674e-01 -2.865117628423064e+00
-9.741290844332204e-01 -2.466030957677845e+00
-1.389789252239727e+00 1.574671128020440e-01
1.206030862892758e-15
9.283819162359233e+00
1.583579217763253e-15
3.906250000000000e-04
3.094410389759036e-12
0.000000000000000e+00
1
0
0
0 0
0 0
0 0
0 0
1 0
32
52
6.046119936194094e-01 1.973797503648105e+00
-3.234745650327731e+00 -3.023436800881660e-01
-8.444050776559466e-02 -2.905737800385316e+00
-1.058140914909579e+00 -2.476671172077534e+00
-4.457240954853676e+00 -2.309356259291049e+00
8.779189918803538e-15
1.450650885409361e+02
4.727218953411863e-15
3.906250000000000e-04
4.907046873455859e-12
0.000000000000000e+00
1
0
0
0 0
0 0
0 0
0 0
1 1
33
52
7.112121479392992e-01 2.636342550121176e+00
-4.210476680594227e-01 1.173051206834851e+00
-4.203825438669849e-01 -2.577938513229211e+00
-1.272735081050923e+00 -1.630890835234943e+00
-1.375641658173987e+00 2.200981521652500e+00
1.054803170678068e-15
1.537842112580472e+01
4.940835053186728e-16
3.906250000000000e-04
1.436849386015603e-12
0.000000000000000e+00
1
0
0
0 0
0 0
0 0
0 0
1 2
34
52
3.594471247170467e-01 1.761029409913217e+00
-1.714761721695782e+00 7.841346012911224e-01
-3.512207430387058e-01 -3.483729338066832e+00
-1.919370243715007e-01 -1.268248350901467e+00
3.234705875154391e-01 1.814945766804178e+00
8.331297329690976e-16
1.977213167319176e+01
2.302797677264348e-15
3.906250000000000e-04
6.059369951163077e-13
0.000000000000000e+00
1
0
0
0 0
0 0
0 0
0 0
1 3
35
52
2.991321672600936e-01 2.630892734423320e+00
-1.241301073835024e+00 5.290152295395646e-01
-3.246567966191348e-01 -2.838271780299158e+00
-1.050383418947864e+00 -1.723940101889295e+00
-1.234480298488341e+00 1.399563480991136e+00
5.247129907028297e-16
3.708201837506798e+01
4.944112317090486e-16
3.906250000000000e-04
6.368965440676389e-14
0.000000000000000e+00
1
0
0
0 0
0 0
0 0
0 0
0 0
36
52
6.708936206646844e-01 2.684916198559303e+00
-1.663561767669304e+00 1.060754646520189e+00
-4.567020231207323e-01 -3.112499766120404e+00
-7.432936342325248e-01 -1.512302625092032e+00
-5.632011684904551e-01 1.462032606692436e+00
8.285225286183959e-16
5.444345372753408e+01
1.121099407221910e-15
9.765625000000001e-05
4.716814891169819e-15
0.000000000000000e+00
1
0
0
0 0
0 0
0 0
0 0
1 0
37
52
7.435116740561812e-01 2.548513698784678e+00
-1.257620044835197e+00 4.403617730042635e-01
-1.329797736166209e-01 -2.857702738492347e+00
-1.110108594282293e+00 -1.405292035649764e+00
-1.183706930937916e+00 1.801211822855136e+00
6.973502068242161e-16
1.727998123243665e+02
9.024444567393207e-16
3.906250000000000e-04
1.552786515022924e-12
0.000000000000000e+00
1
0
0
0 0
0 0
0 0
0 0
1 1
38
52
7.564944830450678e-01 2.952484025451010e+00
-1.067598190380278e+00 1.123282354079559e-02
2.948491583688123e-02 -2.519944487563467e+00
-1.618329709524181e+00 -1.539373569648391e+00
-2.072484522975791e+00 1.666512063929302e+00
7.848203055785352e-16
4.822651222418051e+01
6.148985587858597e-15
9.765625000000001e-05
4.678224261995333e-13
0.000000000000000e+00
1
0
0
0 0
0 0
0 0
0 0
1 2
39
52
3.063602174959457e-01 3.056199345920366e+00
-1.074769972280305e+00 5.277024825256567e-01
-2.899013279887426e-01 -2.671050934780729e+00
-1.368372390778706e+00 -1.715232109911708e+00
-1.497363508596872e+00 1.783457950223752e+00
4.979139899187258e-16
6.884883547771373e+01
7.301984068459467e-16
3.906250000000000e-04
4.705026284166901e-13
0.000000000000000e+00
1
0
0
0 0
0 0
0 0
0 0
1 3
