0
52
7.875401928122294e-01 1.801674745385514e+00
-7.348761018575627e-01 -5.282496058390516e-02
-1.037578921535439e-01 -2.710623970052358e+00
-8.501685007167190e-01 -1.624555775104906e+00
-1.071478351945336e+00 6.757196108198189e-01
0 0
0 0
0 0
0 0
0 0
1
52
1.334828687579414e+00 2.906222411991862e+00
-4.982505435786256e-01 1.116385845160218e+00
-3.051534274440251e-01 -2.560564119917004e+00
-1.325981619920383e+00 -1.343899822471078e+00
-1.001669969835550e+00 2.214823545155649e+00
0 0
0 0
0 0
0 0
1 0
2
52
1.308177691250135e+00 2.196038454940552e+00
-9.209474443170758e-01 2.809818198204549e-01
-8.784368536354745e-02 -2.585774920905499e+00
-1.151571050127975e+00 -1.575286349702192e+00
-1.757598540534606e+00 6.909763291056487e-01
0 0
0 0
0 0
0 0
1 1
3
52
1.895898754919176e+00 1.944592959098745e+00
-1.180600029546812e+00 4.662522754057535e-01
3.450941955415537e-01 -2.934247655846401e+00
-1.213490207219366e+00 -5.766518156123669e-01
-1.362512852948063e+00 3.103312408788583e+00
0 0
0 0
0 0
0 0
1 2
4
52
4.554861453068353e-01 2.001938397404300e+00
-7.866352900756017e-01 -1.283842201900947e+00
-9.205139253732871e-02 -2.609194018199085e+00
-5.943356540137884e-01 -2.009165381209493e+00
-1.725774784135360e-01 -1.415724352491945e+00
0 0
0 0
0 0
0 0
1 3
5
52
-6.657242510047913e-02 3.641316090380277e+00
-1.031762117284795e+00 -6.932832421543147e-01
1.101482212476074e-01 -2.432442883890155e+00
-1.897871291616923e+00 -1.654352927333783e+00
-1.783495831577871e+00 2.014278380010707e+00
0 0
0 0
0 0
0 0
0 0
6
52
1.188089187435081e+00 2.697296281585358e+00
-1.988027146315009e+00 2.494661830074649e-01
2.223386496111459e-01 -3.147616643266526e+00
-1.184578284020039e+00 -7.806894004516026e-01
-1.043345054256379e+00 2.784826325421299e+00
0 0
0 0
0 0
0 0
1 0
7
52
8.542252984403664e-01 3.117055589726524e+00
-1.096626407108966e+00 6.201183956032716e-02
-1.077088008860200e-01 -2.532660829490617e+00
-1.451017714614719e+00 -1.632414432868937e+00
-1.550969345278982e+00 1.056733100655794e+00
0 0
0 0
0 0
0 0
1 1
8
52
4.466071184275128e-01 2.344875139860965e+00
-2.068688949683142e+00 1.479659492843885e+00
-7.190842284388429e-01 -3.537650615990593e+00
-9.486305872645300e-02 -1.510102794898761e+00
5.226817127026382e-01 1.208745921162920e+00
0 0
0 0
0 0
0 0
1 2
9
52
2.566765040871556e-01 2.410790183234161e+00
-1.271806849060443e+00 5.312724211193924e-01
-3.462319968641406e-01 -2.937361819779898e+00
-8.664537202371041e-01 -1.699275947796113e+00
-9.520829272185648e-01 1.327969225732212e+00
0 0
0 0
0 0
0 0
1 3
10
52
6.921349740547658e-01 2.792383271828045e+00
-1.328138142339440e+00 7.864911814986187e-01
-3.285895604972163e-01 -2.866735728070617e+00
-1.064369534149287e+00 -1.552467182346096e+00
-1.080403032022640e+00 1.582185333178730e+00
0 0
0 0
0 0
0 0
0 0
11
52
6.837868097297922e-01 3.575534791337259e+00
-9.631990948006092e-01 6.236351027465316e-01
-2.928032734959871e-01 -2.588309872853388e+00
-1.498604044830076e+00 -1.539649065863061e+00
-1.024561713704498e+00 2.001781842713480e+00
0 0
0 0
0 0
0 0
1 0
12
52
8.527040664524905e-01 2.871367705101995e+00
-1.149428007414520e+00 7.154525371018251e-01
-2.671118038806387e-01 -2.751089744580374e+00
-1.203328418982860e+00 -1.509797575316565e+00
-1.204705681470528e+00 1.664148406122772e+00
0 0
0 0
0 0
0 0
1 1
13
52
7.146232681965536e-01 2.633830606340340e+00
-1.306528547667902e+00 4.215799343690317e-01
-1.285848233038868e-01 -2.856326175819336e+00
-1.144776028689812e+00 -1.409194365521834e+00
-1.212560056074648e+00 1.823266096308318e+00
0 0
0 0
0 0
0 0
1 2
14
52
6.750423555425099e-01 3.131386706547900e+00
-7.349540684161978e-01 3.784462152078034e-01
-2.419069267196283e-01 -2.553181266516799e+00
-1.369485553479266e+00 -1.591631560761372e+00
-1.006511470065384e+00 1.653943434723086e+00
0 0
0 0
0 0
0 0
1 3
15
52
-4.447452768094654e-03 3.379996756733111e+00
-1.608031601358199e+00 4.259365708572158e-01
-2.823633259441860e-01 -2.861619736502926e+00
-1.344939829993018e+00 -1.677014459430072e+00
-1.313017600450920e+00 1.950197953112205e+00
0 0
0 0
0 0
0 0
0 0
16
52
1.572457480593687e+00 3.740355162189518e+00
-3.371582610889524e+00 3.286039196616826e+00
-4.035900484436725e-01 -2.808530454091249e+00
-2.470290426845881e+00 -1.727294284683864e+00
-6.817652150095080e+00 2.983811793010871e+00
0 0
0 0
0 0
0 0
1 0
17
52
9.411603906695018e-02 3.075390363040210e+00
-3.821094973788047e-01 2.047471624212506e-01
-2.825907575856433e-01 -2.453522067875035e+00
-1.448618086659007e+00 -1.795142990947145e+00
-1.116948498330253e+00 1.853796488470906e+00
0 0
0 0
0 0
0 0
1 1
18
52
-1.990832377660370e+00 5.344272740786751e+00
7.807829556457337e+00 -3.511784717958753e+00
-1.165586776228581e-01 3.720091291077780e+00
-7.427647378333766e+00 -6.879711101928681e+00
-1.428354375718994e+01 -3.959622233563579e+00
0 0
0 0
0 0
0 0
1 2
19
52
8.761612270490299e-01 3.788632260608263e+00
-2.722778742202118e+00 -6.084152223194063e-01
5.547039486743525e-01 -3.167145556539238e+00
-1.688463057676298e+00 -5.779983900642351e-01
-1.187176381975630e+00 3.287354489827973e+00
0 0
0 0
0 0
0 0
1 3
20
52
1.930230353438812e+00 3.293766224820299e+00
-7.846861235238062e-01 5.227388924666442e-01
-1.647045139167002e-01 -2.493497939700688e+00
-1.309804399893858e+00 -1.255718554018781e+00
-5.353015915144009e-01 1.072569591653740e+00
0 0
0 0
0 0
0 0
0 0
21
52
7.165296834657865e-01 3.222780409396808e+00
-8.739738811169777e-01 -1.950082900611297e-01
-1.414871008353393e-01 -2.481537367437494e+00
-1.376671669947855e+00 -1.693094284433961e+00
-9.953616993229298e-01 7.918948756338375e-01
0 0
0 0
0 0
0 0
1 0
22
52
7.510940155480602e-01 3.135042244565894e+00
-1.037027695865426e+00 1.057229055798850e+00
-4.076859477754506e-01 -2.642777022240221e+00
-1.364400257442387e+00 -1.672768685198637e+00
-1.547538243927622e+00 1.770732693441187e+00
0 0
0 0
0 0
0 0
1 1
23
52
-4.596598628255037e-01 2.855428214498521e+00
1.359087745475915e-01 -2.750049068515358e-01
-3.669639558669949e-01 -2.241079283370185e+00
-1.402588113118947e+00 -2.229629827843599e+00
-1.140106044294171e+00 1.014969157508705e+00
0 0
0 0
0 0
0 0
1 2
24
52
3.500226711390831e-01 3.344892711750210e+00
-8.752903042184780e-01 6.893289668470447e-01
-3.347465095874740e-01 -2.591370702877417e+00
-1.493585927758059e+00 -1.673751715813206e+00
-1.349308794108398e+00 2.141179320397119e+00
0 0
0 0
0 0
0 0
1 3
25
52
8.447083964186738e-01 1.906499531231087e+00
-7.938225012794441e-01 2.123154516219669e-01
-4.543075640254997e-02 -2.592741288202603e+00
-1.213552099013214e+00 -1.648592660648695e+00
-2.178641965873775e+00 1.171650209472000e+00
0 0
0 0
0 0
0 0
0 0
26
52
7.361458951107416e-01 2.371304358919598e+00
-1.756489595856617e+00 1.197995589552775e+00
-4.791560383774878e-01 -3.290873699484437e+00
-4.788457591713231e-01 -1.386512321055772e+00
-1.427022515728998e-01 1.560754097197792e+00
0 0
0 0
0 0
0 0
1 0
27
52
3.873310633810314e-02 2.333867710486202e+00
-1.271227277443415e+00 4.892412414687892e-01
-4.145416064975469e-01 -2.958619565165236e+00
-7.715132231097860e-01 -1.832300890057285e+00
-8.810600033157714e-01 1.068475184803953e+00
0 0
0 0
0 0
0 0
1 1
28
52
6.384232974514253e-01 2.722824212943101e+00
-1.519479221077624e+00 7.079932568194126e-01
-2.837066982866338e-01 -2.986241515432905e+00
-9.742184677982554e-01 -1.462279611375173e+00
-9.067617810844417e-01 1.694738198112551e+00
0 0
0 0
0 0
0 0
1 2
29
52
3.511728205881552e-01 2.419402621999485e+00
-1.566150714371121e+00 1.595602915164656e-01
-3.939217201582308e-02 -3.053160413911806e+00
-1.003173686205449e+00 -1.327728408451178e+00
-1.017813731036157e+00 2.091943986200859e+00
0 0
0 0
0 0
0 0
1 3
30
52
4.553226210513951e-01 2.407821922904008e+00
-2.474568466185142e-02 1.572505080956409e+00
-5.049445748818627e-01 -2.540282140008721e+00
-1.331937622736983e+00 -1.660426160704887e+00
-1.618959095779920e+00 2.991721539662322e+00
0 0
0 0
0 0
0 0
0 0
31
52
-6.134007983856780e-01 2.932055875575597e+00
-1.770153133349684e+00 6.529282256306074e-01
-6.968643656298285e-01 -3.030096592310890e+00
-7.681160290242041e-01 -2.257562632378987e+00
-9.857740153855306e-01 4.890239228555143e-01
0 0
0 0
0 0
0 0
1 0
32
52
5.895812070415734e-01 2.084328714420129e+00
-1.092464092986208e+00 1.361537484664327e-01
-1.520002965370433e-01 -2.665230412505993e+00
-1.105718570781431e+00 -1.835927442239751e+00
-2.044754788090779e+00 6.156923357120284e-01
0 0
0 0
0 0
0 0
1 1
33
52
1.007797024330858e+00 2.461667553631519e+00
-1.170124771553057e+00 1.203764647731475e+00
-4.293595115876931e-01 -2.909694924855579e+00
-8.696934207447767e-01 -1.499771801329050e+00
-9.103465531236377e-01 1.544762771141824e+00
0 0
0 0
0 0
0 0
1 2
34
52
-1.405353327398675e-01 2.456987397207455e+00
-3.156406166033718e+00 2.910108560626002e-02
5.960360065369504e-02 -4.025827349944022e+00
-2.821195264945243e-01 -6.974747707037132e-01
8.136149109549400e-01 3.064413153307493e+00
0 0
0 0
0 0
0 0
1 3
35
52
3.753680365683803e-01 2.671163458482680e+00
-1.228569218627856e+00 5.005695553516297e-01
-2.828397609131135e-01 -2.819636536570673e+00
-1.103678237451427e+00 -1.668385364025399e+00
-1.267304474043516e+00 1.508879442330694e+00
0 0
0 0
0 0
0 0
0 0
36
52
9.393422125320116e-01 2.877986218601876e+00
-2.451724891359424e+00 1.192699365429900e+00
-3.812653121239049e-01 -3.494828487116857e+00
-5.305186364653045e-01 -1.108443754354723e+00
9.176420757661001e-02 1.882791218577444e+00
0 0
0 0
0 0
0 0
1 0
37
52
6.155098954471900e-01 2.291152612688120e+00
-1.213546871140413e+00 1.947177745633347e-01
-2.790156502004517e-02 -2.873310436671895e+00
-1.097206948666543e+00 -1.374955591325061e+00
-1.294526430003934e+00 1.900640302062630e+00
0 0
0 0
0 0
0 0
1 1
38
52
1.038794499266126e+00 2.447593133754056e+00
-9.775636123570718e-01 2.710406935834413e-01
-1.092670382700706e-01 -2.581956590544155e+00
-1.261981822290062e+00 -1.622708808185499e+00
-1.818319474253725e+00 9.523507439572372e-01
0 0
0 0
0 0
0 0
1 2
39
52
-1.530667808989194e+00 5.550758431756333e+00
-1.318030769603167e+00 1.156577985505721e+00
-6.301794970311224e-01 -2.629340735520083e+00
-2.326567824436347e+00 -1.900458572747331e+00
-1.458526790095585e+00 4.680108795586743e+00
0 0
0 0
0 0
0 0
1 3
