0
-2.709189838595544e-02 -3.762905216518677e-01
8.132135012380824e-01 -1.227117581984585e+00
-2.925758747367359e-01 2.610352100710575e-01
-1.757253060904920e+00 1.225624368495823e+00
6.031439311232123e-02 -2.175136283470898e-01
-2.014798996175849e-01 -2.504908236454432e-01
1.883652137354528e-01 -7.523211074434211e-01
-4.694130498303870e-03 -1.603178994698416e-01
8.122764088434510e-02 -1.390615353749003e-01
-2.419766663399155e-01 -2.171584775534054e-01

1
1.243344337389409e-01 -2.450487729362928e-01
7.992265622548846e-01 -7.214236367359114e-01
-1.393484268094088e-01 -4.485310137671079e-02
-1.367274431533093e+00 7.478988446183733e-01
1.276321211177725e-01 -1.012556636821278e-01
4.845526809187062e-01 -1.498158993372143e-01
1.699921884455081e-01 -7.251214534652513e-01
2.292789224816796e-02 -1.377283288138557e-01
1.423267589063267e-02 -6.396789971122974e-02
-3.680741981755579e-02 -2.352404792818660e-01

2
-9.891855884652433e-02 5.641162183162574e-03
-5.740230989079480e-01 -2.229780080299061e+00
-8.099899912042309e-03 -4.496616479971203e-02
-1.301933573231759e+00 2.192512663204080e+00
-8.026495433282684e-02 1.441099520534819e-02
4.170103677240074e-02 9.619923658653847e-01
3.585292224743719e-01 -7.066921715988396e-01
2.912385050517425e-02 -1.402805906396279e-01
1.224733109234542e-02 1.261281126710710e-02
-3.689169290538010e-02 1.059721660757270e-01

3
-1.056460010459225e-01 -3.647787703991935e-01
3.502805263345027e-01 -1.316214544923968e-01
2.132163779147346e-01 -9.212497671978241e-01
-5.271989286630095e-01 1.055578364941888e-02
-2.877965754295092e-02 -3.250762350561211e-01
-4.184356302763410e-02 -2.120155943132343e-01
-1.303180879101440e-01 -3.492058625282470e-01
-4.214336572905227e-02 -1.365349967920761e-01
-1.175855711612384e-01 -2.214567664505915e-01
-2.866590128688160e-01 -1.791098991847316e-01

4
2.110937784836914e-01 3.452503035047067e-01
1.750700409676316e+00 -1.461003755949031e+00
-5.189092169426732e-02 -7.346504558356601e-02
-2.142736482493082e+00 6.437872424267908e-01
1.295276137350324e-01 3.510118749219442e-01
1.895115852463589e+00 1.335601704659889e+00
-1.187743077676913e-01 -9.312687271382778e-01
7.368999696944847e-02 6.323066905289966e-02
-5.099954390358866e-01 -1.023737920015500e-01
5.039594734554882e-01 1.166402977799551e-01

5
-4.309941871395050e-02 -2.811466529542427e-01
2.306814165009557e-01 -6.907963118818615e-01
5.436032810199348e-01 -4.665374241088009e-01
-5.105956806657653e-01 7.241615587809932e-01
3.153234524031546e-03 -3.210063771362169e-01
7.412342233758528e-03 -1.473881024675876e-01
-5.013034139386627e-02 -9.145342051137613e-02
6.783916419053219e-02 -2.086557638548780e-01
-5.717037688855246e-02 1.553217733160159e-01
-2.173570578082326e-01 -1.968134607931429e-01

6
-1.451801011173620e-01 -3.151157870374915e-01
6.620691613517241e-02 -6.951534678654759e-01
5.640036291851620e-01 -5.363168899379627e-01
-4.091151844811312e-01 7.538486950438976e-01
-2.049239452826208e-01 -3.763683616522124e-01
-5.342688304715658e-02 -1.653613916368084e-01
1.521806557641663e-01 1.903359477217759e-01
-8.034166961526445e-02 -2.003416382564746e-01
-1.519443531234096e-02 -8.603502673054890e-02
-3.333134243130036e-01 -1.200805674675161e-01

7
-1.885044055669183e-01 -3.092595221324624e-01
7.273947107459856e-01 -6.356199160875542e-01
-1.742727528944256e-01 -2.565169913893754e-01
-1.303336226944151e+00 5.737070578375947e-01
-1.456366229468713e-01 -3.087958799034915e-01
6.651454718981947e-02 -2.910068426470241e-01
-2.077151053649431e-01 -1.201719667893522e-02
-5.469711655748877e-02 -2.403730849489125e-02
-4.658608653836416e-01 -2.574683973921117e-01
-2.916326962432499e-01 -9.952735401348059e-02

8
-9.982455574744188e-02 -1.327235334068947e-01
4.803355637678196e-01 -8.432725607292820e-01
1.950046394205723e-01 -1.873783098352758e-01
-9.976979834288460e-01 8.750499388831127e-01
-1.332966616820315e-01 -1.321733110006608e-01
1.275464207323644e-02 9.449667743757606e-02
3.295196479761050e-01 -9.031974717716608e-02
5.029388293301387e-02 -1.043917770980281e-01
-2.131198120221203e-01 1.513604593663599e-01
-1.492318172815117e-01 -3.054738982658136e-02

9
-1.283298985921035e-01 -2.436383058573481e-01
1.701445368392739e-01 -6.900873611210689e-01
4.928214323398500e-01 -4.531043605494711e-01
-5.194472680613392e-01 7.606660392369757e-01
-1.088811669788122e-01 -3.311766222745483e-01
3.140558846490784e-02 2.155442278069385e-01
-7.406580023536831e-02 -7.918138516750152e-02
-3.159194967953585e-02 -2.072512357130944e-01
-2.175225254551404e-02 -7.163246664736665e-02
-2.514628775018334e-01 -8.826765083856151e-02

10
-3.607138681964979e-01 -2.607219126564010e-01
8.312789579294990e-01 -9.894693015607973e-01
-3.681711485429716e-01 -6.952828755184627e-02
-1.689446961329838e+00 8.361114542628324e-01
-2.526987967207455e-01 -2.799983494942705e-01
-4.520312500913090e-01 1.624645064005493e-01
-1.277965267223239e-01 -1.467901383060981e-01
-6.944638462601629e-02 -5.852933134569325e-03
-4.742157101854176e-01 -3.180816775627641e-01
-3.766818459181881e-01 6.762929147269585e-02

11
-5.455802214955258e-02 -1.622423161439056e-01
6.469234889659093e-01 -1.113914384083114e+00
1.333490608055139e-01 1.287398759221545e-01
-1.280703929400985e+00 1.172094469819889e+00
-1.007006633112344e-02 -1.201812790981568e-01
-1.759965656813882e-01 1.349656176779396e-01
3.201841540930016e-01 -4.025634426453598e-01
1.143746267522337e-01 -1.542388379143876e-01
-6.618964937002360e-02 2.532133453878844e-01
-1.356438623054022e-01 -8.351932105355561e-02

12
2.650514020037707e-02 -4.719065778089950e-04
1.464063825303020e+00 1.319389174502274e+00
-4.703269831518222e-04 -3.781896551923992e-03
-6.063969736301369e-01 -5.749097817266963e-01
-8.763008835113485e-02 -3.873796268623453e-02
1.027764802477733e+00 1.847120576931216e-01
-4.389037157763843e-03 2.690309319371185e-03
1.602451612893726e-02 -1.632219423298091e-03
-5.097848807298810e-01 -1.536972080280678e-02
7.114774327263225e-02 -3.298277041561400e-02

13
-1.790914524030536e-01 -1.126328145517741e-01
7.051301218743092e-01 -8.442997702020421e-01
-8.538832677941942e-02 -2.029782153847474e-01
-1.328222610749586e+00 7.373823890453529e-01
-2.992277301819955e-01 -1.465687977716801e-01
1.702976762949112e-01 -4.924924959380037e-02
3.473676194112248e-01 3.124055644551275e-01
-2.679775978208130e-02 -1.465478584647111e-02
-4.630539921780943e-01 1.530055839189279e-02
-1.883945216073305e-01 3.775357248063753e-02

14
-1.075489165521505e-01 -1.961551144937834e-01
2.781065039212857e-01 -7.700883522019618e-01
4.783629078971164e-01 -4.404532865725753e-01
-6.252983253680585e-01 7.576912812927804e-01
-1.336025510704837e-01 -2.879653944959831e-01
1.596050536173389e-02 1.698042139636107e-01
1.230323656890056e-01 6.231248945258189e-02
1.069049129238935e-02 -2.116927092146460e-01
-2.480223432878073e-02 1.065792733335076e-01
-2.208573168477477e-01 -7.685180423931527e-02

15
-8.480948973596023e-02 -5.255292854834892e-01
5.345102216007629e-01 -9.581199283154717e-01
6.320959503731401e-02 1.681530954621963e-02
-1.195103986334958e+00 1.056988145821504e+00
5.227708132032632e-02 -3.180104853761944e-01
-2.825159365165414e-01 -7.576094515107860e-01
-5.799790886513984e-02 -6.777085262532111e-01
-5.087656373241627e-02 -7.481920307999911e-02
-1.512163616447838e-01 -3.514763068966368e-01
-3.564236846741079e-01 -2.894124836161108e-01

