16

0
-6.987853131574930e-01 2.934537377499397e-01
1.539206429733463e-01 -1.163902491469714e-02
1.000000000000000e+00 0.000000000000000e+00
6.283631092322958e-01 2.059419809412303e-01
7.811380879347543e-01 -5.582561793493125e-01
2.129272393858308e+00 6.572553898286572e-01
4.666272788294744e-01 1.186969748454826e-02
3.829799679103805e-01 2.551187711854290e-01
6.700209942784647e-01 -6.743126405783848e-01

1
-7.397080030267049e-01 1.950715848737786e-01
5.142218769318624e-02 6.278259028089526e-02
1.000000000000000e+00 0.000000000000000e+00
6.053319269171547e-01 2.592263098081538e-01
1.531029623011052e+00 1.363898321742238e+00
2.774907388741588e+00 -7.909343784301370e-01
5.148507582144523e-01 -1.808494315591197e-01
2.520437973898038e-01 -6.464635699740520e-02
7.645022293370020e-01 -5.797924908906731e-01

2
-7.083443283236192e-01 6.993737461946875e-01
-1.245105678611409e-02 1.142575044220081e-02
1.000000000000000e+00 0.000000000000000e+00
9.012049164640298e-01 -1.019215051352491e-01
4.258960414014319e-01 -1.023576121984119e+01
-4.272670196590649e+00 7.082458472910490e+00
-3.958498587637357e-01 1.439786262277586e+00
-1.268738205219019e-01 -1.424859431541537e-01
4.870694731464127e-01 -1.149578067403489e+00

3
2.589139091008658e-01 5.199467686938185e-01
1.000000000000000e+00 0.000000000000000e+00
-7.548633299573440e-02 -7.403787926791887e-01
9.317068062832492e-01 1.622321222658056e-01
6.243725131231171e-01 4.111800035963457e-02
1.070933739635370e+00 -1.050681893888993e-01
4.127995066182832e-01 -1.604695063138031e-02
7.094655586912463e-01 -1.648700566421848e-01
7.153094534959883e-01 -6.682759822070510e-01

4
1.000000000000000e+00 0.000000000000000e+00
3.566697273535695e-03 -3.332010315640972e-02
-8.252882556603873e-01 -3.674986317675404e-01
9.864924702788830e-01 1.802190358104529e-01
5.594619836277010e+00 -2.483116194624856e+00
-2.188447074878792e+00 -9.905517919287097e-01
2.458415899665002e-01 -8.463136357548449e-02
-8.876877215178541e-01 9.844555898992552e-01
9.573127372633830e-01 -1.005498807642313e+00

5
-8.570205926972738e-01 2.803073233767334e-01
-7.084734680247033e-01 -1.972001537463994e-01
1.000000000000000e+00 0.000000000000000e+00
1.226899705136758e+00 1.678930747255843e-01
5.607928325734871e-01 1.009463349939551e-01
3.653760958478912e-01 -1.386661336385520e-01
7.591203509472770e-01 3.509238259326956e-01
-5.271873503469086e-01 -2.839163156001550e-01
8.597913921449640e-01 -7.347072169765121e-01

6
-8.165475783747895e-01 3.656872731512739e-01
-7.757017936937489e-01 -2.682809503799499e-01
1.000000000000000e+00 0.000000000000000e+00
1.347989033895323e+00 -1.098438243897460e-01
5.487879626796737e-01 5.494239375668702e-02
-7.046227972893399e-01 1.816176914930094e-01
6.850699937910832e-01 2.313199286761361e-02
2.607066052834249e-01 6.617674013253130e-02
7.720468423181898e-01 -8.143652446213044e-01

7
-7.087528505264317e-01 2.388571515356127e-01
2.545634338552352e-02 1.816674340371265e-01
1.000000000000000e+00 0.000000000000000e+00
1.030015253369556e+00 8.403138516241160e-02
6.926571617919689e-01 6.202287796143943e-01
3.416976379971811e-01 -5.108427265585271e-01
1.498140787927899e-01 -1.063789342137441e-01
1.363528193953122e+00 -8.256620485623964e-01
7.076771353030484e-01 -6.157682534843434e-01

8
-7.520831774263530e-01 2.778898698034714e-01
-1.696403084904247e-01 8.858071074702017e-04
1.000000000000000e+00 0.000000000000000e+00
1.217816185987937e+00 -2.061315411955150e-01
-5.540324024395018e-01 -2.967515371173818e-01
-7.718315672249942e-01 2.136306725112844e+00
3.585615260519320e-01 6.724475008275190e-01
2.437004606745496e-02 -1.741969995387350e+00
7.392638121982406e-01 -6.817423067252832e-01

9
-7.898035078162807e-01 3.144730967458708e-01
-6.397247167765608e-01 -1.621878084640719e-01
1.000000000000000e+00 0.000000000000000e+00
1.381321837245071e+00 2.000702408675251e-01
-8.257230680243063e-01 -2.736770379903251e-01
3.996298147244206e-01 -1.169558427290767e-01
8.008502288484741e-01 2.591765578236508e-01
2.844000573666602e-01 5.325080935501672e-02
7.655161525175997e-01 -7.421943189410323e-01

10
-6.868816813461837e-01 3.184104198012572e-01
1.306939305681710e-01 1.030114923560130e-01
1.000000000000000e+00 0.000000000000000e+00
9.122021261259852e-01 1.774708571260984e-01
6.962204297171718e-01 -1.017277067519620e+00
4.630558757082064e-01 9.432424263957639e-02
1.482595037574383e-01 -9.268902255843088e-02
1.384815624832190e+00 -5.808517572326199e-02
6.442881257484396e-01 -6.975617525302562e-01

11
-7.698146587633419e-01 2.611927583430531e-01
-6.832212028868093e-04 -8.880670797827450e-02
1.000000000000000e+00 0.000000000000000e+00
7.543249788611927e-01 1.678497239506502e-01
-5.031571728976072e-01 -1.342162369173874e+00
1.857161863205889e+00 2.728546237197535e+00
7.184905536436921e-01 9.837984648870510e-01
-1.378658715693129e+00 -8.799755869807200e-01
7.678063285436727e-01 -6.708566152493681e-01

12
1.000000000000000e+00 0.000000000000000e+00
-1.319545978531834e-03 -1.221255258297866e-03
-4.051693056825489e-01 -1.887005566061725e-02
-3.310586515846978e+00 -1.527876119011504e+00
3.976553206027797e+01 7.391541966323099e+00
-1.703702448404121e-01 1.029403810114438e-01
6.314209567593437e-01 -6.661187945517480e-02
-1.963740258670484e+01 -7.691741993748937e-01
2.800937965102639e+00 -1.310240148421191e+00

13
-7.365476658151714e-01 2.999046968733983e-01
-1.746203456101187e-02 1.182106176836033e-01
1.000000000000000e+00 0.000000000000000e+00
1.713196590773664e+00 -2.096400715352248e-01
-5.972957927904233e-01 7.077873943407098e-01
-2.359595685870121e+00 -3.925575540031160e-01
1.579420992914088e-01 -1.339802691815144e-02
1.967230110947112e+00 -1.387816022117329e+00
7.107257458215892e-01 -6.998440133198542e-01

14
-8.551616806485121e-01 3.269948043096777e-01
-5.970988443149796e-01 -9.662618238694770e-02
1.000000000000000e+00 0.000000000000000e+00
1.558163189134164e+00 7.752662226301521e-02
-7.790781873271565e-01 -3.143203969664914e-01
-5.294534443849126e-01 3.589309640068573e-01
8.986965921459116e-01 5.158568607832519e-01
-3.829202721829008e-01 -3.256299770147463e-01
8.353185106826146e-01 -7.879564229069400e-01

15
-7.121374502648964e-01 2.685522128837223e-01
-1.297240848789735e-02 -2.475577666165255e-02
1.000000000000000e+00 0.000000000000000e+00
6.421302817267276e-01 1.974546652208631e-01
1.676755263833656e+00 -3.924788412855973e-01
1.352706381525352e+00 6.197425016812053e-02
1.703020590993376e-01 -8.319967143367619e-02
7.423765140343743e-01 -1.883360851075964e-01
6.974071522801945e-01 -6.518198953075204e-01

