10
0
0
52
-1.207024232182105e-02 -3.572737309298513e-01
9.889440186522838e-01 -1.380091326370182e+00
-2.800380344997038e-01 2.028615624626579e-01
-1.908116234031214e+00 1.173675905875168e+00
6.599316489143094e-02 -2.269834020283005e-01
-2.088787940189495e-01 -2.723418316854597e-01
2.091192515348044e-01 -7.686663241422484e-01
-1.391573224130483e-03 -1.668569389859755e-01
8.652457419457571e-02 -1.399080273957897e-01
-2.490015086742479e-01 -2.312417834547475e-01
4.440892098500626e-16
1.658266136032691e+02
1.002411398246333e-15
3.906250000000000e-04
2.442452300715187e-13
0.000000000000000e+00
1
1
1
52
1.314664258239298e-01 -2.262163511295565e-01
9.529799021873498e-01 -8.158063501022740e-01
-1.207197043847388e-01 -5.600721281777596e-02
-1.476481047549017e+00 7.135070189334376e-01
1.382220547904911e-01 -1.028564232994174e-01
5.098150940240765e-01 -1.670370972421123e-01
1.858848673188814e-01 -7.317107399970495e-01
2.677449050403580e-02 -1.402432882789258e-01
1.851123420015655e-02 -6.551525366734530e-02
-3.065216607624276e-02 -2.491661512479781e-01
2.482534153247273e-16
2.465530485056397e+02
3.311596568289547e-16
3.906250000000000e-04
5.892722455167192e-14
0.000000000000000e+00
1
1
2
52
-9.619016450927494e-02 7.452662939274819e-03
-7.114932406881185e-01 -2.998703707610535e+00
-1.021079769651040e-02 -5.131522668000026e-02
-1.607904046967068e+00 2.645857044125760e+00
-8.592746254720582e-02 1.652022282761625e-02
3.531666801212417e-02 9.877536152579173e-01
3.582056733239177e-01 -7.131056164652434e-01
2.734662131810381e-02 -1.414434129986007e-01
1.326591337583454e-02 1.276019849208946e-02
-3.828387489065816e-02 1.142080680311663e-01
3.642919299551295e-16
9.302426422954157e+03
4.534047890833668e-15
9.765625000000001e-05
8.165235602407292e-15
0.000000000000000e+00
1
1
3
52
-8.953299065987540e-02 -3.476952750411276e-01
5.036024057805419e-01 -1.592173276593465e-01
1.411019730583071e-01 -8.983018464130778e-01
-6.757349070334351e-01 -3.665939614854018e-02
-2.701115441298535e-02 -3.384751813559011e-01
-4.160540394155064e-02 -2.207727902206142e-01
-1.324156135157657e-01 -3.629515319341372e-01
-4.253862328380510e-02 -1.420917065094869e-01
-1.208451129300574e-01 -2.319165133199223e-01
-2.964001960556372e-01 -1.888769698996434e-01
2.220446049250313e-16
2.440970379131935e+03
1.576696188393796e-15
3.906250000000000e-04
2.730731386553543e-13
0.000000000000000e+00
1
1
4
52
2.003200838641989e-01 3.194326421293652e-01
2.254462275666514e+00 -1.512205946785324e+00
-4.234587368871438e-02 -8.051249641486612e-02
-2.416314855331309e+00 4.194940063427453e-01
1.400464116067269e-01 3.512193885893828e-01
1.913903081554554e+00 1.289686151659520e+00
-1.219753255103153e-01 -8.974888493198045e-01
7.628102799332523e-02 6.157646677930061e-02
-4.922889289602180e-01 -8.635020794104609e-02
5.129581085959769e-01 1.043753315358771e-01
5.271720539078350e-16
2.172399703956700e+02
1.772337614923370e-15
3.906250000000000e-04
3.208991096342882e-12
0.000000000000000e+00
1
1
5
52
-3.360724756320067e-02 -2.662884062120200e-01
2.829412975699175e-01 -8.468876072137674e-01
5.749499370044547e-01 -4.469421832735915e-01
-5.902115310973073e-01 7.951349110073318e-01
3.475257156962510e-03 -3.323515911893141e-01
8.034135102519232e-03 -1.527251580718577e-01
-4.920446862902881e-02 -9.263523114948249e-02
6.793500074489292e-02 -2.139385322708053e-01
-5.788630738345779e-02 1.499255252046223e-01
-2.245392360096689e-01 -2.042609921616965e-01
2.220446049250313e-16
2.286777676891773e+02
1.937350311571004e-16
3.906250000000000e-04
5.221826330607907e-14
0.000000000000000e+00
1
1
6
52
-1.269025680010155e-01 -3.023077592335665e-01
7.946261115908711e-02 -8.606642214648416e-01
5.936658763019211e-01 -5.256330817897136e-01
-4.742408508277287e-01 8.416415602830568e-01
-2.042699104554339e-01 -3.935680809142040e-01
-5.303308980858367e-02 -1.728751901518928e-01
1.443228798005010e-01 1.899651875085488e-01
-7.994416054211306e-02 -2.100374840390170e-01
-1.307859568244615e-02 -8.721162792537614e-02
-3.441636592064151e-01 -1.300507100913439e-01
2.220446049250313e-16
1.355508748860302e+02
4.227544693522562e-16
3.906250000000000e-04
5.604961379643013e-14
0.000000000000000e+00
1
1
7
52
-1.696342459438581e-01 -2.984887071114747e-01
8.507932084293246e-01 -7.502315293739568e-01
-1.422846328987055e-01 -2.390804772591676e-01
-1.398326012047319e+00 5.872729272397598e-01
-1.496434413021020e-01 -3.217025219410204e-01
6.763291120223475e-02 -3.119623820373555e-01
-2.104444061502046e-01 -1.533646547316305e-02
-5.716650882514576e-02 -2.667230039629670e-02
-4.777518743908299e-01 -2.669372087107681e-01
-3.038461470816748e-01 -1.067782498129760e-01
1.755416734288351e-16
1.141883684390555e+02
4.869056945140455e-16
3.906250000000000e-04
4.544556611625417e-14
0.000000000000000e+00
1
1
8
52
-8.995501089216158e-02 -1.243036866215712e-01
6.063012775248198e-01 -1.012935723636861e+00
1.937921830997824e-01 -1.575875031464924e-01
-1.147190487055202e+00 9.229605572679932e-01
-1.351715787747843e-01 -1.328364765122609e-01
1.295068072174726e-02 9.556255788469581e-02
3.349809187226204e-01 -9.622998546955204e-02
5.133329743081103e-02 -1.050605418302580e-01
-2.187255001702493e-01 1.536696433395655e-01
-1.512435663303203e-01 -3.056708061503793e-02
2.482534153247273e-16
1.168065201609340e+03
6.414455306875232e-16
3.906250000000000e-04
9.198845980461113e-14
0.000000000000000e+00
1
1
9
52
-1.146097871386376e-01 -2.303618786876409e-01
2.094808388703562e-01 -8.477641903885494e-01
5.179352314863876e-01 -4.374300301779330e-01
-5.978385899555041e-01 8.353470592644247e-01
-1.122244451808775e-01 -3.411339012186413e-01
3.159118843660836e-02 2.215811842946059e-01
-7.274365565438543e-02 -7.865519065971194e-02
-3.208087548620064e-02 -2.141895333884551e-01
-2.032807355235020e-02 -7.161799543899534e-02
-2.587089209537813e-01 -9.128300615035109e-02
2.288783399261119e-16
2.480017312430928e+02
3.243102383950436e-16
3.906250000000000e-04
4.846210138534043e-14
0.000000000000000e+00
1
1
10
52
-3.510402352940658e-01 -2.533631184619803e-01
9.734207817508824e-01 -1.163639347284354e+00
-3.248763659265159e-01 -7.517589829315326e-02
-1.812901173863865e+00 8.537026672583964e-01
-2.752550791934241e-01 -2.934177867863134e-01
-5.021418736310810e-01 1.807086019312620e-01
-1.386529593011809e-01 -1.504328850217058e-01
-7.552903088618948e-02 -5.025913925521709e-03
-5.008426440376486e-01 -3.304709714493684e-01
-4.029074762007749e-01 8.163339301271288e-02
3.140184917367550e-16
9.098854905684624e+01
1.239501190013400e-15
3.906250000000000e-04
1.514010857807982e-13
0.000000000000000e+00
1
1
11
52
-4.780884266248887e-02 -1.518416066782614e-01
8.374216919889544e-01 -1.285677241982815e+00
1.046254126535249e-01 1.309635516541805e-01
-1.483679286213534e+00 1.166710644563553e+00
-1.057683246559062e-02 -1.225626177911279e-01
-1.797407284448985e-01 1.405674230798115e-01
3.255180852352133e-01 -4.124430789222787e-01
1.150313377224212e-01 -1.561310260677949e-01
-6.770482934095691e-02 2.514083688366257e-01
-1.385718782668120e-01 -8.451206817626145e-02
2.482534153247273e-16
1.247296388992205e+03
4.827240150228078e-16
3.906250000000000e-04
1.438297677702857e-13
0.000000000000000e+00
1
1
12
52
2.587814579582364e-02 -2.139377643201325e-04
1.421484667713197e+00 1.390831690640294e+00
-1.771538612238400e-04 -3.571261989233568e-03
-5.496968844388120e-01 -5.903458052184757e-01
-8.599871092783536e-02 -3.883034148794820e-02
1.030639566267526e+00 1.827720516344817e-01
-4.386843200278505e-03 2.700354817379611e-03
1.632575278098895e-02 -1.858876716108816e-03
-5.083441225986193e-01 -1.570362006735540e-02
7.220277117790798e-02 -3.450581199463863e-02
2.118352371637509e-16
1.211709584162225e+05
3.349389869497835e-16
3.906250000000000e-04
8.887333578484258e-15
0.000000000000000e+00
1
1
13
52
-1.655592359134396e-01 -1.072766101925809e-01
8.477323977042390e-01 -9.983609855313819e-01
-6.441621703556043e-02 -1.859528130999266e-01
-1.460693091274899e+00 7.607006209807412e-01
-3.061249947728266e-01 -1.490780727914743e-01
1.748168674706055e-01 -5.310487226336545e-02
3.485406151183604e-01 3.181209552979893e-01
-2.758606818829850e-02 -1.472532591936553e-02
-4.745733124580138e-01 1.872798243899313e-02
-1.927441048347572e-01 3.962139131549616e-02
1.144391699630559e-16
6.277727350088715e+02
1.538031416023506e-15
3.906250000000000e-04
9.427153371482432e-14
0.000000000000000e+00
1
1
14
52
-9.706020661865145e-02 -1.866064899056212e-01
3.455142710143587e-01 -9.428943430282221e-01
5.100275634358732e-01 -4.242929056310645e-01
-7.203204410388879e-01 8.271573871668674e-01
-1.367686702281986e-01 -2.982881133997694e-01
1.696326385039982e-02 1.758890485731789e-01
1.183677080187168e-01 6.396153529677226e-02
9.034561163335243e-03 -2.177717900437636e-01
-2.359834628222732e-02 1.030611207560342e-01
-2.281139695164921e-01 -7.939664201783279e-02
2.482534153247273e-16
4.401891694179673e+02
9.576365961848215e-16
3.906250000000000e-04
8.161536330848720e-14
0.000000000000000e+00
1
1
15
52
-5.898955433018849e-02 -5.224412980701415e-01
6.909075295020618e-01 -1.131114585915620e+00
4.431677876369056e-02 2.012538596113318e-02
-1.373794837837534e+00 1.070269428861809e+00
6.527949246701489e-02 -3.471231406172525e-01
-3.039582010406575e-01 -8.528540446517318e-01
-4.741763888102589e-02 -7.103655112692343e-01
-5.351298691060241e-02 -8.406491728158523e-02
-1.421870084851480e-01 -3.767382879241156e-01
-3.816773693120993e-01 -3.259037327929249e-01
3.140184917367550e-16
4.588311828844722e+01
6.398008727006372e-16
3.906250000000000e-04
1.328094055218338e-13
0.000000000000000e+00
1
1
-1

2 0
2 10
0 0
305267649413411432914996276629201934740052701076069450476891876758025925512459448036155336514959260129105755057321859592967363928881651765516747015398204472006893098586201792279548412863504230868258443717410747023127091299235970141021533552927665360987717874329387180730045006880160339584478782628389828310953/2000000000000000000000000000000000000000000000000000000000000000000000000000000000000000000000000000000000000000000000000000000000000000000000000000000000000000000000000000000000000000000000000000000000000000000000000000000000000000000000000000000000000000000000000000000000000000000000000000000000000000000000 -7206644180420115044255454346451202448547409037921564973890159798548823203254063879602566173477150477685250844311056821676384241594793687067545199627386722529495519065245434845893005567552065508392771295304073877865475708245460932639847000417802014925569469728948336280646456085593767998376356634931419504446507/10000000000000000000000000000000000000000000000000000000000000000000000000000000000000000000000000000000000000000000000000000000000000000000000000000000000000000000000000000000000000000000000000000000000000000000000000000000000000000000000000000000000000000000000000000000000000000000000000000000000000000000000
745420814981363228955289592281447287877341592168836733846674802749035049950320815682882404542259750172814961123218946302933900172308758783877028912133510700060476801200015888483482180046211301770705177781219437926141106033100939590424860964768579261030310983643316040458865922551584272713003596587651482833729/2000000000000000000000000000000000000000000000000000000000000000000000000000000000000000000000000000000000000000000000000000000000000000000000000000000000000000000000000000000000000000000000000000000000000000000000000000000000000000000000000000000000000000000000000000000000000000000000000000000000000000000000 7187764451009994649081500592967630649195208928119006540837766518321539967297170817934383021091160476231660322192285170210685698923815691458117379527643833866458286936944294498965213951976960961738943420108609735484945927924933211719357801544132277283458938886604760545514378424052498333932992171680836923190953/10000000000000000000000000000000000000000000000000000000000000000000000000000000000000000000000000000000000000000000000000000000000000000000000000000000000000000000000000000000000000000000000000000000000000000000000000000000000000000000000000000000000000000000000000000000000000000000000000000000000000000000000
-2753896887952961186298849510802515179587421385175548478281441113536236896836389586433170511855955556237844851907251666454727488718342859335290537365573445383009065262677668790380598047868792395184016281629049291415020328738782708503976762543255296462442754227003244633919440481553949559985039456656301136641913/5000000000000000000000000000000000000000000000000000000000000000000000000000000000000000000000000000000000000000000000000000000000000000000000000000000000000000000000000000000000000000000000000000000000000000000000000000000000000000000000000000000000000000000000000000000000000000000000000000000000000000000000 -8885506895650606234192489172106022051532391655586520341715055229885058514534102896695574056626749460786834725181749034134023370474667331954997389998056887894948844571832120433922920614749813666058307325422803102238653630842935798736966824938226234352424956707888726669276317776748133054409677064045508211618669/10000000000000000000000000000000000000000000000000000000000000000000000000000000000000000000000000000000000000000000000000000000000000000000000000000000000000000000000000000000000000000000000000000000000000000000000000000000000000000000000000000000000000000000000000000000000000000000000000000000000000000000000
0 0
0 0
0 0
0 0
0 0
0 0
-7533517609026363241505108152761407582132568927124787913028795528887885846920255493279370465527055925753037134901467618683972489243510100691711905513104727098360201809684071036890504323136494820726194280807595194671723493123524365074486238618343588109584016632054152107184435637799702830462450980259842290384853/10000000000000000000000000000000000000000000000000000000000000000000000000000000000000000000000000000000000000000000000000000000000000000000000000000000000000000000000000000000000000000000000000000000000000000000000000000000000000000000000000000000000000000000000000000000000000000000000000000000000000000000000 8160020379951027568461710378352921436004414691780732586551902838175095206359914042047660984004347834801289775976786615544785196710899633318970715454445389946158838018568479523658844148071067104793460375995320650597426622845803282120575509356612254655918709141361957000052212976443322046164987527655955014241839/10000000000000000000000000000000000000000000000000000000000000000000000000000000000000000000000000000000000000000000000000000000000000000000000000000000000000000000000000000000000000000000000000000000000000000000000000000000000000000000000000000000000000000000000000000000000000000000000000000000000000000000000
0 0
0 0
0 0
1026506195204857053125657263217000145384595301423846735284762660665211188386962756088193476841594293154511639321318759185451009225315028428295616855457479228291500046533319417392556839544354721026738869864829218265434960974458882002493270609533033960495086505106686640785737609022014780939837830655085103761627/10000000000000000000000000000000000000000000000000000000000000000000000000000000000000000000000000000000000000000000000000000000000000000000000000000000000000000000000000000000000000000000000000000000000000000000000000000000000000000000000000000000000000000000000000000000000000000000000000000000000000000000000 8044986486039506714524566058123534208300395376152367772491547691324920580954500751667121750620000435096767171835523158918154480648887396295126575355550134498594181667688199402914253953765402310815416204843417793199458329992592203396559377028672158645664297387812017415909255085719984825133903939300259782156777/10000000000000000000000000000000000000000000000000000000000000000000000000000000000000000000000000000000000000000000000000000000000000000000000000000000000000000000000000000000000000000000000000000000000000000000000000000000000000000000000000000000000000000000000000000000000000000000000000000000000000000000000
5461036108950667306002631122214364429060156502494054554586950955316519247504270510427451839036475239973347029835775679217415232641081681554224291456169650520216307784157301775564897765779475104482412198289211304703369234452336447956646283505603586816010229722659164061232427391026613867444396725793211943543397/10000000000000000000000000000000000000000000000000000000000000000000000000000000000000000000000000000000000000000000000000000000000000000000000000000000000000000000000000000000000000000000000000000000000000000000000000000000000000000000000000000000000000000000000000000000000000000000000000000000000000000000000 -3655633150251818855301577904500306678258593577713072816419797971021895558565571287897383669537459338209194733048511199224980274330331269955198677587000227542473431696684765659760021643274513984720851715298694645683211964121600395650270690164138206589121726524074955931309503580677341333004462329169793665173537/10000000000000000000000000000000000000000000000000000000000000000000000000000000000000000000000000000000000000000000000000000000000000000000000000000000000000000000000000000000000000000000000000000000000000000000000000000000000000000000000000000000000000000000000000000000000000000000000000000000000000000000000
5943071227071368673361865446227115263469014870302567096953478242501678164497547925637074139208599616807499168771910191344060186624000271569184839941578397938807537695187732843480727062422588101969535912753178752586245672750592652240820732210174591206491994386028601822781077282597609179057154829770565623672361/10000000000000000000000000000000000000000000000000000000000000000000000000000000000000000000000000000000000000000000000000000000000000000000000000000000000000000000000000000000000000000000000000000000000000000000000000000000000000000000000000000000000000000000000000000000000000000000000000000000000000000000000 2090000346079442003373062729209146647635602552199876089860465079975081313494634146327184800591949753279030501707699609688564837381557009370021889957361840768324489748073986370065485178302720522113060008835398761820819558505698587917568878625844223951104120239714538480297511511026260789253512180708851333499227/5000000000000000000000000000000000000000000000000000000000000000000000000000000000000000000000000000000000000000000000000000000000000000000000000000000000000000000000000000000000000000000000000000000000000000000000000000000000000000000000000000000000000000000000000000000000000000000000000000000000000000000000
-2683085301888475976803336639533904622314628494803462897222453444227580266715425350939184726799275594354515190119351321237547668204437623305450154521645747333595800615851304996780961070107106605228159841706858684016125845488216444555750307334220821908399884407751184241339468978361601478268358871940235465069979/50000000000000000000000000000000000000000000000000000000000000000000000000000000000000000000000000000000000000000000000000000000000000000000000000000000000000000000000000000000000000000000000000000000000000000000000000000000000000000000000000000000000000000000000000000000000000000000000000000000000000000000000 1640501351928727831320314447547175630612007226579178995022630673811966832773319145550948920348721139904133765875202781287517098582010285653303236052845094554463254351016019728795306396930259923615286764895870958938020359890044496353808640951460664478318124112783937742367650603861875999080212374082711120378953/2500000000000000000000000000000000000000000000000000000000000000000000000000000000000000000000000000000000000000000000000000000000000000000000000000000000000000000000000000000000000000000000000000000000000000000000000000000000000000000000000000000000000000000000000000000000000000000000000000000000000000000000
-258338381207548164162890888167043064280736949896134519311664707215964136830682788038377209889413366897257227445077164206112550751583230279200837310419216245586097241257735827971061392303731111820228642232315440020790130134496686648319799675518323657742345652950835969849645622501764020505843541045860258462301/312500000000000000000000000000000000000000000000000000000000000000000000000000000000000000000000000000000000000000000000000000000000000000000000000000000000000000000000000000000000000000000000000000000000000000000000000000000000000000000000000000000000000000000000000000000000000000000000000000000000000000000 -4802194498120747093048977333160794516101577471490982683361424920077889283542394441080987227652159406677184562521826507898503255850891672000335664830235642583170007226208900872945129527873676648306219759791993970932709567488325592125134032664784285787222009668033769598447206810324688879501596410061361173217899/10000000000000000000000000000000000000000000000000000000000000000000000000000000000000000000000000000000000000000000000000000000000000000000000000000000000000000000000000000000000000000000000000000000000000000000000000000000000000000000000000000000000000000000000000000000000000000000000000000000000000000000000
-8036363298853529132814178657551344772148084171416678356669200518115160162260653860409787597728365894484200510808423725734791253692123400718628628033082931258696271151453538620750600452362933165158958506345101095733012254273126340659261912217221391261235946304717187738431150254795961469902060929329691958918931/10000000000000000000000000000000000000000000000000000000000000000000000000000000000000000000000000000000000000000000000000000000000000000000000000000000000000000000000000000000000000000000000000000000000000000000000000000000000000000000000000000000000000000000000000000000000000000000000000000000000000000000000 4630421273328792151041887580761524051259101816592593254777213619989135259721178947107292755727701196829110097728727836679706372899090368432722509008771751243069928773282225439684818936384748424599358281359882154722467054421099521028923535993788672113269544856962799740174599075234853976215361418844866850265693/10000000000000000000000000000000000000000000000000000000000000000000000000000000000000000000000000000000000000000000000000000000000000000000000000000000000000000000000000000000000000000000000000000000000000000000000000000000000000000000000000000000000000000000000000000000000000000000000000000000000000000000000

-1
-9080673516331427832805928767056141597529030342118955402929493235546694953428674768546568778591344247121501800557808985018072803410208043970670987082745989850452383010440034034075345327714178782424343208748569516926943589538409727074324024542532878337918012531487825924164688571804440975782751534345239555221137/10000000000000000000000000000000000000000000000000000000000000000000000000000000000000000000000000000000000000000000000000000000000000000000000000000000000000000000000000000000000000000000000000000000000000000000000000000000000000000000000000000000000000000000000000000000000000000000000000000000000000000000000 -484497323326714522246158674274132501911290927713455175252672848629976497472482106352763878615307420138342035358615161844773259342502405769692214430180011228981702197715902146314822201535360324991979928741637363748790237781536102893795637908150415048395043361062759087924159880362264151799485652961700861707179/125000000000000000000000000000000000000000000000000000000000000000000000000000000000000000000000000000000000000000000000000000000000000000000000000000000000000000000000000000000000000000000000000000000000000000000000000000000000000000000000000000000000000000000000000000000000000000000000000000000000000000000000
0 0

0 0

0 0

