16                                               

6.075368865346271e-02 -1.055735261172572e-02
1.000000000000000e+00 0.000000000000000e+00
-2.320239764795816e-01 3.286183797859284e-01
-1.547096079082032e-02 1.422846732796401e-01
9.614866901526371e-02 7.922235473276951e-02
2.282465937137511e-01 5.560422842108140e-01
4.039944163548028e-02 8.879428727794983e-02
1.021320966360571e-02 1.144549739801679e-01
1.776070678937729e-01 7.362032293715950e-02

-8.707442746501379e-02 -1.046843737264697e-01
-5.976536741330722e-01 -6.940787199720018e-01
1.000000000000000e+00 0.000000000000000e+00
-1.254619372539793e-02 1.211839851413590e-01
-3.528683635423283e-01 -9.076088849419404e-02
2.804913520488774e-01 9.474137447385237e-01
4.270548439032428e-02 1.610113001475741e-01
6.563742762945975e-02 2.370987468639026e-02
1.510103504579312e-01 7.976683509243743e-02

3.359828325217017e-02 5.916590308279448e-02
-3.814700149053036e-02 -1.591452576510534e-03
1.000000000000000e+00 0.000000000000000e+00
1.028154104598794e-02 -6.109977057438833e-02
-3.153988196250247e+00 -3.907625876484386e+00
-5.609621301850247e-01 5.143332579868742e+00
2.516874609495584e-02 9.186171539919603e-01
-1.694222265541136e-02 1.999518700622118e-04
-6.724204649194293e-02 -5.254701164703177e-02

1.360319799932047e-02 4.144388377619401e-02
1.000000000000000e+00 0.000000000000000e+00
-2.343223536174582e-01 -1.232629277768424e-01
5.019265060376717e-02 1.907358104285141e-01
4.857033337222308e-02 1.240157304997729e-01
1.256557030954369e-01 2.115649150934086e-01
4.223305171344498e-02 7.992775423534965e-02
8.469617095613041e-02 1.188878082977779e-01
1.920164179709208e-01 7.633241216258360e-02

-2.596494050778393e-01 -7.705710067869094e-02
9.888876388191778e-02 1.003514271015896e-01
1.000000000000000e+00 0.000000000000000e+00
1.619547262983234e-01 1.909215481770984e-01
2.080312112249882e+00 -7.572609611616110e-02
-1.164158784499568e+00 -6.697752175075873e-01
6.090748960561242e-02 2.802197171934808e-02
-6.891716494759539e-01 4.133516522633757e-01
3.379183085908787e-01 -3.476262248529460e-02

-8.863345886918332e-03 7.043219735231415e-02
1.000000000000000e+00 0.000000000000000e+00
-2.030681669570688e-01 -2.532415395090596e-01
8.666389534900495e-02 2.905005659495530e-01
3.432218396840359e-02 1.324994631060299e-01
1.234486987762502e-01 6.474363883178524e-02
3.346564919065360e-02 3.023931684970618e-01
-2.934014568283936e-01 -2.958678081011338e-01
2.515502950592218e-01 1.093499049749759e-01

3.592100109759775e-03 3.928803243925848e-02
1.000000000000000e+00 0.000000000000000e+00
-1.416879986842395e-01 -1.614934440192991e-01
1.968809961827142e-01 1.941845548034556e-01
3.840005890883906e-02 1.008768191955646e-01
-4.091605120332973e-01 -5.324324730975073e-02
6.432662660622621e-02 1.162192230671025e-01
4.260077654883145e-02 6.827882574926467e-02
2.238311410144769e-01 5.429685825060261e-02

2.999719551368091e-03 -4.896756942311857e-02
1.000000000000000e+00 0.000000000000000e+00
2.273239233365026e-01 2.281436882696028e-01
5.275328413469833e-02 2.315484899413285e-01
-1.023328249430900e-01 8.400667927060849e-02
2.494547367706447e-01 1.218255674409381e-02
2.031444426564738e-02 1.234214602639984e-02
3.410766049366079e-01 2.340732910850836e-01
1.717205261883041e-01 8.375138321332454e-02

-4.622633001138066e-02 2.502645042808736e-02
1.000000000000000e+00 0.000000000000000e+00
1.201901618989784e-01 -2.807512551889337e-01
2.162750712365007e-01 1.979425907599719e-01
-1.550932660289840e-02 -1.270910712995803e-01
-6.859698489789344e-01 -2.712803172617155e-02
-4.729917653023165e-02 1.241241589629028e-01
2.864781966228453e-01 -7.312820153142589e-02
2.075321569040323e-01 5.947152546933158e-02

-4.570893599377547e-03 5.368608779910246e-02
1.000000000000000e+00 0.000000000000000e+00
-1.984649500766102e-01 -2.363605980898631e-01
6.084672259989822e-02 2.810917102184278e-01
-2.593276514687294e-02 -1.803003530911107e-01
1.453537355623841e-01 9.843992125861367e-02
1.121881745494339e-02 1.606508794714214e-01
5.849263306534165e-02 7.117793057202554e-02
2.023195538950493e-01 8.373172966672726e-02

1.704126715681291e-02 -3.889623649248487e-02
1.000000000000000e+00 0.000000000000000e+00
9.040849724320049e-02 2.632669636870800e-01
5.270767233192533e-02 1.900445233824734e-01
1.144350740964008e-01 2.707603717134433e-02
4.228950508573218e-02 1.290051207097418e-01
1.637333614260466e-02 1.662626273424458e-02
2.365947060556884e-01 2.347668241271068e-01
1.795639976834107e-01 6.609945472536560e-02

2.517772716292068e-02 1.693306702961397e-01
1.000000000000000e+00 0.000000000000000e+00
-6.680033904931095e-01 -5.136158376052748e-01
5.095804478297654e-02 1.770171010417371e-01
2.458106851223070e-01 -1.786290343295785e-01
-3.712026469564836e-01 6.974182877708796e-01
-8.366864764154125e-02 3.749810937597774e-01
-3.345510871496059e-01 -5.629263799173474e-01
2.369488527634963e-01 9.373630003208452e-02

0.100000000000000000000e1 0.000000000000000000000e0
-0.412857294651848787488e-2 -0.879467627829038015745e-3
-0.650245096281137253957e0 0.211785769400491231032e0
-0.292456793185513714921e1 -0.147337784784391833326e1
0.279487220322614705170e2 0.103684295490873084411e2
-0.139983169495601271460e0 0.460813235976707134702e-1
0.365865990006180294316e0 0.963556213522062980165e-1
-0.151728892883757747597e2 -0.251793345250390720970e1
0.182873290981829715270e1 -0.139509901873527551090e0

-1.818317183018852e-02 -4.127837149906531e-02
1.000000000000000e+00 0.000000000000000e+00
2.390344025910678e-01 1.348919535251338e-01
2.478738382524722e-01 2.443674173643144e-01
-1.512834291299002e-01 -8.479807596903215e-02
-5.104765745107183e-01 -3.543843796117866e-01
1.620314381465147e-02 3.248585036907198e-02
4.297685327370085e-01 2.177125970332938e-01
1.996562624597383e-01 5.121292665084153e-02

-6.857996284257734e-03 8.369972354356589e-02
1.000000000000000e+00 0.000000000000000e+00
-2.453928822066321e-01 -3.028915677811813e-01
1.331268928668872e-01 3.078896655357458e-01
6.758727930526197e-03 -2.005384037052597e-01
-2.086492453701652e-01 9.175565697208725e-02
-2.395909230087399e-02 3.509735271662343e-01
-2.259911147069928e-01 -3.607262777950465e-01
2.517564723405397e-01 9.812715424616796e-02

-6.411591859887063e-02 5.090652392968017e-03
1.000000000000000e+00 0.000000000000000e+00
2.612651615863469e-01 -3.638860205417625e-01
-6.652387435928844e-03 1.299476269514453e-01
-1.803923263532729e-02 2.248595179099176e-01
2.562078317950525e-01 4.526488328043586e-01
1.876149006716103e-02 1.897398319341337e-02
2.352824001879316e-01 1.284465295186976e-01
1.599081497041641e-01 8.281603115454600e-02

