0
1.812828754291946e+00 1.150251920876445e+00
-3.969658011292859e+00 -2.583026418467511e+00
-2.298567934049768e+00 1.282865352138765e+00
1.112716394410995e+00 -8.543307340531691e-01
1.283689522017040e+00 -2.259884441974969e+00
-1.442280916346401e+00 4.153871978698699e-01

1
1.322875418974998e+00 1.321385004024212e+00
-4.297851281258894e+00 -1.888506885894323e+00
-2.166687161621964e+00 1.120352709903863e+00
1.192805570566827e+00 -8.048969485412130e-01
1.118873190438192e+00 -1.826085386637259e+00
-1.251771516569723e+00 4.910088106789174e-01

2
1.303485041001405e+00 1.116179850549853e+00
-4.488533981746667e+00 -2.059772450475408e+00
-2.620044131510303e+00 1.383365934555594e+00
7.243357605189477e-01 -7.205906142834708e-01
9.496755982409467e-01 -2.000602193707794e+00
-1.929408185093644e+00 7.089729875622406e-01

3
1.318682236809385e+00 1.279303392293018e+00
-4.329157884498254e+00 -1.934029121530406e+00
-2.236779894846662e+00 1.314570279551982e+00
1.087331526442048e+00 -6.707605910794818e-01
1.065154987397142e+00 -1.861045939366377e+00
-1.386441944603711e+00 7.062343110231151e-01

4
1.568574599082091e+00 1.251989023673384e+00
-4.026387071334523e+00 -1.926512606771556e+00
-2.615658562743157e+00 1.145401319003539e+00
1.019650452713692e+00 -1.131902721863072e+00
9.567719204529758e-01 -1.913697276612107e+00
-1.223097879208345e+00 5.872141243950806e-01

5
1.498619458162661e+00 1.191056835360178e+00
-4.036696378112381e+00 -1.916270332542057e+00
-2.762483803903030e+00 1.254300371440435e+00
1.339734624863151e+00 -1.559517592127999e+00
1.024144795365344e+00 -1.752723623336348e+00
-1.012539534739361e+00 2.986320031458943e-01

6
2.226690343871230e+00 8.558755874264338e-01
-4.139299273825666e+00 -2.233737492284226e+00
-2.559294125117030e+00 1.066560204822879e+00
1.147943436346018e+00 -7.500623811033658e-01
1.233870873295781e+00 -2.058026452354435e+00
-1.168552257964619e+00 8.434971534990656e-01

7
1.734016281662129e+00 1.389731368703006e+00
-3.975175332961565e+00 -1.936854302063851e+00
-2.483968714393493e+00 8.064175875892303e-01
8.993515518271673e-01 -6.022889045083675e-02
6.464651601600216e-01 -2.068788960599464e+00
-1.291503385626894e+00 1.300911570808635e+00

8
1.743513412713131e+00 1.291992286190684e+00
-4.096633281562803e+00 -2.054393689307013e+00
-2.426207675607993e+00 1.632948980776086e+00
1.408649951210416e+00 -6.875045271765065e-01
1.340169302323531e+00 -1.971314090323161e+00
-1.901299291604067e+00 6.390904145039725e-01

9
1.247676841360363e+00 1.080562777508065e+00
-4.171591703164143e+00 -1.693676423546243e+00
-2.387965972613862e+00 9.625157744746301e-01
9.999405935883322e-01 -1.181332979826772e+00
9.965961198389749e-01 -1.977756765125702e+00
-1.072305247299536e+00 7.816505997826488e-02

10
1.530832275146449e+00 4.750892608108493e-01
-4.358448882770696e+00 -2.096834544854820e+00
-3.515428933589698e+00 8.916310394754184e-01
-1.968623121202683e-01 -6.425490395900497e-01
9.476471749805820e-01 -1.532477191305047e+00
-2.478377438600231e+00 -1.282162419665302e+00

11
1.505775429313459e+00 5.551804975140490e-01
-4.604395551809820e+00 -2.079822274441879e+00
-2.665665503681231e+00 2.080478689398636e+00
1.280290714898533e+00 -8.179751115862685e-02
1.482361386852107e+00 -1.900290953038519e+00
-2.846762076357581e+00 1.044800499992823e+00

12
7.248334234201965e-01 1.548802906466526e+00
-4.350449309960309e+00 -1.316194824105111e+00
-2.272837477759106e+00 1.345678307902196e+00
2.226115492829833e+00 -1.305658541438209e+00
6.780320251131163e-01 -2.461718885082437e+00
-9.098610845057564e-02 -4.726029202296047e-01

13
1.722477188407545e+00 1.141377203357924e+00
-4.037832067238826e+00 -2.273603253055631e+00
-2.426764559411384e+00 1.242717842020487e+00
8.869740480736884e-01 -9.645799260682862e-01
1.083583325066834e+00 -1.965839513183070e+00
-1.577516961245129e+00 7.348299394224928e-01

14
1.519188108800803e+00 9.897913241367335e-01
-4.286445795107572e+00 -2.253055508680205e+00
-2.444683923206632e+00 1.186511605939419e+00
6.951131162797490e-01 -8.730671641177714e-01
1.203931827901425e+00 -2.072966738285290e+00
-1.608104046752994e+00 7.367551819850788e-01

15
1.329350588636172e+00 1.172501865518415e+00
-4.294785103855535e+00 -1.995440153188953e+00
-2.472102948302928e+00 1.204939039755858e+00
8.604268494820028e-01 -7.722231840357349e-01
1.093572767384221e+00 -2.197951361290507e+00
-1.498398281783293e+00 6.494532885839650e-01

16
1.984441296656313e+00 2.053681666343197e-02
-3.757108237252408e+00 -2.067960710644707e+00
-2.915562149441567e+00 9.880874893334981e-01
1.598263143638519e+00 -7.899729643962612e-01
5.420336340962807e-01 -1.586407593166217e+00
-8.266178582770395e-01 1.253465938964383e+00

17
6.714077994325890e-01 8.785996912516414e-01
-3.954970869028750e+00 -2.062319033887172e+00
-2.443171830157304e+00 1.357339393008201e+00
3.122687333412870e-01 -1.423235537961703e+00
1.323589498981555e+00 -1.859255096671240e+00
-1.225870948254542e+00 3.307339059064421e-01

18
1.453363999140458e+00 9.773384198002836e-01
-3.717477521200930e+00 -1.853675276863769e+00
-2.577753518825309e+00 1.441058858778926e+00
9.096975212872589e-01 -1.687695129408147e+00
1.180780846095920e+00 -2.350822438600100e+00
-1.337760315446736e+00 1.009860125462943e-01

19
2.064670648808863e+00 1.598666685233459e+00
-3.866672086157401e+00 -1.931302350837782e+00
-2.309213234345307e+00 7.074579525254729e-01
2.620506753755761e-01 1.355147174466192e-01
6.305910720839852e-01 -2.369118643940978e+00
-1.900077724461225e+00 1.248767293141570e+00

20
1.712183649067896e+00 8.665582170959781e-01
-4.195775388746033e+00 -2.021782741141372e+00
-2.478690359560626e+00 1.109902763151319e+00
8.158546958986462e-01 -9.571632546285219e-01
1.080972634784268e+00 -2.224256969964769e+00
-1.373105291313846e+00 7.210318545248956e-01

21
1.287039794749971e+00 7.185177682740788e-01
-4.308618402401706e+00 -1.863807948856500e+00
-2.413212438041209e+00 1.159049178344309e+00
5.809609975061469e-01 -1.189791395367874e+00
9.969058935153130e-01 -2.424699914981794e+00
-1.520236052358411e+00 5.845254266998515e-01

22
1.572183250609873e+00 1.371921574693804e+00
-3.998868348192719e+00 -1.931001020053934e+00
-2.440730271959334e+00 1.231742748331884e+00
4.550713221767458e-01 -1.215590363499666e+00
1.084519886527975e+00 -2.041040946684206e+00
-1.601866278277708e+00 5.342607284814571e-01

23
2.414490970552895e+00 1.417583832841345e+00
-3.888045946468420e+00 -2.241338061933662e+00
-2.534340776896073e+00 9.424877625513904e-01
1.035872818769118e+00 -2.555054004935769e-01
1.080857015256222e+00 -1.844348004778716e+00
-1.230973881994179e+00 1.149730105690464e+00

24
1.283412871671670e+00 1.392760228272954e+00
-4.310641917658148e+00 -1.772285531936067e+00
-1.824371433982041e+00 7.204941261659836e-01
1.555016591761120e+00 -1.033414488160092e+00
1.187734171010698e+00 -1.706532538421567e+00
-7.530631736728018e-01 9.982832012578627e-02

25
1.589241054903075e+00 1.132516899042961e+00
-4.202750704876526e+00 -2.350324835267406e+00
-2.466920476589658e+00 1.266015308033299e+00
9.317824899298833e-01 -8.503547957279428e-01
1.143798063133779e+00 -2.150308890046315e+00
-1.679805173189745e+00 4.669764016930651e-01

26
1.477523847684074e+00 1.466399003733534e+00
-3.919274417954974e+00 -1.900562916795080e+00
-2.734351771389515e+00 1.601326151835239e+00
7.100213046200998e-01 -5.401111271453671e-01
1.249432009612304e+00 -1.920598265162474e+00
-1.916595419838919e+00 9.206316926413577e-01

27
1.692869125460285e+00 1.318027287550002e+00
-3.894299317355176e+00 -2.288364656214420e+00
-2.415273375082776e+00 1.421655825210459e+00
1.008387798516911e+00 -7.032331360097083e-01
1.302250402515211e+00 -2.101064226301991e+00
-1.544597018752021e+00 6.399338021651895e-01

28
1.261594978126687e+00 9.429512147318674e-01
-4.069505199935508e+00 -1.079817048157109e+00
-2.693423130990505e+00 9.983112079990369e-01
8.980839346743205e-01 -7.669153298862539e-01
1.136785820303702e+00 -2.076757309339251e+00
-1.515330369868876e+00 1.011242784704646e+00

29
2.080127438206923e+00 1.471766913149206e+00
-4.524659940084025e+00 -2.103372885101246e+00
-2.490047973093310e+00 1.302576930352481e+00
8.871966476293179e-01 -9.561278305258263e-01
1.034032736852431e+00 -2.144453112395130e+00
-1.820096719740990e+00 5.524323739659437e-01

30
1.989310413193161e+00 1.240268268837693e+00
-4.588419459131068e+00 -1.820205783359496e+00
-2.424493886135234e+00 1.232169406970789e+00
8.130352682500253e-01 -8.990870527352285e-01
1.051102227164963e+00 -2.117886174863075e+00
-1.846746262049782e+00 6.342302673938601e-01

31
1.099297471046546e+00 1.571225308736622e+00
-3.498353159633364e+00 -1.602476620551993e+00
-3.131793578210301e+00 1.163371455317798e+00
1.200904767762156e+00 -9.356869775807717e-01
1.136312949742548e+00 -2.137696766716453e+00
-1.133530744376250e+00 9.460741873539137e-01

32
1.438969539080274e+00 1.130773725512207e+00
-3.816679512892298e+00 -1.889859360112916e+00
-2.696368842528527e+00 1.145185008493120e+00
9.450823525143290e-01 -1.105140508279862e+00
1.100792171071528e+00 -2.124397741656696e+00
-1.309654623134968e+00 4.782979951805372e-01

33
2.274336629108857e+00 3.591332466617455e-01
-3.613041633712981e+00 -1.840061708929532e+00
-2.601761375371403e+00 9.412598482784272e-01
1.256976438579882e+00 -6.851816335589970e-01
6.912533389607005e-01 -2.007310407905885e+00
-1.543413736724619e+00 1.018430013365416e+00

34
1.306764236612449e+00 5.248941611714438e-01
-3.749711948075703e+00 -2.046683150160205e+00
-2.627383657596700e+00 1.149088404606323e+00
6.900022755890616e-01 -1.002153128679320e+00
9.384545117420975e-01 -1.901197620460274e+00
-1.344676860092739e+00 7.958883992361087e-01

35
1.488794673935185e+00 1.080148866626062e+00
-3.912841568378810e+00 -1.889957678662196e+00
-2.505383393964192e+00 9.650914401738457e-01
1.006932594327295e+00 -2.833216271272302e-01
1.044616726005283e+00 -1.969174106041188e+00
-1.301511504291809e+00 8.453897105668888e-01

36
1.797835114123874e+00 1.388828477988377e+00
-3.953320800178474e+00 -2.025084397422494e+00
-2.596680612770115e+00 1.472735402818585e+00
9.918035893969858e-01 -7.521935352559574e-01
1.020954258664511e+00 -1.898713938132672e+00
-1.464283926235766e+00 7.666143143999083e-01

37
1.317862342090980e+00 1.240667854530525e+00
-4.088791427881019e+00 -1.803752904536050e+00
-2.346764146906305e+00 1.178874899552534e+00
8.290500131877190e-01 -8.514667701936639e-01
9.293554447140492e-01 -2.072305613686118e+00
-1.527156152335492e+00 3.761161149022907e-01

38
1.178942471753054e+00 6.122380571006217e-01
-4.495036747501999e+00 -1.827291155452336e+00
-3.247747164538194e+00 1.207647637375117e+00
6.722217187828672e-01 -3.393253011094980e-01
1.003818988826743e+00 -2.399229038041357e+00
-1.706485283163881e+00 1.429658976689501e+00

39
1.036702545527700e+00 1.174242450768554e+00
-4.156624014425734e+00 -1.642117221268550e+00
-2.122160049596184e+00 1.536716697590190e+00
1.035184182687978e+00 -9.029730425887446e-01
8.311892402196470e-01 -2.135369785946318e+00
-1.005147494143979e+00 2.588214644544888e-01

40
5.300855288327655e+00 -1.273882015294415e+00
-3.111443563706807e+00 -2.170215056496314e+00
-2.479031381604803e+00 5.468597844534814e+00
-1.940348818630063e+00 -3.799777099554178e+00
-1.286981474270763e+00 -1.858832188175783e+00
1.090050699749129e+00 7.959688591805073e+00

41
1.678780572074292e+00 1.056160979380201e+00
-3.720547156003456e+00 -1.701044360369260e+00
-2.044384290398712e+00 1.221369479045237e+00
1.269592951610425e+00 -8.104143386255678e-01
1.210742131278186e+00 -2.365642478226118e+00
-2.712824944188271e+00 4.365012758760116e-01

42
1.352744770267942e+00 1.362411781527713e+00
-3.868500463574401e+00 -1.794737002507445e+00
-2.589618600378275e+00 1.484115696737037e+00
8.312803914213683e-01 -1.015262438367473e+00
1.226646829963511e+00 -2.331573573301878e+00
-1.620124605662653e+00 1.065919133814234e+00

43
1.538752590524719e+00 1.251015684737363e+00
-3.844574348552509e+00 -1.746078332226783e+00
-2.286104038835523e+00 1.599131799840930e+00
8.242822877931232e-01 -8.288135940507719e-01
1.204898988783606e+00 -2.296054280618348e+00
-1.629382402888852e+00 6.373937623545758e-01

44
1.595734998186463e+00 1.041837165003850e+00
-3.831297471663045e+00 -1.885851697764490e+00
-2.614273309795907e+00 1.146888413747970e+00
9.533201707968414e-01 -9.430938932608001e-01
1.051346353400537e+00 -2.150229760626890e+00
-1.254759478708011e+00 6.024526057210911e-01

45
1.510982112429124e+00 1.211216850497545e+00
-3.743610151797038e+00 -1.984132195138205e+00
-2.273820304342788e+00 1.217662007760945e+00
1.270820199420341e-01 -1.173160740060491e+00
8.777780136447764e-01 -2.408700519022701e+00
-1.860546454635303e+00 4.895687814316428e-01

46
1.362231773070960e+00 6.879098973857096e-01
-3.863399815981985e+00 -2.031131046346046e+00
-2.602293521765264e+00 1.143685297823384e+00
8.003982329984235e-01 -9.990907412511039e-01
9.561853807206048e-01 -1.859699007766313e+00
-1.174869648314085e+00 7.631627666114605e-01

47
1.740550641020547e+00 1.196996373390985e+00
-3.942233927763527e+00 -1.889894612115734e+00
-2.637974021428521e+00 8.706403534635510e-01
9.860984763632149e-01 -2.230302898842439e-01
9.652857384682004e-01 -2.017156497300892e+00
-1.201156374919120e+00 1.035524387141767e+00

48
1.802938223570984e+00 1.535459640736344e+00
-3.736854695026481e+00 -2.014812828873451e+00
-2.521589967043408e+00 1.367330722935770e+00
1.251264673219454e+00 -5.694937680414016e-01
8.289086762291608e-01 -2.019305291112283e+00
-1.498123757978121e+00 1.088961708286153e+00

49
1.321071651516400e+00 1.367301503376106e+00
-4.166803214752422e+00 -1.868256116411514e+00
-2.461769360073528e+00 1.191170805232000e+00
8.838230450895006e-01 -9.391296215575617e-01
9.872381530686773e-01 -2.181793149373044e+00
-1.608667368301537e+00 3.988060903121990e-01

50
1.633686573471083e+00 1.151887305371732e+00
-4.295895161181792e+00 -2.188545697044756e+00
-2.973318700127217e+00 1.103365013515953e+00
-7.030878912649040e-01 9.213088821686619e-01
1.406745576871319e+00 -2.295672074947809e+00
-3.283055100896767e+00 2.684447272672577e+00

51
1.625850040013861e+00 1.710353988167130e+00
-3.779038729945252e+00 -1.753327789854010e+00
-2.659402999263609e+00 1.397641446254344e+00
1.233976196816690e+00 -1.088109062396372e-02
7.656195638819222e-01 -2.211979625209854e+00
-1.587538145747616e+00 1.504679357560808e+00

52
1.366027555024111e+00 9.553965817128131e-01
-4.247779044924251e+00 -1.867786200375456e+00
-2.578175179556952e+00 1.287124603012923e+00
8.276743679993387e-01 -7.231890974365063e-01
1.002585050869044e+00 -2.172112786707963e+00
-1.475169421714632e+00 7.265859420893176e-01

53
1.873713759373006e+00 8.159445165155476e-01
-4.234201263994982e+00 -2.172724459377941e+00
-2.369900854445465e+00 1.039058617046546e+00
6.955165780442603e-01 -9.325906272638798e-01
1.246254378692981e+00 -2.079884015907074e+00
-1.754712726530923e+00 5.323866257246539e-01

54
1.855087038322305e+00 1.187585449539168e+00
-4.042811163689527e+00 -2.092790534410672e+00
-2.430802765755503e+00 1.320085176911866e+00
8.958530083829149e-01 -8.672415017521867e-01
1.114861587623314e+00 -1.947231515522222e+00
-1.542492221500168e+00 6.018575314880820e-01

55
1.753631760982646e+00 1.703851058004750e+00
-3.804348961794243e+00 -1.932671607270545e+00
-2.792247466413769e+00 1.904717834964295e+00
1.254468523331111e+00 -5.956325280577655e-01
8.772057550111761e-01 -1.796262017925008e+00
-1.135477144043846e+00 1.037579752191246e+00

56
-9.677357616530315e-02 1.341957510165517e+00
-4.084151627774902e+00 -2.314577799735142e+00
-2.499603941880384e+00 1.525927085406394e+00
-5.660338017149592e-01 -1.128396942003198e+00
1.345998468915106e+00 -1.882547191195812e+00
-1.246358366397330e+00 3.522535956575685e-01

57
1.245983817210999e+00 1.262199696115432e+00
-3.739126621509192e+00 -1.902150316991469e+00
-2.923580938032635e+00 1.361705620589365e+00
8.587674513297645e-01 -2.058320450812761e+00
1.222453776174186e+00 -2.293471802204702e+00
-1.264988695014407e+00 1.708162789232449e-02

58
1.487770211319666e+00 1.313248826790680e+00
-3.810523708192633e+00 -1.931522455417782e+00
-2.615878958887450e+00 1.333671753675789e+00
3.490259516609219e-01 -1.267604184940732e+00
1.031054605711400e+00 -2.250220210307452e+00
-1.585060351413378e+00 3.311917115574033e-01

59
1.904559009856113e+00 1.472577651841811e+00
-3.904798495866436e+00 -1.848301861718626e+00
-2.345384540970956e+00 1.150030724944441e+00
3.390801497474999e-01 -2.678691514624466e-01
8.942836124731176e-01 -2.221376104470104e+00
-1.776799038361609e+00 6.840811104008562e-01

60
1.326429819772985e+00 9.295736851528251e-01
-4.311484372754649e+00 -1.804742963873002e+00
-2.409151174783001e+00 1.340076436955337e+00
1.165788505712184e+00 -8.510421352240205e-01
1.161751193181686e+00 -1.981668585976713e+00
-1.580519645136965e+00 4.862456309267887e-01

61
1.803133065042376e+00 1.028282204271538e+00
-4.190846311525816e+00 -2.100695804653163e+00
-2.531953228322340e+00 1.353304681610871e+00
1.083795327629213e+00 -8.856633703923066e-01
1.204976589858109e+00 -1.946255300142285e+00
-1.779193427444290e+00 2.211307531649035e-01

62
1.704151566610989e+00 7.224211530671919e-01
-4.330836049772102e+00 -2.207325872229683e+00
-3.230789612140379e+00 1.543611546031465e+00
5.002768057155564e-01 -2.763515538738031e-01
1.264104415391484e+00 -1.649832601697334e+00
-2.861299631257612e+00 -2.926260540666312e-01

63
1.453594764464015e+00 1.514627762927765e+00
-4.038737036580076e+00 -1.946438145324154e+00
-2.644727467704162e+00 2.080129331716560e+00
1.536375412696737e+00 -9.167621778221992e-02
1.531071334943481e+00 -1.841680912862438e+00
-2.563159922158825e+00 9.428733762571980e-01

64
1.780447055144967e+00 1.715986879254554e+00
-4.061344250579224e+00 -2.146715051522832e+00
-2.742789652421121e+00 1.151719318675456e+00
1.118722769955342e+00 -8.776254845728919e-01
1.051171559111760e+00 -2.180128287013727e+00
-1.677547026974360e+00 6.902945675190387e-01

65
1.536709506184620e+00 1.538260594615106e+00
-4.005759252499874e+00 -1.762183445278757e+00
-1.886741522711979e+00 1.195951322773384e+00
5.053195328469988e-01 -4.655479031664649e-01
1.154159652981978e+00 -2.211213607720659e+00
-2.044738168533075e+00 9.598949804324582e-02

66
1.447918869767068e+00 1.391975922535590e+00
-4.008948661765603e+00 -1.644333481108962e+00
-2.541454345541229e+00 1.616660195374751e+00
6.459102956286771e-01 -1.033733742310919e+00
1.154652266914838e+00 -2.114574955496910e+00
-1.291905484169933e+00 3.608030008655639e-01

67
1.525258830404664e+00 1.375329496887735e+00
-4.082539706933544e+00 -1.656095985098683e+00
-2.420372563782490e+00 1.397617180966086e+00
6.873383995661866e-01 -8.656468612045539e-01
1.135533601352494e+00 -2.134346480941707e+00
-1.552856165350865e+00 4.226297790675868e-01

68
1.484221034322457e+00 1.372558935254233e+00
-3.876855967967797e+00 -1.769924286217364e+00
-2.508336783674268e+00 1.676126446070354e+00
7.281839342688430e-01 -9.522694064204865e-01
1.191812957287684e+00 -2.317337637499533e+00
-1.410290550329079e+00 9.234888223883363e-01

69
9.016036471897463e-01 1.595202714445987e-01
-3.814108633311259e+00 -2.017988794151081e+00
-1.732229314807255e+00 1.225471713493069e+00
4.079217166150580e-01 -7.340721044937085e-01
1.199799672819811e+00 -1.797290173817926e+00
-8.081798677327720e-01 1.188866513358772e+00

70
1.499713331647873e+00 6.494836959026427e-01
-3.719832416454271e+00 -1.894691651738664e+00
-2.243927996222351e+00 1.389787537096056e+00
7.691586483743246e-01 -1.192706747661138e+00
1.040992898540712e+00 -2.165250185832586e+00
-1.839898554057821e+00 1.682582751033938e+00

71
5.650548625755527e-01 1.170900007708565e+00
-3.919739035868395e+00 -1.882164361368949e+00
-2.414814906868770e+00 7.025869124201186e-01
1.087713296527079e+00 -7.215055999856181e-01
1.527563200585043e+00 -2.194806624811851e+00
-1.850226833553210e+00 6.382841289023454e-01

72
1.398022342229683e+00 1.523629878774749e+00
-3.902944457425808e+00 -2.015690788840832e+00
-2.749432233380834e+00 1.397239201099051e+00
9.707362382335997e-01 -1.176111731842893e+00
1.111154444053402e+00 -2.077717636643548e+00
-1.290250775877572e+00 5.792404541461114e-01

73
1.054546666621050e+00 1.617470846622133e+00
-4.191996575249705e+00 -2.550750654245767e+00
-2.500409997954645e+00 1.219026993974318e+00
8.789528140632845e-01 -7.823081562101670e-01
1.109776812122655e+00 -2.076126668578678e+00
-1.425154130111244e+00 5.488294703039600e-01

74
2.890309692171060e-01 2.204351174981757e+00
-5.575678735569681e+00 -3.689352493170194e+00
-2.478634713456739e+00 1.236675949718134e+00
6.370334626112136e-01 -7.490076567714609e-01
1.088402206906532e+00 -1.986092020882696e+00
-8.704295255457514e-01 -4.914891228836837e-02

75
1.118503515123924e+00 1.716996835554093e+00
-4.341977681987983e+00 -2.393007497535546e+00
-2.500030239418443e+00 1.197937769451941e+00
9.020402806721034e-01 -7.389898559960504e-01
1.119788704597356e+00 -2.074389518676050e+00
-1.500507903932104e+00 4.992003769698193e-01

76
1.473073310595131e+00 1.974782331906289e+00
-4.658819886031708e+00 -1.626289399838218e+00
-2.400238484610631e+00 1.166755774196785e+00
8.891907891138487e-01 -5.206372185895478e-01
1.170623950922615e+00 -2.081574713501090e+00
-1.961516919697624e+00 3.058638820609287e-01

77
1.421375073815131e+00 1.500008203558860e+00
-3.927327313638304e+00 -1.824071146565450e+00
-1.770916477739553e+00 1.684274181216204e+00
-1.450675248479749e-01 -3.760915541041896e-01
1.217832940971279e+00 -2.082625420951848e+00
-2.363311887747398e+00 -3.017246986241436e-01

78
1.403623534278813e+00 1.434160927471173e+00
-3.755501830869428e+00 -2.000493184938335e+00
-2.493299348254883e+00 1.453080218235757e+00
7.081707747136545e-01 -9.659957004202624e-01
1.133611633760184e+00 -2.087216119862381e+00
-1.572881998676619e+00 4.413852574116738e-01

79
1.466343893037769e+00 1.485279304929665e+00
-3.847544497238857e+00 -1.803723659391405e+00
-2.116094067877268e+00 1.540030720379124e+00
3.066136363923841e-01 -6.208632189674499e-01
1.181571528633373e+00 -2.090008966717798e+00
-2.050356108818872e+00 8.702619352264690e-02

