0
2.025248812880494e+00 3.778424257295280e+00
7.636507826642762e-02 3.392884373420126e-01
5.951179482606015e-01 3.499093726030684e-01
8.595070943332601e-02 -5.906763482974163e-01
6.517291026932100e-02 -2.545364324580980e-01
-1.241583738869959e-01 4.636972826425702e-01
3.024519510585031e+00 3.484231857295878e+00
1.713973032301466e+00 4.790443650727448e-01
-7.088951334335357e-02 4.396691235366862e+00
1.743118111864333e+00 1.890735935643774e+00
4.281055392734178e-01 3.126920524557278e+00
1.396740029942349e+00 2.356602842687120e+00

1
1.070034736282924e-01 -3.206162371543764e-02
-1.034403972288001e+00 -1.027337634911345e-01
1.624324977695322e-01 -1.631820182820788e-01
-7.229353071009937e-01 6.231249642483012e-01
-1.368674936328171e+00 -1.423581158933804e+00
2.049757696742244e+00 1.266153628841704e+00
4.533261044189117e-03 6.793154309056297e-01
5.168873089687063e-02 -3.289093827108444e-01
-1.679072807867965e-02 -9.935476540126645e-03
1.026288573640820e-01 -5.007007739613797e-02
-1.178143150561358e-01 -7.396168448500121e-02
4.284716850599324e-01 -2.014960386496887e-01

2
5.516740187386942e-02 8.813175306573506e-03
7.354882105443931e-17 -7.303824098724190e-17
8.624314363209112e-01 1.026775608290531e+00
-9.969776472778253e-18 5.601056587657728e-17
-8.457044196671720e-17 9.262624508016435e-18
8.920307984203158e-17 -5.031257928836530e-17
-5.360723870240983e-02 7.173925275026043e-01
-8.379619695490691e-02 -2.409068932611872e-01
-4.626560384840035e-20 -7.737303124142358e-20
-2.066592173420556e-19 -1.309358193814766e-19
-5.516740187386941e-02 -8.813175306573504e-03
4.086740750262249e-01 -2.131322543155333e-01

3
7.002410734551334e-02 3.200260190747679e-02
4.799670086618926e-01 4.637039923743257e-03
4.796077237847661e-01 4.069032803139055e-01
-1.211483893036881e-01 -1.057981442604439e-01
1.819401332971373e-02 -3.368486692769065e-01
3.778665137668439e-03 4.139429783788648e-01
-2.788530018979891e-02 7.392139942601641e-01
-9.546563854166852e-02 -2.311239828343760e-01
-4.400720168028841e-03 2.210712842969596e-03
2.263925717837058e-03 -3.101833634902418e-03
4.692342437033535e-03 2.705728465807996e-03
4.039583807608767e-01 -1.561452932266514e-01

4
3.120743394247624e+00 -1.326063364915188e+00
2.020373760853437e-01 3.592837519949255e-01
-3.667636971625666e-01 1.056573386751644e+00
-2.748678845251563e-01 -2.918814751551327e-01
-8.329694376109733e-01 1.721642336057618e-02
7.162661140496737e-01 5.952773903841439e-02
2.655377961534280e+00 -1.061076820585156e+00
2.154681426247574e+00 -2.089671999319783e+00
2.223789161503756e+00 -5.478901718777152e-01
2.692054602265272e+00 -1.647936697854220e+00
2.191123590087600e+00 -1.105009590528810e+00
1.581722897019874e+00 3.991019493573830e-01

5
1.148850073778890e-01 -8.506339317420421e-02
-1.128898831943744e-01 -4.060099065019543e-01
4.732495562019489e-02 1.959326838820067e-02
-2.946229499013818e-01 1.780419805742306e-01
-7.722105951733153e-01 -1.018766854317252e+00
9.301741221228778e-01 1.197718663385642e+00
-1.725051481321570e-02 5.910911436102761e-01
2.943503033407118e-02 -3.854862572930672e-01
5.279064343262391e-02 6.135400418125327e-02
7.687162431110371e-02 -6.329945506908535e-02
-2.370272080007663e-01 -5.292598400429233e-02
5.225787422337705e-01 -3.488769610730082e-01

6
1.051205298454213e-01 -4.978582985784543e-02
2.068823213479547e-01 6.550231120709916e-02
-1.598413991878015e-02 -1.026927442370604e-02
-5.128930548144515e-01 -9.468712414273836e-03
-4.691853026977641e-01 -9.847057112182347e-01
7.043750316177240e-01 8.267548651834878e-01
-1.876857539891769e-02 7.472595191627037e-01
-7.709335333401567e-02 -4.429644390171890e-01
1.195653598236730e-01 -2.698177510234402e-01
1.800143320527727e-01 -1.975828031566161e-01
2.674377831992173e-01 2.161380376080301e-01
2.190575306811302e-02 -5.268270256707600e-02

7
-1.663958893235872e-01 2.977278989171121e-01
-1.481570867576076e-01 -4.622228797127173e-01
6.718256779715206e-03 7.888440579161612e-02
-2.937273198823087e-01 -1.495885374309264e-01
-7.112286701946507e-01 -1.108662982557050e+00
7.038810884129827e-01 1.455341884953016e+00
-1.923448345327373e-01 9.355333500478360e-01
-5.534299804211855e-01 1.889040616173128e-01
-2.227177222897467e-01 2.884837681651330e-01
-4.938832622962158e-01 2.759627605536620e-01
-1.375582629133786e-02 2.344243788011030e-02
6.489077867264639e-01 -8.042745465846239e-02

8
-1.929872132194798e-01 -8.080752097976823e-01
4.746340181813680e-02 1.703680685699492e-01
2.795588192467637e-01 6.941574859858346e-01
-1.097514006438973e-01 -4.418718406388027e-01
-2.852279360340367e-01 9.271392352807861e-03
4.634397469913702e-01 4.168245556900791e-01
-6.044161944960894e-01 -1.057533264216603e-02
-3.643339191105767e-01 -5.436504353739785e-01
3.117509434091934e-01 -6.214843362382227e-01
-2.546786120778798e-01 -3.655342127219269e-01
-3.962100960592920e-01 -4.408440432864378e-01
4.071013901671099e-01 -1.098959942555772e+00

9
3.313777586551718e-01 -2.391181185805188e-01
-2.172670685789282e-01 3.280049409961967e-01
-3.386652874060103e-01 9.145936892066684e-01
-1.477558771770180e-01 -4.016714653819389e-01
-7.850837747466052e-01 3.524642104052068e-01
1.333290411261500e+00 3.907015101494458e-02
1.172841241438646e-01 3.770105114809008e-01
-1.577254905262953e-02 -5.214808526019861e-01
3.810308666878379e-01 1.299199651005047e-02
1.597007743031907e-01 -2.114155340158895e-01
3.065254899514777e-02 -2.133928768727092e-02
6.270235527313480e-01 -4.295841841628908e-01

10
-2.794149262382626e+00 5.649283301498869e+00
-9.827263069484247e-03 -8.019049142051309e-04
1.122973621735768e+00 9.779820703431193e-01
9.455427818002668e-02 6.313796829916835e-03
2.119241499946467e-01 1.589624950446497e-02
-2.188097194838559e-01 -4.275706350105075e-02
-1.710158191863521e+00 5.924979638333727e+00
-2.823561421431395e+00 4.497431984520571e+00
-2.456747788189773e+00 4.952366771629251e+00
-3.242116140408049e+00 5.067022041092218e+00
-2.200415723156428e+00 4.809049827840578e+00
-2.230627224163891e-01 3.488995027251517e-01

11
2.709220012418328e-01 -9.771796606840751e-02
2.183813463899558e-01 4.506241560074918e-01
7.020288815465114e-01 1.109166822608458e+00
-3.761000141401034e-01 -1.029178734455181e+00
5.452286147819823e-01 5.449431732604157e-01
8.672265329721743e-02 1.035425641969814e-01
7.755405212028410e-02 4.637167588915584e-01
-6.401569656660945e-02 -4.283939319426195e-01
3.461298732865083e-01 2.699908309074111e-01
6.470246212593518e-02 -5.256830421593819e-02
-1.877530312936737e-01 1.199422022800165e-01
7.316430520026704e-01 -5.368748216270951e-01

12
1.463994671559679e-01 2.862754156227657e-01
-7.826363946320543e-02 -3.732104062365437e-01
1.689296207438234e-02 -8.345101873374604e-02
-9.349349005323970e-02 1.180379912111155e-01
-9.849907221106433e-01 -1.052657652141812e+00
7.457101148496239e-01 1.401272783084509e+00
9.479166117509993e-02 9.645506583137287e-01
6.413594019235537e-02 4.090074193972885e-02
-3.918332622350861e-02 1.847535901707173e-01
8.369772471503929e-02 2.677518009746634e-01
4.635345256261671e-02 4.740436497058106e-02
4.291980770912762e-01 -5.604356581059013e-02

13
1.430228365801865e-01 8.583648848360227e-02
2.428351906607199e-01 -2.430362176772908e-01
-6.752953826346448e-03 -1.433081660442377e-02
-8.716899561415832e-01 5.100919672891395e-01
-6.160125093571912e-01 -1.258235612930388e+00
1.113646215452578e+00 9.425224835142493e-01
9.015227851702286e-02 8.182526198422845e-01
-9.700463451167049e-03 -6.962303284597501e-02
-1.090239332660713e-01 -1.074328500024715e-01
4.740092947168884e-02 3.263985336515998e-02
2.644815910710149e-01 -2.350874120359141e-01
4.252157522466951e-01 1.153149989921408e-01

14
5.646080143316596e-02 -2.492001601052763e-01
1.214385768427103e-01 3.529763168164982e-01
-3.388661829891619e-03 -6.328650361673226e-02
-3.651683530709967e-01 -1.094301821573347e-01
-3.238332795196423e-01 -1.047586141918757e+00
4.524979177206152e-01 4.841009883176314e-01
-6.334325451372297e-02 6.040163854743609e-01
1.075641534940692e-01 -6.804819675178061e-01
-2.870551591650907e-02 -4.245487258354597e-01
2.767343260694455e-01 -3.820315872507108e-01
1.010963061377468e-02 -2.211357618779747e-02
1.119465380974366e-02 -9.063615225743046e-02

15
1.109076149351831e+00 6.744684497624927e-01
4.209835539947112e-02 -2.552929665154569e-02
4.054204430245319e-01 5.753883187296537e-01
-6.953937798711390e-02 -3.481185353638919e-02
-2.558371653884055e-01 -3.793932023091874e-01
2.945161094649211e-01 3.423994955203509e-01
8.070546486451177e-01 1.284883404407604e+00
1.013403438712994e+00 7.991047514914392e-01
1.147343583436022e+00 1.488244686818571e-01
1.129814152204371e+00 1.026853629803787e+00
1.126498747351371e+00 4.564531012349644e-01
2.495360607591677e-02 -2.873002159521699e-01

16
1.075634906973158e+00 -2.016812961077127e+00
3.409481364484804e-01 -1.681522158328307e-01
3.176924255080124e-01 -5.882457153195381e-01
-3.410983892513724e-01 -7.427721684944323e-03
9.942231811250810e-02 -1.132631195382535e+00
4.827130484724348e-01 1.041967923044212e+00
8.825556793003156e-01 -4.629656405712844e-01
2.748682271214101e+00 -1.839740048336370e+00
-4.751579119458695e-01 -3.288338659894130e+00
2.425161352369126e+00 -1.971205690912477e+00
1.044110810781253e+00 -3.223409572373419e+00
-6.470620103168681e-01 1.116758617795168e+00

17
7.002604946712009e-01 1.377184552721510e-01
-1.855607472097791e-01 2.173983698435501e-02
1.047214364968012e-01 7.189447245612757e-02
5.815528867662981e-02 4.443871388430019e-02
-6.401204103016250e-01 -8.096315658759412e-01
5.702409250171236e-01 6.184061930052394e-01
6.937137990588872e-01 9.309127418347174e-01
1.303359865001394e+00 -6.974384743424283e-01
5.544214615961343e-02 -6.465279372323490e-02
1.258825616745625e+00 -1.133589648343455e-01
-3.318775896972031e-03 3.796724890338297e-02
-3.435159641843186e-03 2.432594579933464e-01

18
-4.740774345432616e-01 1.558079007110677e-01
-2.732713526696979e-01 -2.175085487624498e-01
-4.026376524309758e-02 8.662948593353717e-02
2.161708652158091e-01 1.433982398443445e-01
-9.762413454491478e-01 -8.046680177473332e-01
7.265577793196830e-01 8.485405969561516e-01
-6.963854309498845e-01 9.443180191174736e-01
-7.492478544704385e-01 5.943661372559114e-01
-2.219800571106369e-02 -1.607606894067656e-01
-6.845467528651878e-01 5.459912260387050e-01
-1.787624967042739e-02 3.369601984314105e-02
1.937458125508092e-01 -6.366861371811797e-01

19
5.281443702688626e-01 -3.001412924747704e-02
-2.280659722375100e-01 -4.230785626934372e-01
-1.313428673808865e+00 1.193865671363211e+00
-1.155794783041287e+00 5.879136127384505e+00
-3.764904915610200e+00 -2.086863885161146e+00
3.892574028546954e+00 -2.830101457503779e+00
2.995723113319126e-01 3.495985552479093e-01
-1.945270806289378e-01 -4.388349779462743e-01
6.794403120768635e-01 6.344117458555544e-01
3.650616867924029e-02 -1.872570663416462e-02
-3.342517242861048e-02 3.222779351839409e-01
1.104485385302196e+00 -6.287617834220343e-01

20
5.233359327334974e-02 2.645908713684979e-02
4.957581411058923e-01 -1.414099985488858e-01
2.359134687421167e-01 4.275464940357708e-01
-2.589700185477713e-01 -9.217885614052113e-02
-7.945897589005513e-02 -4.248789959957246e-01
2.358190384671551e-01 5.139138442407671e-01
-5.116238148282578e-02 7.368528881188755e-01
-9.580733844849142e-02 -2.479483473732483e-01
6.666582244033227e-04 6.797032905878830e-03
1.989844527380985e-03 -2.111385633303453e-03
-3.914701336039269e-02 3.211389776110738e-02
3.840731138917640e-01 -1.941133550454684e-01

21
-1.840308933717212e-01 -7.611817832916902e-01
-5.357376879669800e-01 8.320241476033792e-01
-2.205222787433329e+00 -5.627073427942895e-01
-2.806788242293524e+00 4.866524850510904e+00
-3.971733918073744e+00 -3.007155300973615e+00
5.982198398081286e+00 -1.481013237205651e+00
-7.796686929821807e-01 1.005094755161217e-01
4.245982859871167e-03 -5.376147212107809e-02
6.422595604237603e-01 -7.545333440717873e-01
-3.431406990087971e-02 1.558122489793110e-01
-5.683460170655653e-01 -4.086387386713192e-01
1.058453673083605e-01 -1.723180736979636e+00

22
-7.765594393061349e-02 -2.839496762544325e+00
-4.791573227417668e-02 3.408877505738805e-02
1.216216598298816e+00 5.840515000662593e-01
1.313472029262590e-01 -1.404219958430169e-01
3.393644154896845e-01 -2.388951701779327e-01
-3.357976486582853e-01 2.638410018048287e-01
-6.047336835590149e-01 -1.543479474989285e+00
1.642313881211018e-01 -2.700289048920701e+00
-3.237148555245137e-02 -2.850762202542272e+00
4.377773302214745e-01 -2.689323934905036e+00
-7.626412653136329e-02 -2.203118380799639e+00
-3.836569182923977e-02 -5.547695506925455e-01

23
1.015560409510629e-01 -3.953328213883307e-01
1.926058392775173e-01 -1.533454125840842e-01
5.569526059883299e-01 8.972804475765195e-02
-2.722537130647016e-01 -3.355118727333529e-01
-1.165368058399024e-01 -7.376820262216548e-01
1.543538240387075e-01 1.217753411118750e+00
-1.723009670392907e-01 4.436967518850831e-01
1.016351234079251e-01 -5.504226688076400e-01
3.033482704964278e-01 -5.244682293741815e-01
2.815248099614956e-01 -2.664368601622489e-01
7.584704443763101e-03 -3.464653893407597e-02
6.708863386297147e-03 -5.267693141036376e-01

24
2.110364275935742e-01 1.632233827333197e-01
1.903957720321057e-01 -9.748119982438434e-02
-1.643539488694027e-02 2.671464797293174e-02
-1.401500585368026e-01 6.035176149703804e-02
-6.514810379144614e-01 -9.704945953850760e-01
4.278927030732231e-01 8.762510884864101e-01
7.077517921154468e-02 9.262613903797853e-01
4.819671212591149e-02 3.903972922754100e-02
2.014907860894402e-01 -1.761694559503773e-01
2.093226627945321e-01 1.849079958936806e-01
4.407444299396490e-01 1.168026086744909e-01
9.905767897357901e-02 -6.933496896003501e-02

25
2.086571343092152e-01 -3.989150289197760e-01
6.443911929700090e-02 -5.566014223004059e-02
-1.559521623160394e-02 3.061501280625828e-02
-1.509972702524897e+00 2.843566787811329e-01
-4.370909045436737e-01 -1.294514372809473e+00
1.676091808920123e+00 1.050964970483188e+00
-8.505700547681586e-02 3.506501552868878e-01
-1.222343723383360e-02 7.589289744438970e-03
2.771786427155342e-01 -5.252344618741293e-01
1.613822585890620e-02 -2.391483887027347e-02
3.170282464063945e-01 -7.039123227147216e-01
5.489604970986504e-01 -4.565083082841740e-01

26
1.516891689730744e-01 -4.503369047723538e-01
5.020132253653455e-02 -2.323385892338146e-01
-5.225313239600335e-03 2.852870334197182e-04
-1.156536331644367e-01 -7.320767146702115e-03
-6.003973946350408e-01 -9.731789741935521e-01
5.366146875992245e-01 9.881518993648601e-01
2.193329214266956e-01 3.173221606799708e-01
-1.562423084979663e-03 -2.712633427033144e+00
-2.523339253541403e-03 7.840840009026639e-02
6.882793143784631e-01 -1.639096605886840e+00
-5.679638208023949e-01 1.363575789190380e+00
-2.571580802130919e-01 2.253500430368071e-01

27
5.928568708625490e-02 6.631866895623896e-01
-2.244572210555859e-01 -3.019897712357467e-01
-9.333109206605662e-03 4.165766108051926e-02
-5.485676821022804e-01 9.153189940003721e-01
-1.006412441163268e+00 -1.117160909154160e+00
1.558754439726578e+00 6.338908994136294e-01
1.647895521178705e-01 1.450275177368516e+00
-1.690788724253462e-01 -2.128296005339061e-01
-1.301727741334501e-01 1.730407769092053e-01
1.978023052752595e-01 1.002476492355944e-01
5.252734748996519e-01 9.471341676847352e-01
-2.982744789692942e-01 5.747912712477328e-01

28
8.016273646614881e-01 -9.500932666880662e-01
1.483190762330997e-01 1.740948129456168e-01
-5.062284960669701e-03 1.052297660590230e-01
-1.330229453902248e+00 2.481212086488727e-01
-3.989741648450885e-01 -1.055318903321969e+00
1.509003892003741e+00 7.154225385267893e-01
-8.526688526670524e-02 -5.521734974864272e-01
-2.988134927024037e-02 -8.967294505080346e-02
1.985816879517563e+00 -1.771223148769301e-01
2.039161732384960e-01 1.725878155223371e-01
9.662776581574253e-02 -2.205567652262581e-01
1.098469031070813e+00 -2.301222079175503e+00

29
1.987305678622724e-01 -4.078441367366614e-01
1.677882431733253e-01 4.579355672852692e-01
3.224641839427757e-01 5.178911313092626e-01
-3.036362518839448e-01 5.137653985548242e-01
-5.553477414573769e-01 -2.943689767462075e-01
7.637901027768352e-01 -2.385245899273640e-01
-2.685660587301449e-01 2.190273177432887e-01
-2.475879439418210e-02 -5.084296538778107e-02
7.526505737207366e-01 -1.237936538231900e-01
2.002011723019911e-02 2.141471073821472e-01
-2.683690370856373e-01 -1.548310328933196e-01
6.080052671896438e-01 -1.318072730542267e+00

30
1.959989588442652e-02 2.013044299259547e-01
9.972746270881374e-03 -4.326909416907504e-01
-5.348025369740669e-02 5.578889580018973e-02
-2.135409029557439e-02 2.247733171107499e-01
-8.275962956226973e-01 -1.075898133961207e+00
5.568396053486447e-01 1.043706269983508e+00
-8.968563955953633e-02 9.435423280841880e-01
5.631575485944457e-02 3.665277230413460e-02
-8.035378189872525e-03 3.788889704633809e-02
7.130604440413826e-02 2.861207059209032e-01
-9.051052218545803e-02 9.449737917593234e-02
2.332368192728198e-01 -2.694999500522152e-01

31
-5.758174415501581e-01 -1.253409159999689e+00
2.664699709150187e-01 1.502414650457263e-01
6.123460390213149e-02 -7.880033804064851e-02
-5.362942007574492e-01 -5.187219145373465e-01
-4.811857504837286e-01 -1.210231204774253e+00
1.902196469526117e-01 1.438742597494360e+00
-8.716254154078842e-01 3.846202046616379e-02
1.800681559960861e-01 -2.901561272646331e-01
-7.159182195406552e-01 -2.027980139503986e+00
-1.211834609852574e-01 -6.225186141822330e-01
-1.703953616747480e-01 -2.071964739940834e+00
-1.414179633805392e-01 -3.593178937776255e-01

32
-9.327637425632944e-01 -2.121619442395621e+00
9.879612337671650e-02 7.958166904178591e-03
1.892809141457997e-01 9.174004704508123e-01
-2.741101847835016e-01 -1.110911714173802e-02
-4.092817893487208e-01 -1.678785456363969e-01
5.626429304925546e-01 1.568499348720846e-01
-1.343904314805173e+00 -6.835171619219957e-01
-2.993393092581659e-01 -1.950095184858805e+00
-5.745696147872136e-01 -2.513875016091975e+00
-1.491937298201141e-01 -1.885874097639581e+00
-7.275672941111092e-01 -1.439234876296032e+00
-6.846105219217339e-01 -7.671569581835487e-01

33
4.472300901875479e-01 -6.384201296144748e-01
9.813843254894881e-02 5.429580127172316e-02
3.509375111668103e-01 -2.107541030376192e-01
-1.666792986258772e+00 -4.477203499225411e-01
1.592187835383017e-01 -1.338263924903515e+00
1.263692592765560e+00 1.614525620209048e+00
-8.652506412998456e-02 -1.142672964334073e-02
-1.273939975602907e-01 -4.782009411664741e-02
9.947914839304310e-01 -4.803775128071459e-01
6.075225783055407e-02 -1.396552311537672e-02
4.200480131883126e-01 -4.707799921047803e-01
6.942406190159286e-01 -1.103037799224412e+00

34
7.694376097201798e-02 1.740280390985871e-02
2.404212379480810e+00 3.669855083806901e-01
-2.627010305782399e+00 -2.403924953661890e+00
-1.132539413428314e+00 3.076513359382884e-01
-1.400743308990278e+00 -1.898683385965227e+00
2.041506909527038e+00 1.707559048944926e+00
-2.302467442685045e-02 7.269797056111710e-01
-9.398590707367589e-02 -2.534698034148483e-01
3.546646024126502e-03 -1.307469302769108e-02
1.198997774698108e-02 -2.452155115640459e-02
1.720392467830783e-02 2.591771631214517e-03
3.965908398055659e-01 -1.509658045065372e-01

35
-3.002630392355950e-01 4.617900912601617e-01
-1.119470441290261e-01 -2.363667773979509e-01
1.353869155345382e-02 1.301486233036151e-04
1.209527769722531e-01 2.707370769153498e-01
-8.151516429393616e-01 -9.402859592964261e-01
6.214771020609056e-01 7.752335622711160e-01
-6.200189374405215e-01 1.255148350277425e+00
-1.087983348892970e+00 1.497996939156197e+00
4.099843745281353e-01 -3.922519140145286e-01
-8.290675097008546e-01 1.032542607662983e+00
1.142734360139061e+00 1.238103360533990e-01
-1.748266329031714e-02 -4.449680575008585e-01

36
8.273621604701707e-02 2.833753992191549e-02
6.692411078621696e-01 -7.083836788494502e-02
2.647978526820205e-02 2.196796623051884e-01
-2.910406998134993e-01 1.533132155905772e-01
-2.677927731535057e-01 -5.728308450875611e-01
3.708286895444490e-01 4.426791704484408e-01
-2.457160241629993e-02 7.316030000749617e-01
-6.983030069656375e-02 -1.601464014455002e-01
-1.011180736388017e-04 -7.091132602141960e-03
-2.792589442439206e-03 4.227693032656725e-02
1.124252248913652e-02 -7.702821189698113e-02
4.458892279798690e-01 -1.794341876088539e-01

37
3.041837921673646e-01 -3.385091831944106e-01
2.592723112359764e-01 1.322038882969967e-01
9.659904224988998e-02 1.616300462166875e-01
-7.392800956436730e-01 1.879989934205647e-01
-4.136849107140455e-01 -7.736456091615846e-01
9.701721404623300e-01 5.845100834823043e-01
-1.485258306311092e-01 3.001804586879791e-01
-7.001773000557928e-03 -6.153380281329220e-02
8.370683406721821e-01 -1.733941528356001e-01
1.316231399119227e-01 1.829584265415009e-01
2.014349572857584e-02 -1.941523887042692e-02
4.748799123895751e-01 -1.135932008323074e+00

38
6.666161939032639e-02 6.745266262490734e-02
3.109021972591215e-16 -3.207763441478560e-17
8.624314363209111e-01 1.026775608290531e+00
-5.709517218506370e-17 -1.478231301512229e-16
1.345491985271478e-16 -2.766432080918353e-16
-1.616534541706960e-16 3.699093880617933e-16
-2.273856769296864e-02 7.805258759946581e-01
-1.267404112599879e-01 -2.220626485883747e-01
-1.128437815695089e-18 -2.514766343327688e-19
1.013851737590715e-18 -2.565725512983931e-19
6.666161939032640e-02 6.745266262490734e-02
3.538411087004695e-01 -1.090652611178193e-01

39
1.501533039829222e-01 4.386531539696049e-02
-2.360754807870492e-01 -6.690857078148794e-01
-8.401781539998718e-03 -7.517133114699329e-03
-1.493141931962513e-01 7.974368679336100e-02
-8.606934099310758e-01 -1.159099125420546e+00
8.437598602889169e-01 1.509683146817511e+00
6.827486402531630e-02 5.751374390593926e-01
-4.807006914781315e-01 1.979990536467397e-01
-4.954055706612761e-02 2.220743326287393e-01
-4.643531264629795e-01 1.326414638560985e-01
2.715881397606840e-01 -5.486317386623170e-01
1.177232104245437e+00 -4.412797788825355e-02

40
1.344466063015384e-01 5.393367059108957e-01
-1.147727800804019e-01 -1.533263603394942e-01
2.696249552583239e-01 1.791042663174781e-01
-1.746559732131560e-01 -3.430430709752304e-01
-5.732237436140053e-01 -6.331913566058044e-01
5.964309804471828e-01 1.267041738607737e+00
1.220482342555130e-01 1.135431821174528e+00
2.488412108154149e-02 6.386922953405831e-02
-2.283997166868445e-03 5.867778985540346e-01
5.975292056456054e-02 4.436084230253356e-01
-1.665772882623773e-01 4.643841729337986e-01
4.686578635359138e-01 -1.384967403475928e-01

41
1.124573499612127e-01 3.655321724028372e-02
-6.815537056000835e-01 -7.148027143170903e-01
-7.733741833896032e-03 -1.241115353485369e-01
-4.882217299613139e-01 1.522945213900044e+00
-1.714467896409573e+00 -1.927411886810978e+00
1.710710181694932e+00 1.138805860366266e+00
-9.672607363048546e-03 7.322070813588298e-01
-1.629464335808163e-02 -3.218621552764978e-02
1.462819127504008e-02 -1.441859197125946e-02
6.978509691768558e-04 1.306042346310449e-01
3.111685019395614e-02 -1.946674477593962e-01
5.076530969537039e-01 -2.141618348807970e-01

42
1.781585191571099e+00 3.527597716885204e-02
-2.282463737279054e-01 5.323929649086702e-02
3.788017817315162e-02 1.094758282315673e-01
9.559338128788630e-02 -5.930378259272089e-02
-6.738770128621059e-01 -6.816214548330951e-01
6.570746286693382e-01 6.109435705875498e-01
1.759652748532290e+00 6.549550710469240e-01
2.109374668402078e+00 -1.234219220995670e+00
7.326360478288899e-01 1.099662022235916e-02
2.255759666431972e+00 -5.139195650531612e-01
8.525818274745004e-01 2.588868867711570e-02
2.744788030639777e-01 7.255313602001936e-01

43
1.249675444520209e-01 2.274851411025174e-01
1.757680673908812e-01 -2.307171711659607e-01
-1.400951325679227e-01 5.872637105524002e-02
-9.732088790044727e-02 1.010851152012712e-01
-7.599921353289950e-01 -8.648163951875785e-01
6.250092690365655e-01 9.116713953770156e-01
1.400575724415725e-02 9.465023082760482e-01
3.448005649361614e-02 8.013328191024904e-02
7.958944048168547e-02 3.361384213905953e-02
1.001316912175655e-01 2.813134159086544e-01
1.359493324513041e-01 9.823228763083634e-02
2.689268631012012e-01 -1.690319902024197e-01

44
9.751153839674109e-02 1.741131895035851e-01
2.186514998689894e-01 -4.137697750869838e-01
-8.730715179832434e-02 8.479645461438176e-02
-1.533063768007730e-01 1.324116074248492e-01
-6.456987541703192e-01 -1.013525274353581e+00
4.949584507596205e-01 1.009168991983281e+00
-1.913232246426788e-02 9.032004434077274e-01
9.839698116314168e-02 3.210579430679302e-02
3.886647306912228e-02 1.796021453759612e-02
1.179740382445836e-01 2.618036511839201e-01
-2.940478535518414e-03 2.872480406644694e-02
2.853015559268131e-01 -2.366658469313672e-01

45
8.623093705091867e-02 8.628061380225042e-02
9.140042420925290e-02 -2.327135669215130e-01
1.056973422756024e-02 2.081480965446457e-01
-5.205579185544116e-01 2.478652784496624e-01
-6.301992182007361e-01 -9.177621792063640e-01
9.282888006341478e-01 8.391134341547831e-01
-1.705485758276197e-02 7.986146639957583e-01
-8.665421292444385e-02 -2.185047773986083e-01
5.482998081329846e-02 1.699402900275753e-02
4.726828391836327e-02 3.284980502527961e-02
5.340712626098232e-02 1.399106438970714e-01
3.089457706378190e-01 -1.600504504666062e-01

46
2.449299929338715e-01 4.356322786933975e-03
-5.849786275881702e-01 1.884201653585792e+00
-5.017659556297031e-02 1.945418299650703e-02
-3.902604382733740e+00 -1.397801880978068e+00
3.590017291140966e-01 -6.410826684532536e-01
3.932919614142402e+00 1.098301070961201e+00
1.759291460746113e-01 5.322311684341668e-01
6.045281914149950e-02 -4.645027690708817e-02
-1.156073731970096e-01 3.655833546357309e-01
-1.071846589149072e-01 1.345178829175148e-01
-2.707683711132540e-01 -6.028477574394284e-01
1.210248239567145e+00 -2.277649445050576e-01

47
5.458016856504457e-01 -4.526899901584591e-01
4.811390202346150e-02 1.560280017158764e-01
1.330323365380238e+00 -1.356222324975459e-02
-3.262900693865097e-01 -2.202431758715874e+00
1.189362204270235e+00 -1.970073680397076e-01
-6.576878180488597e-01 2.097837306663041e+00
7.925058161040355e-02 -1.328922959321783e-03
-1.185437859098088e-01 -3.451232832955599e-01
1.050631085743154e+00 1.579893325751379e-01
9.024801420260435e-02 -2.128581600420915e-02
-2.558652981206209e-03 -9.770362321026694e-03
1.000553141452523e+00 -1.202596920733361e+00

48
4.300439344944720e-02 5.688915888721124e-01
-6.347296362795968e-01 -1.073771706540743e-01
-3.034564139846339e-02 9.383149479530210e-02
6.502526599389490e-01 1.773658644322377e+00
-1.316838108792436e+00 -9.210810844549732e-01
1.263619834131751e+00 -8.596514339720716e-01
5.758696769619602e-02 1.329118853149393e+00
-1.099600572969417e-01 -9.767261446472371e-02
-3.977654073448322e-03 1.988637068691724e-01
1.658611826029466e-01 2.375746607883839e-01
2.910611857221175e-01 8.334579159530824e-01
-1.807035117777450e-01 1.984536194080600e-01

49
2.397095339557712e-01 -4.964608571151713e-02
1.542709035122954e-01 -5.574155649097178e-01
7.193535003423209e-03 1.460033475402941e-02
-2.215567533244487e-01 4.891042311021853e-01
-8.102535073148193e-01 -1.156418881422436e+00
7.038407611361591e-01 1.083763980359505e+00
1.398002292916573e-01 5.950191963431581e-01
5.048009646652020e-01 -3.246218997759950e-01
-7.677055816107936e-02 2.131109445198775e-01
3.068742436040963e-01 8.432064028158982e-02
-5.799306893792654e-01 -3.666398264433388e-01
7.458940132438477e-01 -4.033462298438835e-01

50
1.334588662689971e-01 6.111739762025233e-02
-1.864418648212474e-03 -2.391512543648452e-01
-2.988915574713080e-02 -3.141514488698710e-03
-4.684309005887860e-01 3.883616484965596e-01
-8.467486610228486e-01 -1.071126748052071e+00
1.083408386251330e+00 9.860049657674009e-01
3.787838706091675e-02 7.482083373545997e-01
-2.349920852595545e-02 -2.063845224234455e-01
2.406131169146886e-02 5.251537047754753e-02
5.621614054497145e-02 3.291617254700643e-02
1.588047250470269e-02 -9.914728356780639e-03
4.519701667974716e-01 -1.484664205502269e-01

51
3.341458534773496e-01 -1.300288898109144e-01
4.728102213060356e-01 5.877817247311405e-01
-3.510314111182448e-02 -2.565629086502702e-02
-2.071926105304642e+00 7.183357407282347e-01
-2.564064373180676e-01 -1.265473019497715e+00
1.972276732654932e+00 2.532274614953252e-01
8.023461735506009e-02 2.640017496096483e-01
1.235988890957461e-01 -3.727760699779044e-01
4.382243074122838e-01 7.366035473485055e-01
2.270290873532229e-02 1.737943754125140e-01
-8.609966788880307e-01 -3.191472631434510e-02
1.286858533221059e+00 -1.084159540106229e+00

52
7.524307896001652e-02 9.079673612867385e-02
8.075737402364784e-02 -2.231156989932717e-01
-1.528035991451227e-02 -7.022420123633796e-02
-5.962659540394729e-01 2.212882603831038e-01
-6.674328411355964e-01 -1.133634093762409e+00
1.012304702169922e+00 1.106609886811180e+00
-2.378691855087707e-02 7.972883298044401e-01
-9.524642037339213e-02 -2.469951570026943e-01
4.733587418047191e-02 4.858442478301381e-02
3.989124477054561e-02 2.487088393222409e-02
9.296750883709255e-03 1.714660405744746e-01
3.167270377749369e-01 -1.732833320216929e-01

53
5.989657754825329e-01 -2.697521385674929e-01
4.834962664050171e-17 3.777329370309596e-17
8.624314363209112e-01 1.026775608290531e+00
-6.407159324197810e-17 6.353579516781212e-17
-7.922836127295714e-17 -4.767332663738661e-17
1.314329234290150e-16 -1.732995195121465e-17
1.375244086257512e-18 -1.892605120884964e-18
6.030451138561950e-19 -4.613443360839690e-19
1.414550144470661e+00 7.477079488889257e-01
4.987035207967994e-02 5.322890350517923e-01
-5.989657754825329e-01 2.697521385674929e-01
1.333137722165137e+00 -2.000249309578131e+00

54
-1.916159296620563e-02 2.071569693694822e-01
2.775197965930106e-01 -3.722013113160970e-01
-1.326695747399330e-01 -3.323265806174165e-03
6.399808208927912e-02 6.288381331794286e-02
-6.101571891330710e-01 -8.670121618362903e-01
4.119141658888305e-01 9.223028344061220e-01
-1.381366223670991e-01 9.200234640656036e-01
-1.349107150358911e-01 1.784385603940616e-01
-3.181271620384086e-03 5.829099836340515e-02
-1.098459418821109e-01 3.356615998114021e-01
1.909040563435234e-03 1.760216747513457e-02
3.609526115550021e-01 -2.770368525585728e-01

55
6.956071138204853e-01 -5.560521121090515e-01
2.120795653423079e-01 2.104946429609684e-01
-1.056178046324186e-02 3.697719073691154e-01
-8.096574964174561e-01 4.047359737150733e-01
-5.444682313234001e-01 -6.584108001604027e-01
1.206950701883923e+00 2.227397004837290e-01
-7.459980386287565e-03 -1.783878838178844e-01
5.519468085236039e-03 -4.921104167674435e-02
1.625404596103414e+00 2.014743635665632e-01
1.774876659862983e-01 3.196585008894311e-01
-1.086063276254980e-01 5.490966674885534e-02
1.075132385857199e+00 -1.957984089123698e+00

56
8.518754575974140e-02 1.301218560497136e-03
-1.146882876635731e-01 -2.050463060968653e-01
-8.375096384105324e-03 2.380273922863121e-04
-4.038991769958094e-01 4.487061455365965e-01
-9.302242573518238e-01 -1.055544617696538e+00
1.147520194565472e+00 9.274845120340506e-01
-2.329821704997770e-02 6.712441838749563e-01
-4.367988250098623e-02 -3.011051531502836e-01
1.494480161927441e-02 1.126150808599691e-01
1.396302461884331e-02 -4.180933930321055e-03
-1.859195207330636e-01 3.471886528077145e-06
5.190617299342519e-01 -2.824005490636398e-01

57
2.540372821146589e-01 -1.951236478661953e-01
5.757837362022989e-01 -2.959737349508050e-01
-6.816404247877007e-03 1.147290498607957e-02
-5.266282480179497e-01 4.063016560280114e-01
-4.281098696815078e-01 -1.001858774143091e+00
6.445188570594362e-01 7.881831949593284e-01
2.072469072315094e-01 8.164390389489165e-02
-1.148433425241556e-01 -1.166208792794793e+00
2.283964343120730e-02 1.172394772391932e+00
-1.546247028323732e-01 -3.996270613675081e-01
-1.311077076738003e+00 1.021600933358646e-01
1.713631276323795e+00 -7.089399142435148e-01

58
1.782832507191649e-01 -7.129893462860479e-02
-2.864854723789116e-01 -4.790718759104376e-01
-1.002010744820488e-01 -1.086923370619866e-01
-2.737531610607472e-01 4.554707371812483e-01
-1.121554781319703e+00 -1.221647998064493e+00
1.243215515295179e+00 1.264907542411472e+00
6.549450137785776e-02 5.593273367657658e-01
-1.660459904217003e-02 -3.642482987659706e-01
4.930336267114423e-02 1.341063077079561e-01
3.258758945773061e-02 -7.952247681017482e-02
-1.526349039441200e-01 -1.303818290923313e-01
6.873144889284436e-01 -2.623196296366165e-01

59
3.379298636815646e-01 -3.545727254451363e-01
1.458230113673249e+00 -2.212279063194556e+00
1.779958143082336e-01 -5.878037547548058e-01
-9.393191244620129e-01 -6.602434168572600e-01
9.518351139772957e-01 -2.401202239993756e+00
-9.304555103657844e-01 3.325126688444328e+00
-2.657611461334449e-01 7.633035957457365e-02
8.482863937863157e-02 6.154165502336703e-01
1.004345357025503e+00 2.644700424874086e-01
-1.616397388925436e-01 8.029291197754811e-01
-5.684965854106830e-01 -5.960652835688561e-01
1.310951669047663e+00 -1.942341238502300e+00

60
4.968629637210862e-01 -4.210461245870816e-01
-1.520002405305213e-01 1.296809534972273e-01
1.563168934872415e+00 1.427146038796914e+00
2.948714189940563e+00 -6.392504624956019e-01
-1.728866779173250e-01 1.649486681414531e+00
-2.268013800290402e+00 -6.655049161764589e-01
7.510171043152598e-02 3.415775754483588e-02
-1.889840214492114e-01 -3.779907852306542e-01
9.381846620218453e-01 1.810102596378254e-01
2.708831672342905e-02 -6.742274449642058e-02
4.882437541921989e-04 -1.000261605121656e-02
1.014910723535147e+00 -1.078518274896198e+00

61
-4.968779482247619e-01 4.453758273993122e-01
5.774252166141757e-01 -3.446797275197616e-01
2.588315907438456e-02 -3.015627217995298e-02
-2.227916950652726e+00 -1.071390943202402e+00
-1.495863795302915e-01 -1.399760389558372e+00
1.267782882491713e+00 2.967739501189949e+00
-3.674342358631578e-01 1.361804703740157e+00
-2.791366250291682e-02 -2.173694426533635e-01
-7.639231041583101e-01 6.154786649469579e-02
-6.570409621770189e-02 1.671325594994048e-01
-5.808444084847815e-01 3.917252781804080e-01
-2.425981000349776e-01 1.611532967497519e-01

62
5.255132228398774e-02 -3.415339156254499e-02
-8.132542957164033e-01 -2.453774245704172e-01
1.670915207921907e-03 3.120020009411179e-03
-3.150241807678794e-01 -1.382670213118763e-01
-1.112756394051582e+00 -1.032667443647184e+00
1.448215299351175e+00 1.509693150909241e+00
2.966122798289979e-02 6.400372441320736e-01
-4.935970781150984e-01 -3.811900171852320e-01
-1.310624145512747e-01 -3.794656264902900e-02
-2.554975002390694e-01 -2.987043091634271e-01
3.464106701928046e-01 -9.618611989907946e-02
5.947002316453865e-01 2.294098783218432e-01

63
1.683703290991619e-01 9.013296983867428e-02
-9.009563999010305e-02 -2.413542855797233e-01
-9.595468838553124e-02 -3.366449154444526e-02
-5.594419864218541e-01 5.562779394893960e-01
-1.015281409629929e+00 -1.167092616301041e+00
1.323764462646778e+00 9.853851987891553e-01
7.280424271747721e-02 7.759736213004912e-01
-3.934222188977909e-02 -1.235397841245398e-01
4.829333761354170e-02 2.650711528178738e-02
5.360981362716229e-02 6.625898289098832e-02
1.516001926400583e-01 -3.748237157239100e-02
4.530792405817086e-01 -8.721019498603218e-02

64
6.817545200782392e-02 2.183761425255451e-02
2.849228458148511e-01 4.330919627650228e-02
4.328772963868617e-01 5.816276713999224e-01
-2.053686793984746e-01 4.708918577192007e-02
-1.625361545831580e-01 -2.789553114009879e-01
3.038236215394113e-01 2.405506517799630e-01
-3.427090438693738e-02 7.296675269169277e-01
-9.466553226645913e-02 -2.353175708962311e-01
1.454938205091641e-03 -3.381251470844443e-03
1.994489829650483e-03 -5.757622836500353e-03
-4.288770488455686e-03 -1.630303684168534e-03
4.043847143933322e-01 -1.717119117695058e-01

65
1.043870737589669e+00 -1.492453827762155e+00
-3.134908399018075e-01 -1.469601638353553e-01
6.700954067044883e-02 1.982745175859611e-02
1.072759228805481e-01 1.968579009788410e-01
-9.541056339982613e-01 -7.533025915026997e-01
9.115950472181883e-01 8.640676451904847e-01
7.146821297233740e-01 -1.389917307629950e+00
-9.597400804042386e-01 -5.618648594079197e-01
5.300666452607200e-01 -1.800556651513163e-01
-8.755697453777350e-01 -1.185311557007298e+00
1.098721190313643e+00 -2.738793292728438e+00
3.427866415451041e+00 -5.892022108244279e-02

66
-7.498900580557758e-01 -7.771932876703853e-01
-3.364729895039702e-01 -3.430552029457918e-02
9.233383547316307e-02 2.084401593477953e-01
2.740121869501866e-01 -2.252721352056783e-02
-8.775146523471826e-01 -4.760379977313903e-01
7.374677834828974e-01 6.935169658030866e-01
-1.148804396124431e+00 1.973273114225148e-02
-8.179674879645527e-01 -3.299015783256252e-01
-5.587974960632917e-02 -4.157391595797665e-01
-8.704347512985148e-01 -1.539051263125152e-01
-1.115797608143540e+00 -4.814313976151547e-01
5.705819942844060e-01 -1.495151440707774e+00

67
7.854401819523471e-02 9.145090666929939e-02
8.685638613197011e-02 -2.185711299609956e-01
-7.864827250328959e-03 -9.912176807085132e-02
-6.056636563396552e-01 2.145565686461237e-01
-6.583449335941861e-01 -1.154429110996908e+00
1.007091484747766e+00 1.132405775217727e+00
-2.182370125004070e-02 7.980357322959231e-01
-9.441001426458742e-02 -2.412568607513779e-01
5.208031260839122e-02 4.555994943129257e-02
4.162425257010778e-02 2.787220833351273e-02
1.798457665628219e-02 1.700933265230103e-01
3.154490626493384e-01 -1.729142237680324e-01

68
1.258671965848389e+00 1.027871311475285e+00
8.386810962709880e-02 1.597657106047129e-01
4.887794959888126e-01 3.973373147680750e-01
-2.907859820660428e-01 -4.534942056733029e-01
2.152491825939324e-02 -3.120312104425399e-01
3.462219886776052e-01 6.067027651813758e-01
1.256453118103684e+00 1.083987692337179e+00
2.530588012938810e-01 -8.800815394003651e-02
9.923739446469261e-01 1.828946004577118e+00
5.732969376968166e-01 5.906930181661310e-01
4.635925830943574e-01 1.287730721106600e+00
1.386287552280318e+00 1.018443334031977e-02

69
7.673996377508290e-02 -7.294459726298706e-02
-2.359718121470404e-01 -1.126059905036383e+00
9.733199947725987e-02 1.185665568246377e-01
-3.081099891418591e-01 -1.093730995546633e-01
-4.876482094260700e-01 -1.298412067439096e+00
6.975673202085786e-01 1.830634463994948e+00
-1.015956445166597e-02 6.107046325721218e-01
-1.944175636842035e-01 -4.492519221324586e-01
-1.475963430917548e-02 1.377615117866014e-02
-4.389747418804581e-02 -1.984636727907943e-01
-1.483696501482138e-02 -1.161276101419077e-03
4.998891438107472e-01 -1.156255170099302e-01

70
7.978515855985562e-02 1.812041573071817e-02
3.486394223033832e-01 2.000315118417192e-01
5.242972935728929e-01 3.816411250390435e-01
-1.701808332712552e-01 5.304773125458017e-02
-1.285384015684131e-01 -3.198443683440118e-01
2.185108507392153e-01 2.582864865147255e-01
-1.889134376053542e-02 7.212538909813336e-01
-8.403478148160598e-02 -2.241524346278099e-01
-1.061007930508656e-02 -1.254553397571758e-03
4.637906772172106e-04 -5.335034655646526e-03
2.519799988422991e-03 -4.584675278544020e-02
4.384809712459202e-01 -1.555904475632181e-01

71
1.117679631745300e-01 -1.262742601408374e-01
-9.166879480850408e-02 -3.634931587413859e-01
-2.423356305034397e-02 1.094238904281075e-01
-1.799504005213587e-01 6.260568974554126e-02
-7.724700296671977e-01 -8.089142210098473e-01
9.142572424728127e-01 1.094131805244958e+00
-6.793613343168365e-03 5.436045149167582e-01
-1.136248322811975e-01 -4.701072042371925e-01
4.650533019625772e-02 2.726373444002889e-02
4.208861671940748e-03 -1.857342593015847e-01
-1.105343440584478e-01 -4.348248772019623e-02
5.497042830138459e-01 -2.430429275755977e-01

72
-3.699789430782037e-01 1.172385157983533e+00
-1.301275548638824e-02 -1.634061798470237e-03
8.576741181030914e-01 1.144868086071898e+00
-3.608103191183588e-02 2.801611067933827e-02
-4.293889504999317e-02 6.048223778441687e-02
4.279205802637596e-02 -5.433102847877978e-02
-2.537815403327423e-01 1.807360931942914e+00
-4.083717113901280e-01 7.311594371624182e-01
-3.865082479884140e-01 9.453254430669245e-01
-4.273791662545819e-01 1.060098560821066e+00
-3.613590588413215e-01 9.764729958691800e-01
1.841345380174579e-01 -6.358196487730805e-02

73
5.023580621586816e-01 -6.934826403145575e-01
7.503800948547505e-02 2.196755041935319e-02
-1.791213267018543e-01 -2.300271389388769e-01
-1.944294523321062e+00 1.982081726583476e-02
-3.525032520719842e-01 -1.528623884715847e+00
2.012171155697712e+00 1.443677964036980e+00
-1.108269836594694e-02 -1.064241710547569e-01
-1.563086071704436e-02 1.164396840762361e-03
8.858478535715010e-01 -4.283124473553935e-01
4.430697335645547e-02 -4.399629927045320e-03
3.150094895975438e-01 -8.147747481521670e-01
9.811170754755241e-01 -1.079044954362925e+00

74
7.456103108546490e-02 2.345887524816464e-02
-2.120281559603932e-01 1.694142183100202e+00
3.535439126628419e+00 -1.508121486222675e+00
-1.425013356168299e-01 -1.026976675407065e+00
1.616396747593905e+00 -9.631448775547855e-01
-1.540435330448601e+00 1.605669859237570e+00
-2.525396861779156e-02 7.339860023823426e-01
-1.006469322673479e-01 -2.499861484033148e-01
6.432665065348470e-03 -1.270220356241050e-02
1.010675660122977e-02 -2.132275619689536e-02
2.452508590986411e-02 1.616796356105496e-02
3.869320564636932e-01 -1.487751737212229e-01

75
1.971055195207017e-01 2.401399307037241e-01
-1.015239831120911e-01 -3.100110677561304e-01
-8.099595586224477e-02 -1.019608804230577e-01
-2.232834611208074e-01 2.353092341124496e-01
-1.070401595752704e+00 -1.047985753231684e+00
1.026012464330954e+00 1.303681173698401e+00
1.238043734900027e-01 9.173966557245161e-01
7.376902394956096e-02 2.831198744418741e-02
2.960509863745131e-02 1.303342329441761e-01
1.158021062770252e-01 2.359274916469271e-01
1.333541664229883e-01 1.646540475430193e-02
4.316075495642204e-01 -6.270949664833797e-02

76
2.152862510382264e-01 5.344820625195474e-01
1.483825389648295e-01 8.299214474659654e-02
1.881751921779270e+00 1.087579314542197e+00
3.626212226098467e-01 -8.970848663943034e-04
9.016745987691097e-01 4.101122493024332e-02
-1.268994678089885e+00 -3.859806270929168e-01
1.663513779867584e-01 1.151581762693216e+00
2.486818266481711e-02 8.051281019853468e-02
1.578744558125185e-01 4.718903333418822e-01
1.492185696472389e-01 4.314409612943274e-01
8.298321599354803e-02 5.699540584970042e-01
3.177671012633290e-01 -1.128226602536291e-01

77
-4.552732503196648e-02 -7.522644205765017e-02
6.189298560175646e-01 -2.987380306466791e+00
4.941212925719134e-02 -2.496411129134530e-02
6.399135459560004e-02 9.052043267922288e-02
4.739625992925157e-01 -2.369523668055799e+00
-8.836373738399022e-01 2.571042297513846e+00
-1.692695160745834e-01 5.757147854356398e-01
-5.797949889355765e-01 -1.712186566283981e-01
1.065643043067991e-02 5.032356816193247e-03
-3.999320878962253e-01 -9.053321559856725e-02
1.347679541647429e-01 -1.006045351582051e-01
6.565765943872937e-01 -1.940018315224474e-01

78
0.152069014336246474759e1 -0.400440370536211787383e1
-0.256049732957413363274e-1 -0.135224588080217468459e-1
0.992675111883206613738e0 0.915068575650595531976e0
0.440552910752844257991e-1 -0.252379590569396238652e-1
0.106926070351099438232e0 -0.762487508086708406840e-1
-0.116610691535065271997e0 0.782332139767263340645e-1
0.646149913445618716626e0 -0.302574309482222795088e1
0.812102593953760098773e0 -0.305635303494546222152e1
0.120389522315104833530e1 -0.352118370283464377163e1
0.119023332842589840068e1 -0.351580071453514278012e1
0.155450197984756159804e1 -0.401409701209484267703e1
0.140833532460887598094e1 -0.428551709245483494417e0

79
5.155685631527611e-01 -6.424896950036335e-01
-1.225181343499110e-16 5.566166578016441e-17
8.624314363209126e-01 1.026775608290532e+00
9.510201189318522e-16 -5.925687914143614e-16
7.905743831031603e-16 6.151294715337621e-16
-1.562864640439451e-15 -1.213260951023692e-16
-1.004813870580421e-17 -4.150131719941532e-17
-7.178274929213899e-19 1.383968916992411e-17
9.450664738891728e-01 -5.524300123953779e-01
1.437323563731211e-01 -1.278967997944409e-02
5.155685631527611e-01 -6.424896950036335e-01
7.166120157751924e-01 -9.812914034126120e-01

80
1.887816556772226e+00 -1.891926834198483e+00
-2.018841805068091e-01 -6.487639266291083e-02
1.260207496446877e+00 8.898307538484773e-01
1.593522283102984e-01 4.738872116841387e-02
3.047009100883491e-01 3.340279256441508e-02
-8.954188621751075e-02 -5.057205338078161e-02
1.142854781266117e+00 -1.225472848295002e+00
1.139007944919545e+00 -1.336898632829502e+00
1.863342291403681e+00 -1.718135824220162e+00
1.557113129705302e+00 -1.419052394815318e+00
1.831717550592218e+00 -1.753871892829521e+00
9.238479042807787e-01 -5.151899088424829e-01

81
1.019114340561723e+00 8.813877165432106e-01
4.951195662904409e-02 -3.282237741490086e-02
3.477330960377800e-01 7.822734505507353e-01
-1.764493231136908e-01 -4.353778429729979e-02
-3.051955276344834e-01 -2.269460238038048e-01
4.343495584783708e-01 2.706161625889271e-01
7.965173549123771e-01 1.232176529820895e+00
4.360154199959652e-01 4.904800297778431e-01
1.186328218063733e+00 9.930420038999573e-01
6.980002729827254e-01 9.582012471518390e-01
6.917133781403119e-01 1.113160424846808e+00
5.456089898155683e-01 -4.334161535033276e-01

82
1.467355835159743e-01 -1.280222030084615e-01
1.700251321144641e-01 1.319845880451059e-01
1.083465898295713e-01 -1.003391071433792e-02
-4.148266054430772e-01 -3.970425515322828e-02
-3.003395356957740e-01 -1.010693709224157e+00
4.803808429194627e-01 6.690176556763495e-01
1.091853976107818e-02 6.861369303191117e-01
3.464539250610493e-02 -5.128307778043349e-01
1.259167228340407e-01 -3.491409107947895e-01
2.691729109720661e-01 -2.572996073733883e-01
2.496558661820520e-01 1.183874028311663e-01
1.305431279889470e-02 -6.236205219195702e-02

83
3.832739552193156e-01 -3.912903120042022e-01
-3.409103289713118e-01 3.270065595415438e-01
1.639701478997843e-01 2.345402891136537e+00
3.652577995020716e+00 4.139426704716884e+00
-3.335513540527796e+00 1.435537887438591e+00
-2.431847648389354e-01 -4.518044066935345e+00
-2.597808701406251e-02 1.245131681356071e-01
-2.479643612760942e-01 -2.966516272492458e-01
8.439630076079430e-01 6.475416876012589e-02
-2.967306674162407e-02 -3.548055581251368e-02
4.115753240921520e-02 -6.682320496975174e-03
8.547226177300689e-01 -1.021709791792578e+00

84
6.306232769647979e-02 -3.336664590328213e-01
1.474771403913688e-01 -1.886976564640424e-01
5.899637957604749e-01 -1.947768113269854e-01
-2.606811666648908e-01 -6.027213286958216e-01
-2.205100182451319e-02 -8.407193001902643e-01
1.428147763872780e-01 1.621086392174622e+00
-2.144871640507943e-01 4.462195285095373e-01
1.795891574780606e-02 -4.523216774928282e-01
3.069493738433635e-01 -3.350650423732839e-01
1.565385810131411e-01 -1.487762214913902e-01
-1.463361202410111e-01 -4.613370513426932e-03
1.728874815061145e-01 -6.568104200386051e-01

85
3.392100086864678e-01 -3.814392750618432e-01
-1.929947857178553e-01 1.959383688836755e-01
3.398862823822638e-01 2.295747501183957e+00
3.249366467918677e+00 3.552917067025138e+00
-2.765959126440644e+00 1.322633733543112e+00
-4.615921849933039e-01 -3.964056467186218e+00
-5.364786394894375e-02 1.547762680030424e-01
-2.025933448715311e-01 -2.931818965630872e-01
7.627825302641097e-01 5.296471645942917e-02
-2.331688480217961e-02 -2.213931529903803e-02
-4.120081113963861e-02 -4.297060765492656e-02
8.261013977904970e-01 -1.009727760108256e+00

86
1.003825842212817e-01 9.360233742111426e-02
2.398483583940530e-01 -1.645357361794035e-01
-2.197338518098173e-03 2.415322664972941e-03
-7.761509819389171e-01 2.261080995973820e-02
-5.413572729179280e-01 -1.122881852649221e+00
8.761441572330486e-01 1.224773487675719e+00
-1.489680767183921e-02 8.699506045884506e-01
-1.771179090347528e-01 -7.360622620607032e-02
9.920085151342393e-02 -2.337917764911656e-01
4.209074873430971e-02 2.931642343374092e-02
4.672636633263686e-01 1.028877138963100e-01
1.140562094229171e-01 2.256188928711026e-02

87
3.712755421002172e-02 1.970600331391351e-01
-2.191158810588308e-02 -1.972791161211604e-01
7.474269840784076e-03 3.172109867207359e-02
-6.620802801321907e-01 2.310355710039747e-01
-8.178735378341662e-01 -1.083495787154425e+00
1.147354323411071e+00 1.174710383030064e+00
-9.226921870695962e-03 9.402684987624540e-01
-1.790951691427808e-01 -2.392048728656595e-01
-3.010629869872775e-02 8.532319810619299e-03
2.745203333014557e-02 4.631551157587696e-04
1.918245191483033e-01 3.094809983640534e-01
1.523989056166849e-01 5.393118164130904e-02

88
1.359337012610480e+00 1.717238927663972e+00
-2.176116269187261e-01 -2.676155394506895e+00
-3.521771324053124e-01 5.024532533271149e-01
-5.382971970377490e-01 2.718161790505124e+00
-2.377790048589177e+00 -1.371375052810732e+00
2.847526910991470e+00 1.766671761953204e+00
1.925485817960068e+00 2.163542890358113e+00
2.169421314435743e+00 2.448520698256253e-01
-6.148630164653718e-01 1.519266010434150e+00
1.706767840675925e+00 9.232101668223434e-01
2.322299723116929e-01 1.981233461436679e-01
8.021453605293347e-01 1.686797064290143e+00

89
6.294251554179006e-02 -1.117320588070782e-01
3.967550040751070e-02 7.402685161142369e-01
1.144081530106796e-02 2.474620257157020e-03
-3.422109440699980e-01 -1.939820604148602e-01
-3.563238740278025e-01 -7.192659233049716e-01
6.275352091697648e-01 1.537653292372300e-01
-2.647096283246539e-02 6.778083132448902e-01
-3.377543086530230e-02 -7.383103250630327e-01
2.435668091930673e-02 -1.803071391420293e-01
2.162448715120382e-01 -3.629667893208920e-01
-8.152497238075632e-03 2.937782527461459e-01
4.953800593640678e-02 -7.045190969246000e-02

90
1.689320664078555e+00 3.798709796307477e+00
-3.160360606854991e-01 6.837779518219800e-01
-4.084062460045227e-01 -8.715751616184082e-02
2.588436818587670e-01 -6.112140133428853e-01
-6.888055153013675e-01 -6.841595557830570e-01
5.502929229348429e-01 3.141107715539319e-01
2.206857384274450e+00 3.883912702714257e+00
6.094575328692342e-01 1.922738987836539e+00
1.014404129475064e+00 2.941832269521610e+00
1.278604973997223e+00 2.546998800297214e+00
2.459426144986347e+00 3.746533491703391e+00
-2.153997582375632e-01 1.908534268389343e+00

91
-5.645051473103544e-01 -6.120289337408129e-01
2.968589233837380e-01 -3.703389166204259e-02
-3.924876673419149e-03 -1.263928284302231e-02
-1.367726667306146e+00 -7.463269836545873e-01
-3.751767087494867e-01 -1.156704147825243e+00
9.854199359027930e-01 2.038073347893595e+00
-7.353483125752494e-01 5.714735306979281e-01
1.959025229852152e-01 7.543231353743818e-02
-7.668045929291805e-01 -1.376056623613944e+00
-1.291557428217301e-01 -1.165418352403126e-01
-2.706200912867242e-01 -1.455381766675429e+00
-1.504081539021477e-01 -2.306211015821909e-01

92
4.781407280867910e-01 1.018165655838320e-02
2.123773065983642e-01 5.276836612075375e-02
-2.172180482989161e-01 -6.789721471811046e-02
-7.320221955063826e-01 3.723188392642071e-02
-5.925569924531375e-01 -8.750907299696957e-01
1.240062182033141e+00 8.902619680455597e-01
6.541629156823492e-02 6.150317303508349e-01
1.003009589482976e-01 -3.342268462834890e-03
1.034552225390949e+00 6.921936230096307e-02
3.708753660492021e-01 3.589892951394684e-01
2.657855445327999e-01 5.632964067439711e-01
2.231529661849838e-01 -9.769245613869320e-01

93
3.394373772528202e-01 -4.642950529220652e-01
2.286269908099970e-01 -6.729457733293599e-02
6.785436317839326e-02 2.650284617343041e-01
-5.303893522977292e-01 -3.629368117511431e-02
-3.988862591032024e-01 -6.756863572024844e-01
7.701425879169744e-01 7.706270986530630e-01
-1.643993597644502e-01 3.119768944829812e-01
3.586372713610730e-01 -1.959497807673179e-01
8.966203179417588e-01 -5.237447633602805e-01
4.849340822799406e-01 1.118104248570056e-01
1.967101244651181e-02 -2.645016632353784e-02
4.785833028507960e-02 -1.195086439210623e+00

94
-2.145442308824161e-01 -4.291368230045055e-01
2.695666662242246e-01 -6.588930083387866e-02
-6.610627614986533e-02 -8.212930065256580e-02
-5.623700357754270e-01 -2.488726123179144e-01
-5.174462207127800e-01 -1.095354463234494e+00
6.021903015994150e-01 1.297428657905512e+00
-3.506896232416623e-01 5.324349421362863e-01
-1.808397677620290e-01 -8.191594564822232e-01
-1.599834867624645e-01 -7.281582475408992e-01
6.748902861981662e-02 -5.875866041740497e-01
-5.040922344963250e-03 -3.284775233905226e-02
-2.264200448096310e-01 -1.039165898728080e-01

95
-3.998771936733732e+00 4.322063686964685e-02
3.662280710122968e-01 2.896895612295951e-01
2.012556800271714e-01 3.398798718286424e-01
-4.090722196103748e-01 -5.648880975832931e-01
-1.743643769494536e-01 -6.263091202840571e-01
5.696504558517301e-02 7.962847478769602e-01
-3.626564330116005e+00 2.006192055401890e+00
-2.083404860565595e+00 1.657873494551826e-01
-3.635984422953809e+00 -1.616621450140142e+00
-2.554597056455170e+00 4.978842505334825e-02
-2.805689309025613e+00 -1.835313455724440e-01
-2.137587145002363e+00 -1.599477031118302e-01

96
1.268672574070726e-01 -7.244900631096799e-01
2.069429242964594e-01 1.903967546121396e-01
-4.005518534093302e-02 7.265409921278883e-01
-2.202553983821089e-02 1.061049314463242e-01
-7.862407556802585e-01 7.759496850665118e-02
7.906329117106841e-01 7.675217848912760e-02
6.895902665642682e-02 -1.711873951518942e-01
-8.432583286004960e-01 -1.698133815754439e+00
2.032773223114369e-02 4.366762582253927e-03
-3.333132666260102e-01 -1.351002127318542e+00
-7.151661842936902e-03 2.378254660836033e-03
1.012684178508631e+00 8.267563423142814e-02

97
5.633425580881786e-01 -4.894436396430811e-01
-2.264675402982948e-01 -6.234911251507735e-02
7.639623069794950e-03 1.561932415276600e-02
1.474243252274719e-02 6.822381408285512e-02
-7.757162863069677e-01 -9.182557538810350e-01
6.958654266737538e-01 7.894095409136683e-01
7.040064213679375e-01 2.879102584829046e-01
1.314909161725621e+00 -2.555796386933531e+00
-3.345755075427380e-01 8.296638370275780e-02
1.415364615941045e+00 -1.405171922053055e+00
-1.045942834125191e+00 2.987922025520187e-01
1.488719099963535e-01 3.310966744665116e-01

98
4.761508764771988e-01 2.314995524657190e-01
3.522678379840871e-01 -4.830885597401997e-01
7.140487265884269e-03 7.154415448202149e-03
-4.671928645188624e-01 6.500988751926902e-01
-7.319310974865705e-01 -1.214276667646281e+00
7.717336057676397e-01 9.590848059307011e-01
6.388480340936532e-01 9.597259140055983e-01
1.364487745054271e+00 4.311393906405659e-01
-9.030081102869403e-01 1.910061906929705e-02
6.013967082452906e-01 4.555211696645683e-01
-2.749038121276878e-01 -1.788357491301191e+00
1.148090390597264e+00 5.722126545152623e-01

99
7.352350596898166e-02 -4.448103319446823e-01
-6.865252064049455e-01 7.492444489063336e-01
1.727080891455007e-01 1.565898623181757e-01
8.584199190873278e-02 4.792034955939977e-01
-1.450654737752483e+00 -3.898829542542985e-01
1.408537426289628e+00 1.308630529252071e-01
-3.058437040303841e-01 -4.068351124023451e-02
-8.890258266112293e-01 3.107422003283357e-01
4.568402125667901e-01 1.899808049602363e-01
-8.886595323735210e-01 1.778786786367857e-01
-4.054696177737146e-02 -8.289457293771626e-01
1.670917839117607e+00 -1.047410213646823e+00

100
-2.437660297252661e-01 -9.751603806639917e-01
1.053123784402770e-01 -1.719386751446658e-02
1.495276079613819e-01 6.915257979060342e-01
-4.115322118953116e-01 -9.998577991884214e-02
-3.932941920856080e-01 -2.735838215034894e-01
7.470351135968550e-01 4.429883571006292e-01
-6.684238047789438e-01 2.654076891924601e-02
-3.761978973622309e-02 -7.759636499416076e-01
2.269323426416390e-01 -1.127729381093802e+00
8.494930886921724e-02 -5.659642748820211e-01
-3.450484096060555e-01 -4.862114317586452e-01
-1.623833051798733e-01 -9.935031316942264e-01

101
1.027679727031109e-01 5.117993449519408e-02
2.912812172919169e-01 -2.654802068417543e-01
-4.345080465749437e-02 1.276302606533545e-01
-5.111548164845978e-01 2.672563281409037e-01
-5.583487942312145e-01 -9.561926737541226e-01
8.050576627226050e-01 8.419018383004998e-01
7.366415896244422e-04 7.649319824137127e-01
-2.850275470668285e-02 -1.787447263693091e-01
1.205596241592333e-02 -1.747334096895388e-02
5.287999225958070e-02 3.973802557599893e-02
4.212247843013693e-02 -2.355871834026188e-02
3.824191242025469e-01 -1.471506134042949e-01

102
3.550301834846131e-02 2.680787748143938e-02
8.099011472165036e-01 2.777723042733176e-02
1.551669378956298e-01 3.998824719734705e-02
-2.646776499270054e-01 -2.675753518241230e-01
6.706363786763132e-02 -4.548218868109123e-01
1.221362329316785e-01 6.672780950841054e-01
-7.033553805458141e-02 7.403160647794688e-01
-1.224491379405493e-01 -2.451827023374741e-01
2.235562142445138e-03 1.321997961315957e-03
-1.618593228335261e-02 -1.814606506452845e-03
-3.766466962150595e-02 5.088057226495987e-02
3.688307469541454e-01 -2.025265017070081e-01

103
-1.561933801555729e+00 -9.333549821694382e-01
-1.583838524229499e-01 -1.476687542878359e-01
2.920826233553512e-01 1.603148708605308e-01
1.072133994361787e-01 5.626257524520331e-02
-5.685251445268694e-01 -6.346042050744616e-01
5.339393041817597e-01 7.328826056824831e-01
-1.963182473576688e+00 -1.461332729689885e-01
-2.452040180000484e+00 -2.098875978214673e-01
-3.521581526155085e-01 -4.781178103560921e-01
-2.230672000653164e+00 -3.741935256969214e-01
-1.072953391451827e+00 -3.522152302830239e-01
7.605141659229390e-01 -1.594346613878771e+00

104
0.544171215413436362273e1 0.182252396103700258900e1
-0.527495720704510587587e0 0.226889772138498450955e0
0.200167232930806171282e-1 -0.207867387812675827872e0
0.451120127692300480581e0 -0.226405921237662603878e0
-0.683809700286605588130e0 -0.724501028710216710626e0
0.638960149906368770007e0 0.571278082635494881096e0
0.567989569290712676981e1 0.171545055798190367903e1
0.565890335482716048563e1 -0.529649559663883074152e-1
0.242439936502992130023e1 0.160799338359447325922e1
0.559602507201202344425e1 0.856759757306708297805e0
0.373250050437275536627e1 0.256694637285727597578e-1
0.138758387813284010020e1 0.273433799155143329946e1

105
1.753336793138908e-01 5.147319520941552e-01
-3.653368600988242e-02 -6.771384380618764e-02
3.217304526512123e-01 9.601846947700045e-01
-1.565289287834456e-01 -3.661908642770155e-02
-4.204608517480543e-01 -9.069378236274633e-02
5.375265912715547e-01 2.304567375520372e-01
1.158926165308388e-01 1.138762021975629e+00
2.232551136005857e-03 8.943404006454156e-02
1.499242541104573e-01 4.578964798048284e-01
1.166587884950163e-01 4.406138791743962e-01
3.052559752920566e-02 5.608833460838770e-01
3.097668302060904e-01 -1.681085822023320e-01

106
2.778597807790998e-01 -2.349875786448779e-01
-3.316624576103568e-01 -2.176161237572219e-01
-2.792672632480352e-01 1.373989945233986e-01
8.099719776793901e-02 1.133271038714097e-02
-1.141045934877249e+00 -5.159735346151335e-01
1.271530107547063e+00 9.493032967559942e-01
1.234066725378070e-01 4.025315847909700e-01
-5.913090690494777e-02 -6.522616037618559e-01
2.305162284886526e-01 5.512821888999982e-05
1.349428008826653e-01 -3.348159311632145e-01
2.024814333309367e-02 -1.425707527119011e-02
5.970473558411793e-01 -2.527358049349930e-01

107
3.755023621824464e-01 -6.849228415442135e-02
1.202054533250666e-01 5.946129354216272e-02
-2.289748752172794e-01 8.903403464010828e-02
-7.632499003801134e-01 -8.008314571851795e-02
-6.005514376040704e-01 -7.372027770138538e-01
1.325114302836413e+00 8.784621580441972e-01
5.352808781079769e-02 5.761001390311022e-01
8.285047684272022e-02 -2.167053162896255e-01
7.249083405208274e-01 -4.579349479647203e-04
3.134065819092772e-01 1.352640624393757e-01
1.530566930340407e-01 3.683702720905616e-01
2.710930185118996e-01 -7.295537955169643e-01

108
1.602839849374507e-01 -7.124466345282116e-01
1.336240309150026e-01 -1.395542266023083e-01
-3.081944760926744e-01 3.630972421980400e-01
-6.019636262225302e-01 2.554664783998790e-02
-7.394946670007445e-01 -6.438031520721677e-01
1.209520569954475e+00 7.747308452723903e-01
-3.032645916250182e-01 2.740883556219399e-01
4.401950787102587e-01 -6.804159822821714e-01
6.533645109085754e-01 -1.038170405298723e+00
6.535094469100462e-01 -3.369343165207333e-01
2.069869018824903e-02 -3.350552072826150e-02
-4.883205643288058e-01 -9.498418761399575e-01

109
8.537692720701552e-02 4.705151953156714e-02
1.958798004944578e-01 -3.607634886976446e-01
-1.441714085193117e-02 1.089916179362939e-01
-5.793517820147880e-01 2.181582204313579e-01
-5.466289751186466e-01 -1.062440660724154e+00
8.511101533273625e-01 1.017294506449844e+00
-1.723297728441639e-02 7.648884142791842e-01
-1.885511854120901e-02 -2.216904838790623e-01
9.474674332334985e-03 -5.681681209169736e-03
6.460202356468928e-02 2.737648845423819e-02
-1.677661327021671e-02 2.186148287162077e-02
3.545624906630898e-01 -1.767949987482375e-01

110
1.302004761274622e-01 2.324280197983519e-02
3.754567018389836e-01 -4.095213481771033e-01
2.781398003046778e-02 1.362738953777568e-03
-4.032622106684391e-01 8.518074394154266e-01
-7.338889648174247e-01 -1.256126845225844e+00
7.112325257840793e-01 6.905659365242017e-01
3.608970311164945e-02 6.985598312305841e-01
2.513075890923405e-02 -5.905234722349321e-02
-6.892327551974402e-02 3.523866245563181e-02
-8.174252529005496e-03 1.022492415763077e-01
-3.475918729509810e-02 -3.219657144520376e-01
6.397387658928716e-01 -1.595178151977927e-01

111
1.413188239497367e-01 -5.274575356992587e-02
-6.849184186860900e-01 -2.427014200281292e+00
1.681928461364728e-01 4.174486750169952e-01
-1.087769222292126e+00 3.837622853067720e-01
-6.594839535709091e-01 -2.237081555913903e+00
1.305924564997426e+00 2.889898252836571e+00
5.287087798495754e-02 6.715313943343693e-01
1.723607839201628e-01 -4.759747120561541e-01
-3.050622345115922e-02 -1.223212479178757e-02
2.236577903369824e-01 -1.265868554624346e-01
-1.877914675973113e-01 -2.691993607723963e-02
3.701308590188833e-01 -1.745762603116764e-01

