12
0
0
96
0.298298100960866335532428322026e3 0.271466620430116781310407314290e3
0.184187401385689586109156945070e0 0.141841319813032953526325655503e0
0.445218454286924848216394987728e0 0.546860914803423563231938534830e0
-0.179482047970772106892196809630e0 -0.340291435431259551059441904296e0
-0.119164586556349045977110839042e0 -0.369992357766061925146834905369e0
0.775769053839056098793951741224e-1 0.506334297084352086466488179250e0
0.330782669162854846016173530054e3 0.144674057004148200443375319764e3
0.211603969399620417979105928153e3 0.127919897801654898398158181251e3
0.214070414102250788090104733650e3 0.436052692894114728782852617455e3
0.211189526366319702433484876436e3 0.146330133735632900499737331382e3
0.223536975271727925727901082081e3 0.283267156520177706782564934057e3
0.172219702327885152260879949180e3 0.135950187356110410697235524141e3
6.17199968098806e-10
1.501007448777809e+14
1.38658087200447e-22
9.53674316406250e-8
1.14620176019268e-14
2.500000000000000e-02
1
1
1
52
1.004211050598694e-01 -2.110495533786946e-02
-8.346060180247141e-01 -9.264881681108750e-02
8.196206901311862e-02 -1.035187311891120e-01
-6.606981839395180e-01 6.331256113116569e-01
-1.337157156529103e+00 -1.314218283620023e+00
1.920727076784999e+00 1.131159904369095e+00
-3.328913721130516e-03 6.984216640362002e-01
9.067411065568860e-02 -3.031427791903963e-01
-1.199693765391517e-02 -1.312039754538686e-02
1.084322606726179e-01 -2.987378309399968e-02
-1.161447477423139e-01 -9.304845211048302e-02
4.155643959828586e-01 -2.073192964224610e-01
2.288783399261119e-16
1.309875568556410e+05
2.724876147503366e-15
9.765625000000001e-05
1.133624152182550e-14
0.000000000000000e+00
1
1
2
52
4.997099330181030e-02 1.093713294147395e-02
-5.829285921125807e-17 5.689080969871499e-17
8.624314363209115e-01 1.026775608290531e+00
1.174755242536577e-17 -4.109147916621696e-17
6.486461834329794e-17 1.185275053195899e-18
-7.140595370695447e-17 2.838399535536807e-17
-5.874755827523620e-02 7.232047715692470e-01
-7.379515827471173e-02 -2.344804624007834e-01
2.277514824741805e-20 5.465751917734165e-20
1.205512652863280e-19 1.025545558617623e-19
-4.997099330181029e-02 -1.093713294147395e-02
4.016777798423707e-01 -2.107323079271661e-01
1.000741510621680e-16
2.390748726612624e+06
4.390871393979907e-16
3.906250000000000e-04
7.044286351584950e-15
0.000000000000000e+00
1
1
3
52
5.981509202827575e-02 3.044554376123210e-02
5.043487823923298e-01 1.042148743912128e-02
4.926157369123249e-01 4.290999323131958e-01
-1.036008579514638e-01 -1.101451330390396e-01
4.737837954118378e-02 -3.006619855105170e-01
-3.155951783354856e-02 3.740440265094246e-01
-4.083833206164638e-02 7.429821248795073e-01
-8.402641477666187e-02 -2.207932551014355e-01
-3.468354209316499e-03 1.480890855083234e-03
1.865823629584091e-03 -2.237891613821387e-03
4.033968319656429e-03 2.514267503480205e-03
3.925532737677483e-01 -1.635794675218444e-01
1.366803587226643e-16
7.936575702743341e+05
8.997935928441367e-16
3.906250000000000e-04
8.450480284315439e-14
0.000000000000000e+00
1
1
4
96
0.155141678061251069073374574286e1 0.376216180042768605875185772891e1
-0.920857339694274443723994737809e-27 0.442819829379173515709153921634e-27
0.862431436320911207478278302297e0 0.102677560829053125048324487307e1
0.248737965774644632198978864533e-20 -0.133160115185529612030474003922e-20
0.715438676826363681266461211450e-20 -0.269555722730943969971705852526e-20
-0.945886725690134810845479553429e-20 0.264298843292125835743046261977e-20
0.155141678061249520510162467889e1 0.376216180042769367103231296940e1
0.155141678061250504787930113564e1 0.376216180042767757859633906838e1
0.155141678061251371082955609543e1 0.376216180042769378979436179538e1
0.155141678061250442281321001580e1 0.376216180042768969312643516448e1
0.155141678061250223710002472359e1 0.376216180042768974629225606632e1
0.228827819293430607769574016507e-13 -0.740039082192232022965595140583e-14
5.05192086423027e-16
1.345233685630851e+29
3.21961703258697e-15
9.53674316406250e-8
5.38252471399269e-14
1.831054687500000e-05
1
1
5
52
1.083234852524538e-01 -8.010638358387674e-02
-1.459301841646216e-01 -4.715943198894788e-01
3.712829452777062e-02 2.128733776854234e-02
-2.941197765693200e-01 1.656445299352644e-01
-7.843962641460832e-01 -1.057739065924266e+00
9.390386247182522e-01 1.267674106750934e+00
-2.156511943635809e-02 6.017584540973571e-01
5.979705997292378e-02 -4.138322787620324e-01
6.584574545597516e-02 6.409098651180151e-02
8.171679249887966e-02 -7.094751773516032e-02
-2.509666367081212e-01 -4.764527523986858e-02
5.081114877873851e-01 -3.539178228591225e-01
2.145734436807299e-16
1.801963502204578e+04
9.204060035433370e-16
3.906250000000000e-04
3.418189006250929e-14
0.000000000000000e+00
1
1
6
52
1.045132072846544e-01 -5.160742022536216e-02
1.829335620118482e-01 7.457759525856704e-02
-1.715582616803868e-02 -1.284050480961401e-02
-4.973699895466350e-01 -1.409812913424725e-02
-4.783283199087313e-01 -9.780864676766324e-01
7.155165153432593e-01 8.183526317733573e-01
-1.674232732936264e-02 7.504394445158133e-01
-4.339773171441183e-02 -4.616321885587013e-01
1.252631418250455e-01 -2.720380944773419e-01
1.862788328107955e-01 -2.091101769262743e-01
2.653611609516011e-01 1.978718451133478e-01
2.051148448199112e-02 -4.704102592649353e-02
2.220446049250313e-16
1.981864248341582e+04
1.081445385672190e-15
3.906250000000000e-04
2.470293885498691e-14
0.000000000000000e+00
1
1
7
52
-1.366994303577198e-01 2.735888161941374e-01
-1.692443977850372e-01 -5.201226721436891e-01
6.991986030528270e-03 6.167119773434189e-02
-3.022841307355656e-01 -1.525689636280448e-01
-7.073305712927596e-01 -1.166721270889416e+00
7.002581210631235e-01 1.522272206559917e+00
-1.850887168908788e-01 9.018590689032330e-01
-5.398039569484518e-01 2.597961302018923e-01
-2.138582385422920e-01 2.985711219019921e-01
-4.507809088564230e-01 3.025407071826554e-01
-1.275929647851379e-02 2.424937868337905e-02
6.635533392040857e-01 -1.268374732748621e-01
4.965068306494546e-16
6.857759873084362e+02
5.274281130296389e-16
3.906250000000000e-04
3.478636310673559e-13
0.000000000000000e+00
1
1
8
52
3.338430723364585e+00 -4.104151749887307e+00
-2.311330678563904e-01 1.603637157336514e-01
8.750403225802822e-01 7.324332398844393e-01
1.751648283818212e-01 -9.920739976996203e-02
8.552131064730005e-02 -5.518896552350503e-02
8.079413848542498e-02 -7.763001944985715e-02
1.920508514302344e+00 -3.574430763616509e+00
2.601293049427836e+00 -3.932639213986883e+00
4.384839841019392e+00 -3.044642000354173e+00
2.424366117051996e+00 -3.321586634605532e+00
2.403749795627485e+00 -3.771103096364697e+00
2.080753014769026e+00 -1.813365494393911e+00
1.051819270136707e-12
8.729057156751814e+04
2.795917308031342e-13
2.441406250000000e-05
7.910444306687735e-13
0.000000000000000e+00
1
1
9
52
2.380414108996708e-01 -2.839795248216905e-01
-1.703222803182182e-01 5.059108766427908e-02
-1.576707756434952e-01 7.450798173717033e-01
-3.466379150561812e-01 -6.253861624791147e-02
-7.313954953525713e-01 -1.082780651406448e-01
1.281132807858370e+00 2.914662691120468e-01
4.955068498070430e-03 4.363656273268611e-01
9.868287715768816e-02 -5.826384830662109e-01
3.950066437532669e-01 -2.251894586400112e-01
2.149044347606619e-01 -2.368706151951835e-01
3.246116034441762e-02 -4.555546160044644e-02
3.465432727456378e-01 -4.632773943601556e-01
2.288783399261119e-16
1.760438397765898e+03
3.401559502695257e-15
2.441406250000000e-05
9.546626967485166e-15
0.000000000000000e+00
1
1
10
96
0.155141678061248340504021669559e1 0.376216180042779458344229938754e1
-0.246330583260647715421420299615e-25 -0.402799799179821860886016051584e-25
0.862431436320911268699371851333e0 0.102677560829053124232861130968e1
-0.188833796772571204440000655149e-24 0.273535251637723612318151372577e-23
0.331743572695120451520269069751e-24 0.713085625883840596608279879138e-23
-0.153442247878848744128241973017e-23 -0.803032712839461352889503324587e-23
0.155141678061248366303032096357e1 0.376216180042779090838377452452e1
0.155141678061248190964193752665e1 0.376216180042779383420991728285e1
0.155141678061248102834391376795e1 0.376216180042779635684982165423e1
0.155141678061248216069831457057e1 0.376216180042779745773070225611e1
0.155141678061248116675361622465e1 0.376216180042779415659438347856e1
0.507686813031353238027870067395e-14 -0.350242838515135064580539191340e-15
3.17620867529558e-16
1.586688785816534e+29
3.13901840525124e-19
6.10351562500000e-6
3.45689266406137e-16
2.441406250000000e-05
1
1
11
52
2.676770205565124e-01 -1.586193997906655e-01
2.073614652622685e-02 2.613091331253203e-01
1.559402806668624e-01 7.809511024142526e-01
-6.285165932183706e-01 -4.717389205139740e-01
-1.660294036435712e-01 -2.760527587809106e-03
9.600641352641651e-01 3.421898408905156e-01
1.329224984056379e-02 4.474005920813883e-01
2.416955799723208e-02 -4.259592631564396e-01
5.072795104075948e-01 1.320333167039678e-01
1.142049493382555e-01 -4.229992646436558e-02
-1.275021396274350e-01 1.170234367464215e-01
5.893972800724844e-01 -6.744112434259890e-01
2.775557561562891e-16
6.162779942589981e+03
6.717768997301781e-15
2.441406250000000e-05
4.237343569902302e-12
0.000000000000000e+00
1
1
12
52
1.451599305870537e-01 2.161266529868951e-01
-1.115764378754539e-01 -3.917111655978824e-01
9.172776569293982e-03 -7.078373451088701e-02
-2.063688325903561e-01 9.548895399985516e-02
-9.326756786280958e-01 -1.089485857403488e+00
8.366094598820906e-01 1.423880669583120e+00
6.038202279367760e-02 8.960928695019363e-01
7.263992271213325e-02 4.086554270882502e-02
1.368411131282194e-02 1.767209880325871e-01
9.096103972682464e-02 2.203759829743543e-01
6.102762048247581e-02 4.499674452707021e-02
4.333991763316281e-01 -1.262416964593525e-01
2.288783399261119e-16
4.538038111988690e+03
1.509399365916990e-15
9.765625000000001e-05
2.734396143081302e-14
0.000000000000000e+00
1
1
13
52
1.203268880929972e-01 7.792962067228663e-02
2.265208822107141e-01 -2.595198981290538e-01
-8.218685392394270e-03 -1.085578980409681e-02
-8.232126374552236e-01 4.802750459933934e-01
-6.219340644661061e-01 -1.245047341774971e+00
1.081416931076203e+00 9.610159298329474e-01
5.256210839312228e-02 8.159538707067618e-01
-8.388064206321958e-03 -6.700825016932425e-02
-7.589161671295488e-02 -9.365777605244384e-02
4.332474998006709e-02 2.825698831959835e-02
2.535116783790322e-01 -1.830510819248664e-01
3.915084118693521e-01 6.575583598048064e-02
2.001483021243360e-16
1.953252263794685e+04
1.326276734976570e-15
3.906250000000000e-04
4.201329529907549e-13
0.000000000000000e+00
1
1
14
52
5.123793035467901e-02 -2.222946721044883e-01
1.653405834352017e-01 4.068916075875331e-01
-1.547298348515056e-02 -5.272596231764930e-02
-3.757321632458583e-01 -1.063405982446769e-01
-3.472921581836924e-01 -1.025012479400496e+00
4.357635307968539e-01 4.553778552410932e-01
-6.357437946157095e-02 6.293069413172894e-01
9.814936270135295e-02 -6.933830893315214e-01
-3.666847212384297e-03 -4.252140626095224e-01
2.478181812115904e-01 -3.593915540587073e-01
1.165343201373621e-02 -2.243291811950333e-02
1.331941687524676e-02 -9.388659010104811e-02
2.288783399261119e-16
1.555259227436184e+03
7.881219133179933e-16
3.906250000000000e-04
8.264676946920668e-14
0.000000000000000e+00
1
1
15
52
1.156393114386591e+00 7.946027703514346e-01
-1.003544397663994e-02 -2.557250047760326e-02
2.621373789516862e-01 6.188180201400386e-01
-4.902135077224719e-02 -3.021222821683473e-02
-3.837586101881142e-01 -3.486777476371455e-01
4.244923297706334e-01 3.038135425252541e-01
9.063275227930595e-01 1.467419340067210e+00
1.535984693014274e+00 8.815948611689594e-01
1.082861400299374e+00 3.223097423563834e-01
1.430299949670465e+00 9.698825128896492e-01
1.251764170470870e+00 5.208901460281031e-01
-1.387882239594142e-01 -4.870237166968946e-02
6.107803453188450e-15
4.604554371465821e+02
3.177292735862825e-14
9.765625000000001e-05
3.722315769530393e-12
0.000000000000000e+00
1
1
16
52
4.963488286436260e-01 -2.380060882595785e+00
2.833669202065499e-01 -6.003635939282158e-02
6.357993703753571e-01 -5.998984285105283e-01
-3.029041850335858e-01 -1.114316447595922e-01
2.056320119456055e-01 -9.809015125409859e-01
3.673194605230909e-01 1.136731724123055e+00
4.760416807639344e-01 -8.398075996825789e-01
2.014178516161916e+00 -3.097968718998857e+00
-8.721015804266593e-01 -3.349389213948223e+00
1.515697398473195e+00 -2.723388455918785e+00
1.879756838273751e-01 -3.574833162593332e+00
-1.738403291773947e-01 1.118398964149929e+00
1.436983752693996e-13
1.131680629899828e+04
3.675969196504466e-14
2.441406250000000e-05
2.283931420987491e-14
0.000000000000000e+00
1
1
17
52
5.924509694376094e-01 1.058648312630075e-01
-2.213983197075114e-01 -3.433374929646645e-03
8.760854818047079e-02 7.049557428117767e-02
3.452262876708380e-02 4.738896604839726e-02
-6.694639064813456e-01 -8.516946931370648e-01
6.078497917290510e-01 6.617566207800329e-01
5.856897086932538e-01 9.305501713228373e-01
1.312284930305600e+00 -7.253558180033086e-01
4.472282911634937e-02 -4.862816588839512e-02
1.175475975909348e+00 -1.995030366069883e-01
-4.445735186936501e-03 3.249874494056912e-02
-3.684384153833491e-02 2.389348851919791e-01
1.110223024625157e-15
1.302852592407212e+02
1.681935465169580e-15
3.906250000000000e-04
1.042777760821632e-12
0.000000000000000e+00
1
1
18
52
-3.617783937418675e-01 1.945076819294818e-01
-2.677450718134999e-01 -3.026512595585720e-01
-3.585453309219699e-02 6.035267447837246e-02
1.672176261535503e-01 1.396105989454002e-01
-9.404553643653975e-01 -9.083238950537823e-01
7.022885579318237e-01 9.497021853529378e-01
-5.752451109523073e-01 9.638489527649982e-01
-6.398835503555320e-01 6.536684158184427e-01
-5.044786613354890e-02 -1.307487978827140e-01
-5.323003162162737e-01 6.114266379974458e-01
-1.360923146170290e-02 3.416084451905767e-02
2.093625222842389e-01 -5.901356161692740e-01
1.373270039556671e-15
2.817773085203650e+02
1.798576320810929e-15
3.906250000000000e-04
2.845369935230697e-12
0.000000000000000e+00
1
1
19
52
4.252775165854833e-01 -1.572067967822386e-01
1.907269265306852e-01 7.609715742255738e-02
-1.880119682533028e+00 1.331344969604870e+00
-2.716011739056770e+00 6.090842678252738e+00
-3.486324930440113e+00 -2.286907009242467e+00
5.080944634008695e+00 -3.392075102501798e+00
1.079179334984378e-01 2.947820702091057e-01
-1.089425490058067e-01 -3.739444081033329e-01
8.110375634933281e-01 4.333321606092656e-01
2.088135565305218e-03 1.502168917770898e-02
-7.383887701846049e-02 1.919505800585638e-01
9.672757715716760e-01 -8.877383049147334e-01
2.772728520519488e-15
3.367245752314574e+03
4.054976799856001e-14
2.441406250000000e-05
2.309417609292165e-13
0.000000000000000e+00
1
1
20
52
4.614214932035618e-02 2.536756752482479e-02
5.202332392480492e-01 -1.613046857679302e-01
2.502692342802817e-01 4.575345947428723e-01
-2.450276094162441e-01 -1.017994236268150e-01
-4.107944493921436e-02 -4.029202717272762e-01
1.867069455801084e-01 4.928091981669834e-01
-5.895345784940976e-02 7.396368409401879e-01
-8.670407405252563e-02 -2.376165642010369e-01
2.802255554891559e-04 5.422522119246789e-03
1.669528874197036e-03 -1.597558545904665e-03
-3.521511892057302e-02 2.775307471582796e-02
3.776971022930980e-01 -1.959187233129556e-01
2.087442573863080e-16
1.451410897961859e+06
3.769891359166944e-16
3.906250000000000e-04
4.570445467360569e-14
0.000000000000000e+00
1
1
21
52
3.141664155004568e-02 -9.123234800582647e-01
-6.405086824948789e-02 1.224311579343654e+00
-2.218850865024212e+00 2.273401284510385e-01
-1.236633486782202e+00 4.722254682870947e+00
-4.082823769383408e+00 -1.460338900689716e+00
4.763018029894812e+00 -2.876626869533776e+00
-7.092376235715367e-01 -1.386323988400257e-01
4.374022841916879e-03 -6.962855698213509e-02
1.148542234764342e+00 -8.493033611211525e-01
-7.641459688502342e-02 2.582674851143336e-01
-4.758143905303066e-01 -6.233894199211529e-01
3.677196873408114e-01 -2.129660820928293e+00
2.771669057115551e-15
1.787078206687196e+03
3.976281737150652e-14
9.765625000000001e-05
1.272619359677728e-12
0.000000000000000e+00
1
1
22
52
1.070795937225106e+00 -2.678221903718471e+00
-4.009531072245782e-03 -8.815102961687218e-03
9.830137750962701e-01 1.043476416952565e+00
3.393870913449751e-02 8.473617268446152e-03
8.352058881554023e-02 2.704871371537351e-02
-9.452251285356580e-02 -2.516666976603915e-02
5.031496525503361e-01 -1.605410959299450e+00
1.071199915737681e+00 -3.185842338425117e+00
1.179948730787336e+00 -2.777574601105188e+00
1.142232719932968e+00 -2.695004736518769e+00
8.996313108294730e-01 -2.464275520186054e+00
4.311126719408479e-01 -3.073945197580514e-01
9.926486616973767e-14
5.269963162928542e+04
7.169746123627419e-13
2.441406250000000e-05
1.367407214761119e-13
0.000000000000000e+00
1
1
23
52
1.185959813343450e-01 -3.114490037307979e-01
1.444404002751100e-01 -2.568093298669626e-01
6.775615106404462e-01 1.264168215400475e-01
-1.823304342590595e-01 -3.218938608980688e-01
-9.195705882153229e-02 -7.168320930396419e-01
5.726206453641295e-02 1.279994519395129e+00
-1.049257402088212e-01 4.941045681788845e-01
7.822740078637221e-02 -6.123101439141541e-01
2.796815069511586e-01 -4.175697706978298e-01
2.205029512053401e-01 -2.700191877097476e-01
9.178416704873023e-03 -3.534719159064656e-02
1.129052012547966e-01 -4.203867142553346e-01
4.577566798522237e-16
2.504301133103769e+03
3.532439246288713e-15
9.765625000000001e-05
3.730399958498787e-14
0.000000000000000e+00
1
1
24
52
1.711931369243324e-01 1.480547566230174e-01
1.980722189060124e-01 -1.290168189111801e-01
-1.302466350975745e-02 1.854075695476183e-02
-1.558268194942453e-01 6.530982232086451e-02
-6.306683201340521e-01 -9.899612001715313e-01
4.301036467376660e-01 8.980407459004826e-01
3.121070203034501e-02 9.187864904909765e-01
5.063613869735030e-02 3.507815026995812e-02
1.793031358752212e-01 -1.509415209491197e-01
1.888353749921430e-01 1.507002827530336e-01
4.196231305952676e-01 1.288562597258295e-01
9.316966576422579e-02 -7.457050054142433e-02
3.140184917367550e-16
2.662611070995804e+03
7.832765894561763e-16
3.906250000000000e-04
2.788677035775820e-13
0.000000000000000e+00
1
1
25
52
4.484986157538812e-01 -4.417803480509610e-01
6.282420328783076e-04 5.759438490903220e-03
-5.668687744932695e-02 3.739627760645978e-02
-1.491493215134071e+00 2.468391931788497e-01
-4.813537404942886e-01 -1.247723155718502e+00
1.751513506622811e+00 1.011488006762368e+00
5.954178004279927e-02 1.962635406804547e-01
2.861410284424217e-04 -1.096359754945327e-03
7.556292046112856e-01 -4.122528644502035e-01
2.938582405529109e-04 2.947398200069959e-03
5.603042976563223e-01 -7.225316260251156e-01
8.160116636030457e-01 -6.622451488318315e-01
6.871017479418226e-16
5.346347334416043e+02
6.588464572457592e-15
6.103515625000000e-06
6.601496640332381e-14
0.000000000000000e+00
1
1
26
52
1.580495334755936e-01 -4.364808782007342e-01
3.647204519960301e-02 -2.725315242538580e-01
-4.588835948209946e-03 4.669111141599158e-04
-1.158365528268114e-01 -8.990318506570758e-03
-5.888902744456003e-01 -1.002577927098191e+00
5.280531520898869e-01 1.014447408054352e+00
2.609154934314518e-01 3.357049983371136e-01
6.758872598018760e-02 -2.908131811193480e+00
-2.399253415327630e-03 8.485364919852274e-02
7.064205720585708e-01 -1.711334868802113e+00
-6.383063586723270e-01 1.362530026457008e+00
-2.584527298092061e-01 2.777855798595583e-01
1.110256905426075e-15
4.028697418497894e+03
8.984303823999160e-15
3.906250000000000e-04
6.778727589240029e-15
0.000000000000000e+00
1
1
27
52
7.199292827077410e-02 4.765449962582143e-01
-2.141413739419752e-01 -4.049053828128260e-01
-9.994410081091996e-03 2.416309663971557e-02
-9.447563389713325e-01 9.038282400194636e-01
-9.481243280722108e-01 -1.239487372733082e+00
1.860495333429105e+00 8.954859368815259e-01
1.109501187536284e-01 1.231120109788904e+00
-1.694247946433681e-01 -9.104366645709160e-02
-1.173167603219669e-01 1.716513033861077e-01
1.392718998624511e-01 6.822638898459493e-02
4.742383861901685e-01 6.736430113910221e-01
-6.062817136279851e-02 4.045088118975873e-01
3.661869363835380e-16
4.641023558216581e+02
1.707679940605469e-15
9.765625000000001e-05
3.904667162354724e-13
0.000000000000000e+00
1
1
28
52
9.916418169428663e-01 -7.311569313039418e-01
1.121876400720486e-01 2.188558066091771e-01
-4.319361629694785e-02 1.226651239753632e-01
-1.295880302582004e+00 3.938877598952240e-01
-5.098601162513663e-01 -1.033645048308964e+00
1.608928335540210e+00 5.695669181873597e-01
1.229852792348277e-01 -4.873312758694128e-01
1.829963012186801e-02 -8.938757128926282e-02
2.350632901796613e+00 2.551327970074407e-01
7.679015212437064e-02 2.745085820822680e-01
2.821934201263081e-01 -1.369336088766044e-01
1.486049879595331e+00 -2.300828342345042e+00
2.831068712794149e-15
1.473749389620069e+02
6.878985746092277e-15
9.765625000000001e-05
1.137220146399019e-14
0.000000000000000e+00
1
1
29
52
2.599772233507689e-01 -4.050052679315777e-01
1.895010973842680e-01 5.107423588164940e-01
3.447399340203673e-01 5.559141574332350e-01
-2.141615356030776e-01 5.383383457117498e-01
-5.600184974406083e-01 -1.997208998793953e-01
7.033541559540518e-01 -3.609776481975213e-01
-2.480435539566199e-01 1.703859723632946e-01
-1.970900440752888e-02 -5.092946387554823e-02
9.600902851139471e-01 -4.835754422038639e-02
-4.191230175495322e-02 2.769789610241443e-01
-2.633638836735208e-01 -1.841506860410643e-01
7.503387514550401e-01 -1.476300257592242e+00
2.482534153247273e-16
3.495527237870649e+02
3.747592678239425e-15
3.906250000000000e-04
2.700845521952135e-12
0.000000000000000e+00
1
1
30
52
3.410993313424197e-02 1.775070348769996e-01
7.477359416661532e-02 -4.567395220685708e-01
-5.684990734580366e-02 3.729523992310718e-02
-7.104324959935077e-02 1.924332739887748e-01
-7.479327604693842e-01 -1.097299898558420e+00
5.255778244727189e-01 1.071655870099053e+00
-8.328424978202477e-02 9.196488721509969e-01
6.117398382071955e-02 4.143721091767927e-02
2.248182925999596e-03 3.914017265275487e-02
9.401733000241809e-02 2.538409027852780e-01
-5.023836597907416e-02 1.073043626224263e-01
2.290110534680919e-01 -2.603085652055365e-01
2.482534153247273e-16
7.961652388618458e+03
7.721609209444002e-16
9.765625000000001e-05
7.271293508036738e-14
0.000000000000000e+00
1
1
31
52
-4.771109957706151e-01 -9.651578022564171e-01
2.717103623758720e-01 9.626244141455197e-02
3.644420615945657e-02 -4.189368056357778e-02
-6.778255806139457e-01 -5.024582922813829e-01
-4.571106583235389e-01 -1.175256702973319e+00
3.720953616028208e-01 1.469086001575694e+00
-7.078929191569634e-01 2.638625717433668e-01
1.093980548424071e-01 -3.455295488753694e-01
-6.263708170939842e-01 -1.883551855290717e+00
-1.187038842197011e-01 -4.036703620952431e-01
-1.877510062005903e-01 -1.809813950129632e+00
-1.536538726570903e-01 -2.871479349792181e-01
1.616509124176106e-15
2.744508623596741e+02
1.441600170546010e-15
9.765625000000001e-05
1.942908135882132e-14
0.000000000000000e+00
1
1
32
52
1.117659309217732e+00 -2.581775152367356e+00
3.184580138293473e-03 1.014956338415379e-02
7.396963820128875e-01 9.757406140674959e-01
-3.491481517790779e-02 -1.533902036395630e-02
-8.690046535422756e-02 -4.490532496830077e-02
1.021546624191647e-01 5.629070798651196e-02
5.594941143177252e-01 -1.574440142768164e+00
1.045757443686576e+00 -3.095920772587988e+00
1.219350360197502e+00 -2.569946781498248e+00
1.106732919689942e+00 -2.605744378893173e+00
8.881478040929828e-01 -2.384899656491125e+00
5.753789119647980e-01 -3.250838719594062e-01
7.105427357601002e-14
4.183537770518396e+04
7.584399694225593e-13
6.103515625000000e-06
9.954670732290367e-13
0.000000000000000e+00
1
1
33
52
5.676345884854010e-01 -6.222628692568126e-01
1.369240425609485e-02 8.012297336668413e-02
3.733153843833866e-01 -2.197123796015383e-01
-1.624631922297687e+00 -4.268476224023167e-01
1.171841457991817e-01 -1.318836946764240e+00
1.316196436995853e+00 1.588431799813488e+00
-2.507589411334760e-02 -5.867444232067885e-02
-5.290441819495321e-02 -1.065853554130731e-01
1.357306957747789e+00 -3.744669574354736e-01
3.437696760690753e-02 3.764361396165086e-02
4.934981027901512e-01 -4.452247075945668e-01
8.326503087659024e-01 -1.300223860107616e+00
8.881784197001252e-16
6.039828800589314e+01
2.341933752221915e-15
9.765625000000001e-05
1.164538751475481e-13
0.000000000000000e+00
1
1
34
52
6.682557923824274e-02 2.176098437058464e-02
2.330128442377779e+00 -1.454813681244553e-01
-2.561033721531171e+00 -1.839897765023399e+00
-1.058954532396140e+00 2.526598640144627e-01
-1.200038388993405e+00 -1.781589402300624e+00
1.779206234024272e+00 1.651669420214087e+00
-3.480293796641108e-02 7.364265277155483e-01
-7.786932346455351e-02 -2.401041452250286e-01
4.673802966424613e-03 -9.313472478201646e-03
1.266552381126213e-02 -1.798552584370244e-02
1.416391739754376e-02 4.706894721983881e-03
3.844740993362494e-01 -1.582333337706729e-01
4.440892098500626e-16
5.532277983151536e+06
1.164177866950972e-14
9.765625000000001e-05
6.623669095141479e-14
0.000000000000000e+00
1
1
35
52
-2.427622733289662e-01 3.759767593870849e-01
-1.056039538683464e-01 -2.821644540248002e-01
9.945454283069073e-03 4.192451575843390e-05
8.204469329884244e-02 2.771119340375910e-01
-8.089021929945156e-01 -9.817276065112839e-01
6.313730697393226e-01 8.260799757808180e-01
-5.647887661884703e-01 1.150866475928829e+00
-1.033543295137778e+00 1.388349110559590e+00
3.615692405298008e-01 -3.558921225848463e-01
-7.157756147131126e-01 9.294351478632056e-01
1.045194464021278e+00 1.398813750228905e-01
2.908605799141617e-02 -4.527104054771898e-01
1.457539398877658e-15
7.169055525761567e+02
4.828689635094086e-15
3.906250000000000e-04
1.171186666400092e-12
0.000000000000000e+00
1
1
36
52
7.173195033158479e-02 2.689483416182122e-02
6.871852531690380e-01 -5.416858599821885e-02
1.855416143683334e-02 2.238947101714420e-01
-2.686196999312541e-01 1.491985509937917e-01
-2.641058416516058e-01 -5.367063217709956e-01
3.627524181147213e-01 4.096330980897420e-01
-3.592896222059770e-02 7.357075672995410e-01
-6.098907312093164e-02 -1.631852210035615e-01
1.526646824424223e-04 -5.428088781855997e-03
-3.238514199261841e-03 3.284344900065524e-02
1.272254592543322e-02 -6.851257306725547e-02
4.315060171411899e-01 -1.791422246808567e-01
1.475229079552588e-16
3.703873490157944e+05
1.321944200141403e-15
3.906250000000000e-04
9.499383768766125e-14
0.000000000000000e+00
1
1
37
52
3.641492971248337e-01 -3.231178774908167e-01
2.595790603281170e-01 1.848014700500321e-01
8.100221287540021e-02 2.065330139461453e-01
-7.137784736656145e-01 2.795495677013464e-01
-4.609998076245386e-01 -7.186428266304871e-01
1.009702189783431e+00 4.335468434237706e-01
-1.282110648522139e-01 2.582914917228526e-01
9.642107016867534e-03 -5.567390883485641e-02
1.052985132532000e+00 -5.283038523888010e-02
7.083296717132878e-02 2.420458367400055e-01
2.532657027902892e-02 -1.623603833061911e-02
6.249575560730090e-01 -1.295172887984280e+00
7.108895957933346e-16
2.099482557471011e+02
9.174393332648500e-16
3.906250000000000e-04
5.936234608284917e-13
0.000000000000000e+00
1
1
38
52
5.645853395187075e-02 5.660353682661479e-02
1.452819105051758e-16 6.290623271389681e-17
8.624314363209112e-01 1.026775608290531e+00
1.391061920204578e-17 -6.607213460485746e-17
1.049661197617249e-16 -6.462572867844630e-17
-1.349976624577319e-16 9.313367314409572e-17
-3.900859505945680e-02 7.737924660033573e-01
-1.122061690367996e-01 -2.079542283326203e-01
-3.274159997789622e-19 -2.719247108328389e-19
3.752368158350054e-19 8.628114647095844e-20
5.645853395187075e-02 5.660353682661479e-02
3.516282041527311e-01 -1.279461824056543e-01
1.387778780781446e-16
5.715814381819908e+05
7.018506258996510e-16
3.906250000000000e-04
1.079523070479695e-13
0.000000000000000e+00
1
1
39
52
1.354673279534549e-01 4.421042323943181e-02
-2.325911394275595e-01 -7.799317165797349e-01
-6.518376978321957e-03 -5.995200399893386e-03
-1.531165397131173e-01 8.032484204230834e-02
-8.343962784286627e-01 -1.235817162275652e+00
7.934523733590515e-01 1.594360467322905e+00
5.896316915453808e-02 5.837642011001042e-01
-4.689842960762412e-01 1.875701888833681e-01
-5.710564997377469e-02 2.270548769725922e-01
-4.680709120622066e-01 1.058620745448395e-01
2.910764104747025e-01 -5.414751700630891e-01
1.161216353725600e+00 -1.825253241213231e-02
4.440892098500626e-16
1.402542038626559e+04
1.770240309232397e-15
3.906250000000000e-04
1.314571572984818e-14
0.000000000000000e+00
1
1
40
52
9.781881818596520e-02 3.438040048187364e-01
-2.457215187182741e-01 -2.255110059069678e-01
1.071633418247709e-01 6.860970404464596e-03
-1.879706558761323e-01 -3.909753363026726e-01
-7.734198257941773e-01 -7.850757490385609e-01
8.256431861666187e-01 1.553463371684506e+00
4.024999976717825e-02 9.661381692602520e-01
2.916732115950428e-02 5.307235288430789e-02
-2.998502715809619e-02 4.600516076767563e-01
4.190050592316158e-02 3.177056878314149e-01
-1.784021132993856e-01 2.671985179303198e-01
5.125645785872505e-01 -2.134404476250879e-01
4.002966042486721e-16
5.422847730404447e+02
3.052614593129571e-15
9.765625000000001e-05
1.478784145153826e-13
0.000000000000000e+00
1
1
41
52
1.006205473700845e-01 3.528541172892808e-02
-4.361040873702938e-01 -6.118141348880939e-01
-1.246384655453764e-02 -7.185799141034917e-02
-4.970526042035220e-01 1.251488982950592e+00
-1.431622533295722e+00 -1.716781972348167e+00
1.482265635942265e+00 1.051658627303635e+00
-2.170089310020070e-02 7.357399978223143e-01
-1.124763859791658e-02 -2.986332958819246e-02
1.671477647849251e-02 -9.894261863866976e-03
-6.659054612271243e-03 1.185386080124567e-01
4.400819498298732e-02 -1.904072651966627e-01
4.990678835424525e-01 -2.087478117919837e-01
4.577566798522237e-16
8.113879814279886e+04
3.925865916962474e-15
9.765625000000001e-05
1.267211497813416e-14
0.000000000000000e+00
1
1
42
52
1.423573575045311e+00 1.864064111498419e-01
-2.666010969004377e-01 3.735684261457919e-03
8.793562526496424e-03 8.829963578439884e-02
7.697992460855212e-02 -3.113473467374973e-02
-7.194029406969613e-01 -7.427156780586635e-01
7.157044385384501e-01 6.688940295746345e-01
1.432568385351501e+00 9.144946341061588e-01
2.181686015988367e+00 -1.032008798646104e+00
6.148519383867439e-01 1.175900326605986e-01
2.034954833526310e+00 -4.434062347172519e-01
7.867460651480347e-01 1.208185914371506e-01
4.171722629788643e-02 7.207231060094184e-01
2.152634570577249e-15
3.710007457298904e+02
1.102162266025444e-14
9.765625000000001e-05
9.240897845457147e-15
0.000000000000000e+00
1
1
43
52
8.932344028450738e-02 1.863488279121731e-01
1.893525573569348e-01 -3.075962156119268e-01
-1.026890308997671e-01 3.102874906964481e-02
-1.139928621543996e-01 1.223301438433338e-01
-7.052120873770946e-01 -9.538688991334568e-01
5.632573695027795e-01 9.715605023263482e-01
-2.931404263300578e-02 9.188787533900341e-01
5.323781612710879e-02 7.319040082809244e-02
4.997359684038109e-02 2.885183771288774e-02
1.033623510588106e-01 2.441564174816338e-01
9.282730338028446e-02 8.875592071561082e-02
2.523371058291364e-01 -1.956099162406763e-01
2.288783399261119e-16
4.491013684387963e+03
8.975830962148534e-16
9.765625000000001e-05
6.000987168019040e-14
0.000000000000000e+00
1
1
44
52
7.574399955494690e-02 1.476296272181591e-01
2.572085797902680e-01 -4.606234992456040e-01
-8.130616965273590e-02 5.895488440133480e-02
-1.647242408662821e-01 1.440895506364629e-01
-5.945649713321668e-01 -1.057846308004021e+00
4.557455521618614e-01 1.029957343731769e+00
-4.660293608473513e-02 8.844025515753696e-01
9.491950534638993e-02 3.372499704758287e-02
2.603459539425083e-02 1.556724658283140e-02
1.127069647571935e-01 2.307790808950240e-01
-3.535945236356032e-03 3.070169479171526e-02
2.743640998956374e-01 -2.430803146285565e-01
1.241267076623637e-16
1.031346491118834e+04
1.566364505087057e-15
9.765625000000001e-05
1.345570153131624e-14
0.000000000000000e+00
1
1
45
52
7.443924464377176e-02 8.017659766849655e-02
6.180545278550908e-02 -2.857619287595592e-01
-9.859044127998576e-02 2.068729413848573e-01
-5.421697982356791e-01 3.095365964268976e-01
-7.442571799521843e-01 -9.695878942754946e-01
1.051286527911584e+00 8.652654634557493e-01
-3.174794054284816e-02 7.996204739989721e-01
-7.153877660947101e-02 -1.994747196293449e-01
4.814585623589245e-02 1.536631854109674e-02
4.903799386741950e-02 2.869614204749968e-02
5.943006883729338e-02 1.326637795810459e-01
2.979006287719318e-01 -1.611766825903278e-01
3.510833468576701e-16
9.742927993767863e+04
3.786131506761785e-15
9.765625000000001e-05
4.627326458985478e-14
0.000000000000000e+00
1
1
46
52
2.225177911115194e-01 6.661947908384386e-03
-1.187328858813194e+00 1.816030190308001e+00
-3.738012276038104e-02 1.041019714559796e-02
-3.539171436194088e+00 -1.771585565737157e+00
1.537297306799825e-02 -5.022286455618596e-01
4.120873582467677e+00 1.539964806317713e+00
1.551607572083476e-01 5.416313993747985e-01
6.670304064137292e-02 -3.633741844808804e-02
-1.079021687032726e-01 3.736463176867467e-01
-1.369630137755937e-01 1.175523096285213e-01
-2.371994484519229e-01 -6.165433332761049e-01
1.210385621235116e+00 -2.122367191796076e-01
6.329245045284193e-16
1.079836431169427e+04
1.243538074951792e-14
9.765625000000001e-05
1.867816199024927e-14
0.000000000000000e+00
1
1
47
52
5.203326951537854e-01 -4.498437231610142e-01
-4.986843376450549e-02 4.877944616415127e-02
1.913052860234165e+00 3.461199523907464e-01
5.835727581341039e-01 -1.915049997280341e+00
1.219675380886867e+00 1.868946942050196e-01
-1.577424058696282e+00 1.576404181543104e+00
5.334112332401869e-03 1.979677204232694e-02
-4.022808277860747e-02 -3.484265997785298e-01
1.251672945025461e+00 1.257233472103584e-01
5.442171227732235e-02 3.704610278038415e-02
2.401793222909005e-03 -2.217882360198199e-03
9.408756933368260e-01 -1.375989070425276e+00
9.485749680535094e-16
8.502827102214891e+02
1.026691060384095e-14
2.441406250000000e-05
1.261752715213704e-14
0.000000000000000e+00
1
1
48
52
4.754094231874118e-02 4.206578871894997e-01
-4.069656517714259e-01 -7.258185633884184e-02
-9.550358449562413e-03 5.653226694489806e-02
3.353768924505540e-01 1.217585496677033e+00
-1.130422228012334e+00 -9.916706508733003e-01
1.029498679936433e+00 -2.496624241549372e-01
1.384160739471003e-02 1.197146044396037e+00
-6.426481311389538e-02 -6.141049038314603e-02
1.068534585756919e-03 1.160192393367696e-01
2.050804926274627e-01 1.653883309280121e-01
3.000827414216116e-01 7.046995733755569e-01
-1.583214309101155e-01 1.185370169739823e-01
4.440892098500626e-16
6.414091749699325e+02
3.916809718534948e-15
9.765625000000001e-05
4.161469601931637e-13
0.000000000000000e+00
1
1
49
52
2.160398661586499e-01 -3.419627965531160e-02
1.657983489064817e-01 -5.898642697190003e-01
5.661996343825348e-03 1.113421781426885e-02
-2.666693654623225e-01 4.545663222001761e-01
-7.671484278097088e-01 -1.189969149691931e+00
6.967458236143482e-01 1.134626037294993e+00
1.207422084932235e-01 6.277111754356653e-01
5.368252427801449e-01 -2.953560445145305e-01
-7.874340294811236e-02 1.987605959800517e-01
2.913293365873827e-01 8.850180377177537e-02
-5.403194860674355e-01 -3.961508638058830e-01
7.203928369707330e-01 -3.763424523382181e-01
2.288783399261119e-16
4.752704640817451e+03
1.257041967439804e-15
3.906250000000000e-04
3.218962619494215e-13
0.000000000000000e+00
1
1
50
52
1.118529911927611e-01 5.989998886346890e-02
-3.669518188148981e-03 -2.740698180933299e-01
-2.248044621735263e-02 -8.137197502496330e-03
-4.833392557993930e-01 3.829121851239677e-01
-8.293644774148794e-01 -1.110085430207154e+00
1.065414978612860e+00 1.025356741760713e+00
1.052621420357912e-02 7.574919565859795e-01
-4.904134362507377e-03 -1.805653652988758e-01
2.560712290094692e-02 5.051191644572347e-02
5.256841842415192e-02 3.865424718504457e-02
1.597927132066333e-02 -9.636200112724433e-03
4.287519146144410e-01 -1.641181523195885e-01
1.851527828850887e-16
2.277147485901190e+04
1.137044543347563e-15
3.906250000000000e-04
5.184726309929281e-13
0.000000000000000e+00
1
1
51
52
3.150291064175597e-01 -1.279682656790841e-01
3.923954706092263e-01 6.946025962741655e-01
-3.142315049893134e-02 -2.417010253213355e-02
-2.042867265255651e+00 6.846411630950006e-01
-3.147256307312079e-01 -1.177728932114890e+00
2.060056579127254e+00 2.053188249517450e-01
4.552353180517407e-02 2.729156079888151e-01
1.524113858743907e-01 -3.730121688846385e-01
5.142395833381697e-01 7.426361666980695e-01
-5.990888945476096e-03 1.788679121838974e-01
-8.421728648232382e-01 -2.751950617634171e-02
1.273054668838968e+00 -1.135779264124318e+00
4.588073047822200e-16
7.826140994426127e+02
1.995147104738600e-15
3.906250000000000e-04
2.540758187161003e-12
0.000000000000000e+00
1
1
52
52
6.178896855196394e-02 8.789468297953376e-02
7.307776881443526e-02 -2.453440970198227e-01
9.547224211057904e-03 -3.282336188937133e-02
-5.916835751398548e-01 2.057085323264965e-01
-6.351752247332266e-01 -1.123456452366384e+00
9.761937069247132e-01 1.100020237631188e+00
-4.197480727144482e-02 7.995906918246763e-01
-9.520471274649271e-02 -2.293240718502079e-01
4.872860412892902e-02 5.248984267929122e-02
3.756710510867519e-02 2.158137735691867e-02
1.813797030502129e-02 1.873133407905994e-01
2.994718916383290e-01 -1.803741256016005e-01
2.220446049250313e-16
5.205862700407486e+04
4.829624644512235e-16
9.765625000000001e-05
1.482893994776518e-14
0.000000000000000e+00
1
1
53
52
5.898206176028343e-01 -2.261396762708112e-01
-1.177486132973158e-16 -6.169535818421919e-17
8.624314363209116e-01 1.026775608290531e+00
7.843084929041235e-17 -1.731990367227743e-16
1.906655786572121e-16 4.666121444047130e-17
-2.469080143035540e-16 1.197918284677215e-16
-2.367728076952849e-18 3.713266373479033e-18
-1.008110860632658e-18 9.961050269000123e-19
1.495128229208971e+00 9.078753966055183e-01
-7.751545588158114e-02 5.339299028879539e-01
-5.898206176028343e-01 2.261396762708112e-01
1.508181822529422e+00 -2.020054156081287e+00
4.577566798522237e-16
2.892454566245622e+02
3.896129383945507e-15
3.906250000000000e-04
1.322051414707577e-14
0.000000000000000e+00
1
1
54
52
-1.981510344886260e-02 1.901688662418268e-01
2.714831658600130e-01 -4.099313407288442e-01
-1.038545948860466e-01 -1.314062826771092e-02
3.058294225562459e-02 9.178954602360896e-02
-5.862444195110129e-01 -9.236789082060562e-01
4.055906210059688e-01 9.514026457150951e-01
-1.539207257152138e-01 9.093726700087819e-01
-1.140593100639729e-01 2.300377443125677e-01
-4.604369016262230e-03 4.931839633824314e-02
-8.349455677969639e-02 3.499219113872379e-01
3.571745987429389e-03 1.708460256789615e-02
3.407151484676624e-01 -3.066922366457936e-01
2.482534153247273e-16
4.442243539965588e+03
5.202797002883332e-16
3.906250000000000e-04
2.663151040089112e-12
0.000000000000000e+00
1
1
55
52
7.112103843530928e-01 -4.598023131756851e-01
2.108770671303646e-01 2.620341733116660e-01
-6.875962275328558e-02 4.206471737488262e-01
-7.428617897008901e-01 5.903905640095188e-01
-6.787865656445977e-01 -6.017967620721266e-01
1.285041050690438e+00 8.043453267397839e-03
1.230526150174601e-02 -1.476946045152298e-01
1.270010321537170e-02 -4.066757567229377e-02
1.793834725371973e+00 4.211075122522221e-01
2.915406366961477e-02 3.780453825820542e-01
-9.121730929772895e-02 5.284625758338329e-02
1.282181979317056e+00 -2.020825915673416e+00
8.950904182623619e-16
7.075981733704950e+01
2.067949154305334e-15
9.765625000000001e-05
5.602532990411678e-15
0.000000000000000e+00
1
1
56
52
7.380310639683056e-02 1.593163549047732e-03
-1.250895362260547e-01 -2.468065358096668e-01
-5.125531015054134e-03 1.963435903791966e-04
-4.179015704223019e-01 4.415613392115847e-01
-9.190737040983457e-01 -1.091512896970530e+00
1.139979274761460e+00 9.715207823054739e-01
-3.478925690351191e-02 6.776778555953931e-01
-2.307096506448544e-02 -2.984626955573298e-01
1.224107953285794e-02 1.127139310419448e-01
1.438711401915592e-02 -3.893212643394141e-03
-1.957878781150013e-01 -7.032393161622816e-03
5.096727417870464e-01 -2.877515592917129e-01
2.288783399261119e-16
1.733259265702160e+05
9.425410334936030e-16
3.906250000000000e-04
1.996847761706789e-13
0.000000000000000e+00
1
1
57
52
2.538419401513105e-01 -1.795839398605365e-01
6.294135845371799e-01 -3.410692192508638e-01
-6.878998326315759e-03 1.114046057571597e-02
-5.485072499181823e-01 3.955989545171427e-01
-3.739780614151305e-01 -1.028857541217660e+00
5.930713461214633e-01 8.140336694762230e-01
2.013882498445722e-01 1.048502224104492e-01
-4.302275993472899e-02 -1.166808039139139e+00
7.655819982754038e-02 1.173724779570652e+00
-1.522284588294656e-01 -3.779574648242894e-01
-1.308566975002698e+00 7.614951182463958e-02
1.705274932101762e+00 -7.379907810410870e-01
8.753794358654253e-16
1.117301082531167e+03
2.869622353738184e-15
3.906250000000000e-04
3.437718245026563e-14
0.000000000000000e+00
1
1
58
52
1.789989157571139e-01 -6.701855772081211e-02
-2.767374761215307e-01 -6.247637161813809e-01
-4.242893593209223e-02 -1.130250093560389e-01
-2.643809341141269e-01 4.969126790524032e-01
-1.078183605307690e+00 -1.331764050003375e+00
1.137620450392598e+00 1.366895870259270e+00
7.090652491594306e-02 5.626191067995829e-01
5.065719548551668e-02 -3.954868049392375e-01
5.880513312426770e-02 1.674495081017970e-01
4.472021426330134e-02 -8.734328593337762e-02
-1.949613869540079e-01 -1.497304194712493e-01
7.080124953448046e-01 -2.747399670930054e-01
4.002966042486721e-16
8.131011090174423e+03
8.756901278630359e-16
9.765625000000001e-05
4.117954739170548e-14
0.000000000000000e+00
1
1
59
52
3.547736542597977e-01 -3.245829012795367e-01
1.826371944070999e+00 -1.880439301613044e+00
2.563813645920539e-01 -4.497830679883304e-01
-7.402155203509224e-01 -7.518530517978070e-01
1.215446616849372e+00 -1.956660321421202e+00
-1.337147450606744e+00 2.785736244226722e+00
-2.468974938121643e-01 6.431862040974559e-02
7.429264664128700e-02 5.964963494355209e-01
1.096624726106763e+00 3.698939225969708e-01
-2.587627437027091e-01 8.180025367473365e-01
-5.638332982525919e-01 -6.433486419444437e-01
1.463194513223103e+00 -1.977688810082759e+00
2.701289205785704e-15
4.082534989572376e+02
6.096260911969868e-15
9.765625000000001e-05
1.052079111872407e-14
0.000000000000000e+00
1
1
60
52
4.856803902625886e-01 -4.593174021672111e-01
-5.585838657651260e-02 -4.978018909149584e-02
8.944945311375935e-01 2.175583250351163e+00
1.740242402655704e+00 2.065339041640107e+00
-1.202531065766461e+00 8.655381900806420e-01
-5.889259835239352e-01 -2.491148337003219e+00
-6.920920642846149e-03 1.484316123251376e-02
-1.097468868977728e-01 -4.052502952755998e-01
1.188498857651239e+00 1.154631511274013e-01
8.402760295833612e-03 -2.344499892797882e-02
3.091260951921925e-03 -3.898552546703064e-04
9.443244400314676e-01 -1.308759933514345e+00
4.792360022662925e-16
1.255311393072739e+03
4.774056192420708e-14
2.441406250000000e-05
5.939060217135388e-14
0.000000000000000e+00
1
1
61
52
-4.752667043176209e-01 4.856197788392942e-01
6.174906070737159e-01 -3.745313551961239e-01
2.921424261581109e-02 -3.388695804336390e-02
-2.070084460000644e+00 -1.522520157533523e+00
-4.700709003867979e-02 -1.375823452055127e+00
8.771741383419570e-01 3.289648212380260e+00
-3.213830083382809e-01 1.365267705852117e+00
-9.903391792607472e-02 -1.735959363193219e-01
-8.839487190478102e-01 1.849822854241565e-01
-2.436238472123899e-02 1.866704515061211e-01
-6.542462468472270e-01 5.139681630427931e-01
-1.993745560113982e-01 2.094999879139413e-01
8.886119947416683e-16
1.687594143305163e+02
2.684438889848775e-14
9.765625000000001e-05
5.773159728050814e-15
0.000000000000000e+00
1
1
62
52
4.763012044110172e-02 -3.225993977182506e-02
-9.209457843216969e-01 -3.255627278358359e-01
1.504238626597699e-03 2.422306741069671e-03
-3.319758294616519e-01 -1.574847717004362e-01
-1.151295116355722e+00 -1.113595592385477e+00
1.499131088278541e+00 1.627667937556265e+00
2.679281488602916e-02 6.460604225820817e-01
-4.848861759657441e-01 -3.950914371624403e-01
-1.281576876851684e-01 -4.103933205753695e-02
-2.550448116167594e-01 -3.061531592742755e-01
3.468974231245869e-01 -9.232969869974893e-02
5.836503696303093e-01 2.340296217311181e-01
2.574881324168759e-16
5.669049679172584e+05
4.160210911042512e-15
3.906250000000000e-04
7.999193488866332e-15
0.000000000000000e+00
1
1
63
52
1.341951433174244e-01 7.825731532469925e-02
-8.723236215079470e-02 -2.781961117615582e-01
-6.054939707881889e-02 -3.741391457972324e-02
-5.559907831225525e-01 5.404989776915492e-01
-9.744106570519450e-01 -1.206404059621482e+00
1.257115334055843e+00 1.026280072728615e+00
3.118169494259899e-02 7.765027611891102e-01
-1.471179933197951e-02 -1.041259387385660e-01
4.106364520141342e-02 2.744718278884015e-02
4.532307662092305e-02 6.645336499971786e-02
1.225990918439556e-01 -4.552943740042863e-02
4.337368610734231e-01 -1.196586810634592e-01
2.482534153247273e-16
1.542531114452923e+04
1.288734016551814e-15
3.906250000000000e-04
2.269012718384565e-12
0.000000000000000e+00
1
1
64
52
5.940166695957610e-02 2.309125192586849e-02
2.965296282627674e-01 3.117714300524790e-02
4.663771203213201e-01 5.784666049014160e-01
-1.978359465261773e-01 2.921727185026782e-02
-1.219667360612435e-01 -2.823271333540164e-01
2.540266691315451e-01 2.560489985849847e-01
-4.434943483774304e-02 7.357357402745216e-01
-8.232247953657405e-02 -2.258146329634137e-01
1.472166793932700e-03 -2.430562450154989e-03
2.067204635961708e-03 -4.220359655092005e-03
-3.726963352528156e-03 -1.707895456406444e-03
3.941252195668420e-01 -1.751599731186796e-01
1.665334536937735e-16
8.058390184910176e+05
1.817582798344873e-15
3.906250000000000e-04
1.061342000576698e-13
0.000000000000000e+00
1
1
65
52
1.469560222305705e+00 -1.272335152232686e+00
-3.725602919679652e-01 -1.835225435695776e-01
5.282922400650257e-02 7.378012766441862e-03
6.810629037163628e-02 1.603360463316860e-01
-9.514902369439944e-01 -8.031130711745844e-01
9.647502311002072e-01 9.366801044871573e-01
1.393108062487153e+00 -1.235650762511026e+00
-8.068658465687875e-01 -1.278538861292579e+00
7.041593987637853e-01 -3.751145199210718e-02
-7.537501045930338e-01 -1.795199973357820e+00
2.066517049223608e+00 -2.706143133573470e+00
3.617824670026566e+00 1.065104256278325e+00
1.854570987253821e-14
7.804338794164333e+03
3.573669473691491e-14
9.765625000000001e-05
3.824843197743362e-14
0.000000000000000e+00
1
1
66
52
-1.141204305058982e+00 -3.486849725452164e-01
-4.403612226753781e-01 -7.932178921146316e-02
1.851728148900704e-02 1.666118254956648e-01
3.013026062163065e-01 1.680843600812120e-02
-9.674357259268346e-01 -5.683998344034584e-01
8.288141972468368e-01 7.236609675433086e-01
-1.495987879881710e+00 5.463418112878518e-01
-1.211036924729149e+00 -4.160979374376114e-02
-2.773645874088122e-01 -4.283792440720551e-01
-1.035970605886363e+00 3.534490850807825e-01
-1.457086323251600e+00 2.426527610321486e-01
-7.789558785645175e-02 -1.649200880597654e+00
1.831026719408895e-15
2.179532114524895e+02
9.150168993126796e-15
9.765625000000001e-05
5.260296706345169e-13
0.000000000000000e+00
1
1
67
52
7.382616737378790e-02 8.573865918365804e-02
1.063682035952403e-01 -2.207749405484330e-01
9.343323917450672e-02 -9.475352078496532e-02
-6.036689288402247e-01 1.607863337370175e-01
-5.442226435348574e-01 -1.153106523042038e+00
8.842598454336187e-01 1.152415262428433e+00
-3.405112538193030e-02 8.014738713606254e-01
-8.071057718251332e-02 -2.088462480829172e-01
6.041956739362482e-02 3.131759085478778e-02
4.873782766806047e-02 2.883580759749010e-02
5.191465880443526e-02 1.663721626788908e-01
2.924109536135021e-01 -1.730893147835518e-01
1.688305753616065e-16
9.084345780269751e+04
4.460619091783260e-15
9.765625000000001e-05
1.008755385068328e-13
0.000000000000000e+00
1
1
68
52
1.540480380490383e+00 2.900867887836293e-01
1.548267715489309e-01 9.999110664738903e-02
4.272706398535739e-01 2.259420771370353e-01
-7.281798716783185e-01 -4.714687809297011e-01
7.905004411024157e-02 -6.291980766434329e-01
5.785483980776295e-01 9.475922193071680e-01
1.108982139615466e+00 2.026307452942735e-01
1.084266723746949e-01 -1.404299354638447e-01
2.142733954237348e+00 1.690853343263695e+00
3.784408077814424e-01 2.500045278960714e-01
9.540655222507325e-01 9.577923972560050e-01
1.917586693080683e+00 -9.278346900793193e-01
3.898843400940793e-15
3.338046021593179e+02
1.324547289825184e-14
9.765625000000001e-05
7.612034293383584e-13
0.000000000000000e+00
1
1
69
52
6.819566260712577e-02 -6.706672620472252e-02
-1.857259269837711e-01 -1.382073559688850e+00
7.681392769759920e-02 1.186454452091155e-01
-3.107555021981956e-01 -1.562978662636800e-01
-3.950014099296361e-01 -1.428084980403648e+00
5.759097479322266e-01 2.029857232189736e+00
-1.433312638662496e-02 6.207175961580524e-01
-1.893828051962116e-01 -4.672987043513757e-01
-1.150454537421289e-02 1.179684936182059e-02
-5.220316684246131e-02 -2.062763425136931e-01
-1.326972173529427e-02 2.860500255450320e-04
4.914221992612265e-01 -1.069458718511958e-01
4.577566798522237e-16
1.328077676557552e+05
4.432339526503004e-15
3.906250000000000e-04
5.316417465307548e-13
0.000000000000000e+00
1
1
70
52
6.931012673858646e-02 2.053275275112822e-02
3.693057703342940e-01 1.984330586698386e-01
5.499168651348925e-01 3.663211870738513e-01
-1.669603558269921e-01 3.220158312947166e-02
-8.873736363653074e-02 -3.211082873491695e-01
1.768136950194534e-01 2.740947822891840e-01
-3.105220365134249e-02 7.299682905752708e-01
-7.130613730198541e-02 -2.151845603002003e-01
-8.066927987517769e-03 -2.026577198239340e-03
8.763186609121247e-04 -4.053334264452074e-03
5.867416823118679e-03 -4.110319446153447e-02
4.218630550773486e-01 -1.592087909673030e-01
1.177569344012831e-16
5.615747260737915e+05
2.260739296490261e-15
3.906250000000000e-04
9.336813920690543e-14
0.000000000000000e+00
1
1
71
52
1.096110072992943e-01 -1.101853473840171e-01
-1.790003443170057e-01 -4.487125114384159e-01
-3.891515290874614e-02 7.816362603399905e-02
-2.076709526988683e-01 6.180271271781225e-02
-8.144870727920506e-01 -9.059119408902768e-01
9.842892288138092e-01 1.222010864971865e+00
-2.812340830996788e-03 5.630053986303668e-01
-8.547952165227794e-02 -4.869216133611504e-01
5.758299925175506e-02 3.327943865873657e-02
2.730217637017080e-03 -1.836053601206364e-01
-1.115413755922458e-01 -4.852759603486298e-02
5.453629602504412e-01 -2.344614637223887e-01
1.844036349440735e-16
9.772903095158632e+03
9.548715716770274e-16
3.906250000000000e-04
8.441953855609246e-12
0.000000000000000e+00
1
1
72
96
0.155141678061245793581168196500e1 0.376216180042780975291900621024e1
0.709049428382928294042981213512e-28 0.488380761722347677506937129725e-27
0.862431436320911260670876784714e0 0.102677560829053110254387989628e1
0.477296198961243088737438878823e-21 -0.672341341485644182409107866954e-22
0.120441180053661640789123955026e-20 -0.245637025478276654398606414291e-21
-0.124947018975370731062193708307e-20 0.251080215430288962418865404989e-21
0.155141678061246387648706627552e1 0.376216180042780583402988395355e1
0.155141678061245488035055296764e1 0.376216180042780935687945852831e1
0.155141678061245506335986087852e1 0.376216180042781163213735196665e1
0.155141678061245657440336049074e1 0.376216180042781189377680404921e1
0.155141678061245604687168073478e1 0.376216180042780971208561766856e1
0.340852577768433025060217462362e-14 -0.196708117342254021204722051639e-14
1.22941433495509e-15
2.640184181250186e+29
2.81919735729397e-16
1.52587890625000e-6
8.65303089959626e-16
9.765625000000001e-05
1
1
73
52
4.920923548739795e-01 -5.518855412719560e-01
1.256619146791313e-02 2.095482741828239e-02
-9.852562754553110e-02 1.070830034644216e-01
-1.504066468488889e+00 3.197105909184733e-01
-5.196550786022642e-01 -1.211484918581802e+00
1.798773007922230e+00 8.927380684222436e-01
1.904435412796668e-02 7.768511222155830e-02
-5.820557392417951e-04 -4.522599445656878e-03
9.637832892785694e-01 -4.922094633662901e-01
7.937505766333978e-03 1.210815747405330e-02
5.801628916264006e-01 -7.480069164276466e-01
8.248432621231436e-01 -8.859520853950170e-01
7.204179403831521e-16
3.687276123405640e+02
1.042944202017423e-14
6.103515625000000e-06
5.759564839523475e-14
0.000000000000000e+00
1
1
74
64
0.654215893836357528205e-1 0.269312498458148680450e-1
-0.151777910899592104958e1 0.207480846383053069669e1
0.605213804526530954261e1 0.342437580853002591778e0
0.772866366161121596482e0 -0.130635712340163075043e1
0.266057040649792343268e1 0.511871832318932337756e0
-0.313440369087793197661e1 0.266725664487976138885e0
-0.361234818909971487925e-1 0.742248356244858627706e0
-0.843324100046209365044e-1 -0.234835024844092966421e0
0.674827522508621388733e-2 -0.916980780717359194021e-2
0.109516814037078556203e-1 -0.150024351524658181707e-1
0.230127733800587741018e-1 0.153546220652836514370e-1
0.376969665593852982496e0 -0.155001377416789500683e0
6.57402346299058e-19
1.366174385145648e+08
3.47446806093275e-16
2.44140625000000e-5
4.14317135404831e-15
7.500000000000001e-02
1
1
75
52
1.539620382769281e-01 1.714461114357768e-01
-9.876061189422246e-02 -3.359670289074108e-01
-4.138601646772921e-02 -5.955784507859380e-02
-2.541524486049173e-01 2.525917707622570e-01
-9.905475306183861e-01 -1.075782024353348e+00
9.765776298015701e-01 1.251922456917604e+00
5.967820214013361e-02 8.626547563449088e-01
7.715879186054583e-02 2.150674965653831e-02
2.758382011364491e-02 1.087402565560952e-01
9.549413910957859e-02 1.869466840835921e-01
1.003584782299345e-01 -1.625925554102986e-02
4.275927389013663e-01 -1.214733535260331e-01
3.554447978966673e-16
6.339007543731751e+03
1.243881827562123e-15
9.765625000000001e-05
2.782210925232158e-14
0.000000000000000e+00
1
1
76
52
1.646095708691830e-01 3.500926600863891e-01
2.608698141924090e-02 -1.038529787807217e-01
5.395094977456940e-01 3.534875557598722e-01
-1.200399534727022e-01 -1.414903782975227e-01
-2.394936047932168e-01 -5.810731592588421e-01
2.113929338159244e-01 7.856192293132001e-01
4.955808963608751e-02 1.015649782238965e+00
3.085442487045512e-02 8.233328352887379e-02
1.968506017234081e-01 3.057357742896025e-01
1.565550290281155e-01 3.218209913474900e-01
1.188089115282372e-01 4.727270498133326e-01
2.424560991358940e-01 -2.276383598753112e-01
4.475452091311810e-16
4.160902979310142e+03
6.952455722021988e-14
9.765625000000001e-05
2.687048140312232e-12
0.000000000000000e+00
1
1
77
52
-4.608881180217882e-02 -7.255192934397521e-02
1.061037212142216e+00 -2.960335651806083e+00
4.577567479962542e-02 -1.690604180142908e-02
3.764985566676598e-02 7.110700648028118e-02
7.662830141356983e-01 -2.227305761661173e+00
-1.165423175047356e+00 2.384791287724478e+00
-1.668351198990407e-01 5.728314913906420e-01
-6.084265269324709e-01 -1.821167065243531e-01
1.068506005795020e-02 4.341236287446945e-03
-4.203836467719296e-01 -8.928533941686753e-02
1.323315191335676e-01 -1.040648609544108e-01
6.727606514149754e-01 -1.916184955701437e-01
3.140184917367550e-16
1.841314324845698e+05
4.888341659857429e-15
3.906250000000000e-04
1.071513207599226e-12
0.000000000000000e+00
1
1
78
64
0.110116516316424616518e1 -0.245385828756609126306e1
-0.581267261340838504651e-1 0.520957133074793920096e-1
0.575014064944096626596e0 0.436208749996528345017e0
-0.915555551094219114322e-1 -0.175081309612016627794e0
-0.189808658989209428576e0 -0.501710467425603736952e0
0.187170508988801162400e0 0.560376047273230793637e0
0.623244023312105421386e0 -0.144171182546521337508e1
0.100210360555879766150e1 -0.273085487982346096286e1
0.958264285830364083321e0 -0.259109003588937673954e1
0.973488101109773829934e0 -0.246866778897523499962e1
0.112797732159600181659e1 -0.273701108570442134421e1
0.737271279416491708068e0 0.103559740299970165534e-1
4.42334858158989e-15
4.807286571207472e+03
2.13107863579993e-17
9.76562500000000e-5
6.95495314380826e-13
2.749999999999997e-01
1
1
79
52
5.622591326784603e-01 -5.877429474521192e-01
2.668541269294077e-16 -1.525009124266989e-17
8.624314363209085e-01 1.026775608290532e+00
-8.880089322041144e-16 2.959070697449607e-15
-2.785819320957799e-15 -2.694840752089444e-16
3.382327018658919e-15 -2.280764870057103e-15
-6.690777390733486e-18 6.078317337692397e-17
7.761792925849927e-18 -1.827290132144774e-17
1.246218397223267e+00 -4.293034665876237e-01
4.156560511874838e-02 7.616919883830790e-02
5.622591326784604e-01 -5.877429474521192e-01
8.321619052874469e-01 -1.170211509575511e+00
5.900916318210353e-16
7.512507566378063e+02
5.236384157770577e-15
3.906250000000000e-04
9.926463334630952e-14
0.000000000000000e+00
1
1
80
52
3.780625772666246e+00 -2.760698186593932e+00
-1.554093766570805e-01 -1.592861864891536e-01
1.130512940098441e+00 1.286317520263102e+00
1.009060758401872e-01 2.065472790014352e-01
1.034854609916096e-01 2.655033557579418e-01
7.176014289093921e-02 -2.565169694061200e-01
2.571285669846249e+00 -2.476517592238223e+00
2.595953884668109e+00 -2.787498891376453e+00
4.620126941309353e+00 -1.804222542718640e+00
2.655323711578808e+00 -2.437431486988753e+00
3.500644113082592e+00 -2.391920823628953e+00
1.981400545526777e+00 -9.900504454344262e-01
5.149351787847944e-13
4.253765143493382e+04
3.342821344793264e-14
2.441406250000000e-05
4.924612955202789e-13
0.000000000000000e+00
1
1
81
96
0.155141678061245760428083376873e1 0.376216180042777458193858306400e1
-0.699264316144158271405750046436e-26 -0.697271034758149976421015267360e-26
0.862431436320911267019567884151e0 0.102677560829053122104857704679e1
-0.117114129052657400825743446381e-22 0.623936074966077131576580184900e-22
-0.343509766601656059254062058238e-22 0.156335826939691167405027300650e-21
0.544541658735987252163053902882e-22 -0.170822643618545761084736412889e-21
0.155141678061245898257627117746e1 0.376216180042777606725915422328e1
0.155141678061245145171817867845e1 0.376216180042777375373233955580e1
0.155141678061245868848204881140e1 0.376216180042777683392342746163e1
0.155141678061245450654904184738e1 0.376216180042777890353653298206e1
0.155141678061245638592617991754e1 0.376216180042777850467497496455e1
0.629222474111138514328960227417e-14 -0.639936777632533169000936332467e-14
1.18757468529014e-15
1.154745578108196e+29
5.04559081569063e-17
1.52587890625000e-6
3.58104578646127e-16
2.441406250000000e-05
1
1
82
52
1.288388497035421e-01 -1.234627158875901e-01
1.483629629591998e-01 1.602526623141084e-01
1.065753478591052e-01 -1.392472034387343e-02
-4.101706227025657e-01 -5.790051362289704e-02
-3.195644068184317e-01 -9.840936373367767e-01
5.113797821316751e-01 6.710602941774195e-01
1.051158753165510e-03 6.942258018412460e-01
4.583518682146982e-02 -5.497645290528863e-01
1.262390172862288e-01 -3.425039270145009e-01
2.471326058119113e-01 -2.728704618493156e-01
2.302493032648824e-01 1.062124419444552e-01
1.884135808446650e-02 -5.720089397999234e-02
1.734723475976807e-16
3.877095648465439e+03
1.662449995737593e-15
3.906250000000000e-04
4.231406458579061e-14
0.000000000000000e+00
1
1
83
52
5.688164601553025e-01 -3.858673279138330e-01
-2.894150698796769e-01 3.326898694165997e-01
-5.427914333599626e+00 2.523021741189312e+00
-4.844700260000374e+00 1.397584242867979e+01
-8.714555474739980e+00 -4.029040610369218e+00
1.155817325167453e+01 -8.712834350455831e+00
9.146342145935457e-02 3.322607888452377e-02
-1.675899057461476e-01 -3.350345164201694e-01
1.245756584445725e+00 2.445766493521062e-01
-2.387378524423183e-02 -2.125864798936537e-03
1.639716738512699e-01 3.903405656740565e-02
1.071795999947816e+00 -1.214511475756080e+00
3.885879711979474e-15
1.746984063210099e+04
2.754213683121967e-13
2.441406250000000e-05
5.506419972043399e-12
0.000000000000000e+00
1
1
84
52
1.058545493842142e-01 -2.564232413663386e-01
3.648514684022522e-02 -2.589941541003457e-01
5.381650836484058e-01 -7.598531420384189e-02
-2.034364193559300e-01 -5.009044075873340e-01
-1.416796411321224e-01 -8.003840257534255e-01
2.496530129908363e-01 1.524574157139947e+00
-1.422623434286271e-01 4.943621027021748e-01
3.845503099309329e-02 -5.005889436507385e-01
3.377555659658414e-01 -2.417412441454569e-01
1.511065587321574e-01 -1.327743762689371e-01
-1.344489882755666e-01 3.458052279592253e-02
2.334016304842318e-01 -5.994387024367830e-01
2.775557561562891e-16
2.955702357759898e+03
9.353488842459814e-15
9.765625000000001e-05
2.919411610851168e-14
0.000000000000000e+00
1
1
85
52
4.512772642580756e-01 -3.182859296445367e-01
3.919425511711639e-02 3.953112650146697e-01
-2.834679097958998e+00 9.952150532831174e-01
-4.010255319681483e+00 6.725003480265032e+00
-4.199514905058626e+00 -2.922763013492121e+00
7.037973652186207e+00 -3.463034583882043e+00
3.881075765465675e-02 1.539025365964904e-01
-1.194178929820335e-01 -3.108405518450095e-01
9.919590985669980e-01 2.196801510970647e-01
-2.079901497346861e-02 2.636609691579081e-02
2.115820985996039e-02 5.949804863550641e-03
9.672917828708104e-01 -1.088674423215622e+00
1.986027322597818e-15
3.336551249524328e+03
8.801630218685050e-14
2.441406250000000e-05
2.071224647849510e-12
0.000000000000000e+00
1
1
86
52
8.928943485254051e-02 9.061014302690863e-02
2.375560710310671e-01 -1.925829463215582e-01
-2.052202528039053e-03 1.729035216075001e-03
-7.872600278340577e-01 1.176522870994635e-02
-5.295593929408704e-01 -1.139106344740235e+00
8.748903559215387e-01 1.256193856320480e+00
-2.774937737108222e-02 8.707516373804598e-01
-1.603974646768576e-01 -5.389757529306089e-02
9.202045540098612e-02 -2.218717753364632e-01
4.178042601611315e-02 2.583198246105556e-02
4.678124161509935e-01 9.806967262232148e-02
1.127999197163368e-01 2.050444211973900e-02
3.510833468576701e-16
2.961317467803786e+04
1.185264838874456e-15
3.906250000000000e-04
5.648560212181747e-14
0.000000000000000e+00
1
1
87
52
4.262436721851965e-02 1.743728535470242e-01
-3.523257537792803e-02 -2.388782239552691e-01
2.241448687111708e-03 2.527705742096341e-02
-6.822400936925908e-01 2.287647208764354e-01
-8.092329658102683e-01 -1.127620424524715e+00
1.153095090374587e+00 1.216884030593809e+00
-1.435623672855193e-02 9.150508018779312e-01
-1.689711611829721e-01 -1.945591744543403e-01
-3.126505174794682e-02 1.513901850944891e-02
3.134628949229564e-02 -3.266191252641755e-03
2.111491459825457e-01 2.786407581002152e-01
1.770812413150113e-01 4.320840173073802e-02
1.665334536937735e-16
9.339369795379449e+03
9.522573041116757e-16
3.906250000000000e-04
6.709863188860574e-14
0.000000000000000e+00
1
1
88
52
9.620553970419073e-01 1.676142671735287e+00
3.022844545966732e+00 -1.286474377502675e+00
-4.676830854557109e-01 -2.039354027542229e-01
-3.051382501265708e+00 -2.527527232168726e-02
-3.007383213291260e-01 -2.691780444278387e+00
-1.454766636243901e-01 3.865445000458081e+00
1.450244957589798e+00 2.232059692199241e+00
2.123524022936174e+00 8.095482220788793e-01
-8.016364971459354e-01 1.581017556482356e+00
1.505624942939655e+00 1.031043773225181e+00
1.800735924955283e-01 2.453230949146487e-01
5.878347481229619e-01 1.472209763302008e+00
3.449061096984636e-14
4.462918884579827e+03
1.715428172077959e-14
2.441406250000000e-05
7.190595272489079e-14
0.000000000000000e+00
1
1
89
52
5.788395698211325e-02 -1.028791729700605e-01
5.708310050608535e-02 8.171319913025008e-01
9.659578897661508e-03 1.562419418732786e-03
-3.427840610182823e-01 -1.854969178481114e-01
-3.834751708805045e-01 -6.862936088148921e-01
6.334208869101903e-01 1.040959139282957e-01
-2.808537304320392e-02 6.878210757241170e-01
-2.796792844016919e-02 -7.519149119317744e-01
3.305898605277717e-02 -1.802336505285141e-01
2.043640831529865e-01 -3.601570358860515e-01
-1.213203952681124e-02 2.869218992678431e-01
5.116617370615088e-02 -6.991818960678235e-02
2.259140179941514e-16
2.381928052519265e+04
8.587799341539971e-16
3.906250000000000e-04
2.493062597795428e-15
0.000000000000000e+00
1
1
90
52
5.182194294514385e-01 2.238919960015311e+00
-5.902635260854331e-01 9.020056639778383e-01
-1.588061941677481e-01 -2.475316940603549e-01
7.769618019950453e-01 -6.903814293599009e-01
-5.285818768469199e-01 -5.539796195386579e-01
2.436837595359407e-01 -1.359256264590183e-02
8.201276422517161e-01 2.725659837530900e+00
2.085776837062333e-01 1.432939160354403e+00
6.645178503416645e-03 1.841923828133078e+00
6.046041253547256e-01 1.429219828926890e+00
1.242367801976496e+00 2.390044582299583e+00
-2.840732160843403e-01 1.149062814774590e+00
3.177643716156510e-14
2.417184327239817e+03
3.472310078071696e-14
9.765625000000001e-05
7.024520050714756e-13
0.000000000000000e+00
1
1
91
52
-5.131015975861941e-01 -5.138012027186531e-01
2.899411864256794e-01 -1.192996104907358e-01
-7.701365059394590e-03 -5.251860324586085e-03
-1.522766912795055e+00 -9.845150222432131e-01
-3.279175525910543e-01 -1.140718502929159e+00
1.066285958680832e+00 2.368951097298539e+00
-6.441156650391827e-01 6.427538123493711e-01
1.158294401639793e-01 -1.428071629915995e-03
-7.810939055165322e-01 -1.372465725225046e+00
-1.273700681363188e-01 -4.671135705417247e-02
-3.018586958693698e-01 -1.381179868823802e+00
-1.462658910900943e-01 -1.648090277282537e-01
9.155133597044475e-16
4.008785690941224e+02
4.084388830380210e-15
9.765625000000001e-05
3.953391794989626e-15
0.000000000000000e+00
1
1
92
52
5.217820100052349e-01 5.210052098537064e-02
2.200582214741890e-01 1.420106846522215e-01
-2.934483095062167e-01 -5.480821653128044e-03
-8.808244472623876e-01 1.071794154337630e-01
-6.247670622330417e-01 -8.307462233779217e-01
1.441715621641513e+00 7.438144092722067e-01
1.073943014840223e-01 5.374932834053462e-01
6.721632591963507e-02 -3.486066031560745e-03
1.151594328073005e+00 4.360223049757448e-01
2.319804786082212e-01 3.678927314855310e-01
1.692398017068701e-01 5.906934931013144e-01
5.841829065454575e-01 -1.089257378942779e+00
4.440892098500626e-16
1.331536775672228e+02
6.624375090606951e-16
9.765625000000001e-05
1.643589479521974e-13
0.000000000000000e+00
1
1
93
52
3.695015846091600e-01 -4.201779406766962e-01
1.426946418521820e-01 -1.629215220857709e-05
2.964003302234200e-03 4.067096045490152e-01
-6.328436055823417e-01 -2.088299779414410e-02
-4.476438782393678e-01 -5.561341386942975e-01
9.991233658784674e-01 6.180044878356403e-01
-1.099923306782855e-01 2.800284162235953e-01
2.696138252923264e-01 -3.127038688142927e-01
9.947912739003537e-01 -3.347562542683225e-01
3.368875537884030e-01 6.673885970210987e-02
2.066788595755010e-02 -1.735601981200613e-02
2.818613247669437e-01 -1.185475260950920e+00
1.853152403901387e-16
2.082606088881427e+02
1.497062354699504e-15
2.441406250000000e-05
5.226604091682147e-14
0.000000000000000e+00
1
1
94
52
-1.756031861770340e-01 -4.262298509628270e-01
2.395102800164353e-01 -6.993753642508513e-02
-4.755876608230696e-02 -5.251724632295521e-02
-5.296283888230641e-01 -2.650153657431502e-01
-5.062159345391366e-01 -1.058391233877227e+00
5.910197313087204e-01 1.273320124866475e+00
-3.025679696632772e-01 5.210658851895270e-01
-2.257621421447385e-01 -9.335777805944624e-01
-1.139631080453546e-01 -7.649595538618610e-01
5.569519452585946e-02 -6.041573885565013e-01
-4.814159763135385e-03 -3.146237032681717e-02
-2.049235501898671e-01 -9.240752747732729e-02
7.021666937153402e-16
1.981058693743573e+02
9.387350002906681e-16
3.906250000000000e-04
9.880403803090081e-13
0.000000000000000e+00
1
1
95
52
-3.588285929292104e+00 8.666709850254767e-01
3.518013824623551e-01 2.214604531060661e-01
1.860852729743942e-01 2.923850303637369e-01
-4.010640276259336e-01 -5.796547492631612e-01
-1.880332413533471e-01 -6.616456456210655e-01
8.482957543473138e-02 9.000592089100035e-01
-2.871301646484142e+00 2.554480798050106e+00
-2.025390614653260e+00 4.165596618498129e-01
-4.452598430710890e+00 -6.996591393952786e-01
-2.014405903000819e+00 6.975900663949958e-01
-3.461971171584779e+00 4.971764029318794e-01
-1.836508536862863e+00 4.438589425067672e-01
9.237055564881302e-14
1.622048105141206e+04
2.028022487735919e-14
2.441406250000000e-05
3.054454374467183e-13
0.000000000000000e+00
1
1
96
52
6.367721413210564e-02 -6.804537989550772e-01
2.510539320023734e-01 1.778579434254668e-01
5.271226322170486e-02 7.877373872333985e-01
-2.022766226101875e-02 1.093286855006304e-01
-6.664044302443395e-01 1.408605323560156e-01
7.000304012946008e-01 3.593645003957448e-06
5.043614227258212e-02 -1.406812815753358e-01
-1.026173923800316e+00 -1.846940371012310e+00
1.212384050027926e-02 1.891491041295548e-03
-5.202675858252709e-01 -1.398803018216256e+00
-4.741580429775939e-03 1.846570587315641e-03
1.072086135325389e+00 1.603319817114804e-01
1.050669754459652e-15
1.990375344923963e+02
4.164911115914618e-15
3.906250000000000e-04
5.060633269336482e-12
0.000000000000000e+00
1
1
97
52
5.031169670362884e-01 -4.583057361459537e-01
-2.466490551367462e-01 -1.026750804924292e-01
5.338236459325177e-03 1.245933617720689e-02
-6.260172320426921e-03 6.305511807703967e-02
-7.772262327840109e-01 -9.612382617550388e-01
7.050252288305002e-01 8.420613516625054e-01
6.698194893603331e-01 3.428282930002949e-01
1.368950032732023e+00 -2.683515292354373e+00
-3.087341928049138e-01 8.677843019676112e-02
1.357753069644043e+00 -1.455665697412803e+00
-1.073364382317192e+00 2.924155658279479e-01
1.147416765558577e-01 3.606142866409518e-01
1.370181195969598e-15
1.563104078394540e+03
1.466541982015759e-15
3.906250000000000e-04
7.393251796250680e-14
0.000000000000000e+00
1
1
98
52
4.479383916515097e-01 2.559343956133596e-01
3.788996783586818e-01 -5.263573232986954e-01
5.216839648363530e-03 5.515828280112151e-03
-4.896986333888677e-01 6.223649118188869e-01
-6.930603517727242e-01 -1.237586013567940e+00
7.440727204062403e-01 1.007620299517131e+00
6.160944408220499e-01 1.024109811419093e+00
1.508154511336757e+00 6.172803866543081e-01
-9.602719980674737e-01 -6.534213775298255e-03
6.174590554813366e-01 5.003608083561077e-01
-1.673974413605592e-01 -1.940586995069276e+00
1.124181724436142e+00 6.509892384869604e-01
2.389489498068365e-15
2.196648685996370e+03
2.907213784939625e-15
3.906250000000000e-04
2.656172564828789e-13
0.000000000000000e+00
1
1
99
52
8.103237144309752e-02 -4.658689910556528e-01
-6.980505000467219e-01 7.658145080193697e-01
1.912547229417927e-01 1.112153813212434e-01
1.364098086427678e-01 4.720688048279527e-01
-1.469247339462452e+00 -4.005402187249707e-01
1.373460966732103e+00 1.577723953359260e-01
-2.928606476531690e-01 -7.755695865667257e-02
-9.601355966089873e-01 2.047216660632075e-01
5.157316497504471e-01 1.598574098633401e-01
-9.771287394694086e-01 1.326767700841561e-01
-1.444334080394906e-02 -8.949234408608818e-01
1.748786044009344e+00 -1.041438610762288e+00
3.973993651728112e-16
1.652434726981886e+02
2.710387720802447e-15
3.906250000000000e-04
5.571782309850039e-14
0.000000000000000e+00
1
1
100
52
4.082433188191782e-01 -9.582705399254885e-01
1.115776702323506e-01 4.747459264497962e-02
2.150203877192889e-01 5.662692581295676e-01
-6.860288453543510e-01 -1.942124538414610e-01
-2.060782801815098e-01 -4.245585132651923e-01
8.371078519668277e-01 5.714281792095577e-01
-2.688791191996722e-01 -2.460355568642539e-01
1.701289094886393e-01 -5.367042325662151e-01
1.351486203745804e+00 -7.895342108572779e-01
2.173118571697179e-01 -1.692148935139853e-01
1.940843953346127e-02 -5.166894328220117e-01
4.630485820668588e-01 -1.669042021771945e+00
6.280369834735101e-16
5.592960815175213e+01
6.875291731350733e-15
9.765625000000001e-05
1.347373991500199e-12
0.000000000000000e+00
1
1
101
52
8.719754964191814e-02 4.925280399050207e-02
3.094114413886451e-01 -3.085853538080536e-01
-5.801702264145939e-02 1.095099062428843e-01
-5.116400097153408e-01 2.546682766636960e-01
-5.414086218821864e-01 -9.896091626060646e-01
7.823930518843166e-01 8.858951769066442e-01
-1.727060278084004e-02 7.692930146082704e-01
-1.242031015878049e-02 -1.711061549608649e-01
1.051120131432529e-02 -1.146668430055819e-02
5.238347470002231e-02 3.692021745526702e-02
3.365063683697625e-02 -1.842527469558870e-02
3.688243955636912e-01 -1.573543491100654e-01
2.220446049250313e-16
9.352423295279821e+04
1.140543818537798e-15
3.906250000000000e-04
1.066759965855916e-12
0.000000000000000e+00
1
1
102
52
3.283953070687247e-02 2.539815084704944e-02
8.473129632150572e-01 1.358777781173436e-02
1.668913335749058e-01 4.497992103433966e-02
-2.607903817905710e-01 -2.772030290773387e-01
1.080992225950008e-01 -4.486161764440665e-01
7.437376398409373e-02 6.621971941704093e-01
-7.434338185891601e-02 7.414152824781828e-01
-1.129509512752932e-01 -2.369845949872043e-01
1.890544568077310e-03 1.155458964250446e-03
-1.376538190478234e-02 -1.602270868415032e-03
-3.479216827782751e-02 4.663533273033754e-02
3.653154145596170e-01 -2.037063689815782e-01
1.000741510621680e-16
2.713715517708712e+06
1.720479250499026e-15
3.906250000000000e-04
5.329142797855409e-15
0.000000000000000e+00
1
1
103
52
-1.211954616564688e+00 5.636569656132790e-02
-1.819663706488628e-01 -1.438637996412352e-01
2.730849960849883e-01 1.827439604009100e-01
8.352494609879271e-02 2.332256229393349e-02
-5.912310203664061e-01 -6.699325487108536e-01
5.248618557889247e-01 7.670327727204269e-01
-1.500340981220234e+00 8.517728884595241e-01
-1.725739224036245e+00 8.591050754061554e-01
-4.314991953865224e-01 -1.592936399218106e-01
-1.528415336507482e+00 8.277399813565122e-01
-9.157533053678469e-01 1.443782367720755e-01
2.437481639815927e-01 -1.330023467227556e+00
2.047150106608361e-15
1.524194626954191e+02
6.366502538956707e-15
9.765625000000001e-05
4.331457408574768e-13
0.000000000000000e+00
1
1
104
64
0.294048173490910500004e1 0.160634332842397129545e1
-0.490300554845014542230e0 0.248586297862552888259e0
-0.191057393797050309867e-1 -0.114461665922981601765e0
0.388170006242171038429e0 -0.187725588117371335953e0
-0.751942198569763464830e0 -0.708060673431644826341e0
0.661785299867307448335e0 0.532384614268735703656e0
0.309040959987329018951e1 0.205583023795618402606e1
0.415015325667824704070e1 0.919288025831834754577e0
0.124726456329637497419e1 0.124099925480396329090e1
0.347342987339973844414e1 0.981803814224564369930e0
0.255774906805993778691e1 0.648306731521187531859e-1
0.442480874927476233851e0 0.180597339925485173364e1
2.95669355172576e-15
9.436903629490142e+03
9.25412281564110e-18
9.76562500000000e-5
9.70337258341523e-13
2.718749999999997e-01
1
1
105
52
1.339936010822536e-01 3.676687097075900e-01
-6.230299070854689e-01 9.379141481234060e-01
3.147640744376124e+00 6.343580212732887e+00
2.877914963514658e-01 1.242339103113832e+00
1.191434962555968e+00 4.627949275966530e+00
-3.084913818657521e-01 -5.742803061783851e+00
3.168291446529947e-02 1.044485860346889e+00
2.502701316431113e-02 8.650476736044686e-02
1.476163460211773e-01 3.024847496442367e-01
1.501740771655791e-01 3.278948636131655e-01
9.180389460669025e-02 4.860675970945894e-01
2.110520268804709e-01 -2.043799830548090e-01
1.837955691102267e-15
6.617684040353463e+05
1.786236238179799e-12
6.103515625000000e-06
2.465581533367428e-12
0.000000000000000e+00
1
1
106
52
2.279918089157518e-01 -1.913589950933368e-01
-3.452088830585095e-01 -3.860711763019479e-01
-1.779503448107306e-01 1.621712764530443e-02
1.819403054699551e-02 3.851253969593530e-02
-1.070858043776185e+00 -7.462114762454116e-01
1.196886883889181e+00 1.206417887479340e+00
9.696490042327573e-02 4.624669213669486e-01
-5.609905302071908e-02 -6.720227562563771e-01
2.071332412630831e-01 5.971919090661526e-03
8.548038664857444e-02 -3.369723426064346e-01
2.297883784468392e-02 -1.282182757519896e-02
5.681246256413585e-01 -2.046757898184218e-01
4.577566798522237e-16
9.995771845428781e+02
9.291728377374414e-16
9.765625000000001e-05
7.348066255547641e-14
0.000000000000000e+00
1
1
107
52
2.926688649043780e-01 -2.196436368784057e-01
-1.725768741127488e-02 1.193415087213844e-01
-8.220920162603108e-02 5.706101178193659e-01
-6.194084875851562e-01 -2.191765022980427e-01
-4.960596473514008e-01 -2.748683006845362e-01
1.217160774588215e+00 5.115380324459987e-01
-6.162601627271085e-03 4.381964192440900e-01
1.021091846953265e-01 -4.275050586510701e-01
6.087320715599708e-01 -5.082945913870100e-02
2.111959768372833e-01 -5.296764211632471e-02
-1.878466957078994e-02 1.085765971618900e-01
4.180964658347894e-01 -7.218077544612074e-01
2.775557561562891e-16
2.598926153705610e+03
6.607536194707465e-15
2.441406250000000e-05
4.230574507774389e-12
0.000000000000000e+00
1
1
108
52
4.112320867990559e-01 -5.399453939796481e-01
1.150077856051446e-01 -1.031539981082698e-01
-2.003356210436807e-01 2.581089090797591e-01
-6.467472545081442e-01 -6.908797048255672e-02
-6.223752734097779e-01 -6.894058180495651e-01
1.168409718148404e+00 8.885205373169195e-01
-1.186198893532727e-01 2.466413906543170e-01
5.158605496454483e-01 -4.641076893593485e-01
1.098815937925191e+00 -5.852959882652821e-01
5.758554414533770e-01 -1.042510648893051e-02
1.509626297228680e-02 -2.161040172841857e-02
7.868376182589887e-03 -1.274043042812539e+00
5.551115123125783e-16
1.214884565214109e+02
4.388147195059657e-15
2.441406250000000e-05
4.997191189052757e-14
0.000000000000000e+00
1
1
109
52
7.367803674385637e-02 4.494472446654497e-02
2.163246576150193e-01 -4.224490171523839e-01
-2.651276735691200e-02 9.882425308861888e-02
-5.974097372003625e-01 2.021891456651633e-01
-5.164858587725820e-01 -1.111405662597025e+00
8.232125743928423e-01 1.075997086726751e+00
-3.109005909384681e-02 7.682173388194923e-01
-6.930106307301839e-03 -2.096461514371319e-01
7.801124486015689e-03 -3.829990861767143e-03
6.271828700838557e-02 2.558480273028658e-02
-1.559664320799446e-02 2.006400640113447e-02
3.451449916115033e-01 -1.812359388081792e-01
2.220446049250313e-16
1.208544854336080e+05
1.168475434029577e-15
3.906250000000000e-04
9.088462261103077e-14
0.000000000000000e+00
1
1
110
52
1.116188337735934e-01 2.568628552188917e-02
3.898623564659504e-01 -3.941716597574625e-01
2.143361193575680e-02 -6.851566643458626e-04
-4.525084707701562e-01 8.012634227658811e-01
-6.879362083847462e-01 -1.249235094191251e+00
7.268094963408339e-01 7.055378229903776e-01
1.629509077451173e-02 7.119842004993818e-01
2.321673204937069e-02 -5.287415595024232e-02
-6.223584849657515e-02 2.577473220956494e-02
-1.759108310550034e-02 9.114637772734341e-02
-5.041149084901164e-03 -3.053200859886676e-01
6.071563065005930e-01 -1.496606835921852e-01
1.570092458683775e-16
3.766587339188142e+04
2.142817127234597e-15
3.906250000000000e-04
1.244423786658019e-12
0.000000000000000e+00
1
1
111
52
1.320446003261967e-01 -5.269626151387483e-02
-1.179773349666933e+00 -7.539520689269022e+00
1.072187167028754e-01 1.122296699369283e+00
-2.646935731563600e+00 3.842308508939532e-01
2.887465719944380e-02 -5.081274224301046e+00
1.343571333527490e+00 7.231898104615918e+00
5.052082757941656e-02 6.792142538414305e-01
1.942979007773282e-01 -5.176089535667370e-01
-2.754118748199418e-02 -1.175136816561459e-02
2.250053232928544e-01 -1.570957091374413e-01
-1.850387366301816e-01 -2.055498371788849e-02
3.542297526330708e-01 -1.552862963384198e-01
1.180183263642071e-15
2.618039661965541e+05
1.082574641299274e-13
2.441406250000000e-05
3.964619945052704e-13
0.000000000000000e+00
1
1
-1

2 0
2 12
0 0
1377495938993886228819885824797754333706873357402152977716028971301658780603453263161725100928807807688421372530301240912047630488893514697071840279063624353664904784372065533535371127724797092903677996850320677725644540598187334324957909924608145579509020524354292363079970063276345347351393948262609668476207/2000000000000000000000000000000000000000000000000000000000000000000000000000000000000000000000000000000000000000000000000000000000000000000000000000000000000000000000000000000000000000000000000000000000000000000000000000000000000000000000000000000000000000000000000000000000000000000000000000000000000000000000 -519180873591568095284107446266249560042116672684780207224705678454865051534726156769435186250644217902288057233665959041246969862781079361756557174453777811170647871083865917412306105158881958258220199047283828597818149019491525241336656786446503423673920393910582881203450939167720933866451301469029892574057/2500000000000000000000000000000000000000000000000000000000000000000000000000000000000000000000000000000000000000000000000000000000000000000000000000000000000000000000000000000000000000000000000000000000000000000000000000000000000000000000000000000000000000000000000000000000000000000000000000000000000000000000
4796465588073128981399557570809501438990015475037363383342093546391329967270098826904996532663559461997258618740349959894647650120194496346594808233871275554434984299136024424881622562808886723015799690376365891134294137526955441766877004879965600460372074732005956687253967210297181666493381583528440012996119/10000000000000000000000000000000000000000000000000000000000000000000000000000000000000000000000000000000000000000000000000000000000000000000000000000000000000000000000000000000000000000000000000000000000000000000000000000000000000000000000000000000000000000000000000000000000000000000000000000000000000000000000 -1142095165929418067386874175392053807934580260050117236725798765801271812253363034060881244595555044672236886687041925168826022590794818764486126857841302793854606342266249467325977852008487043534466233588278722157933750577660521551684438717673481373382656907070505590970131552758928731694514846458145902558399/2000000000000000000000000000000000000000000000000000000000000000000000000000000000000000000000000000000000000000000000000000000000000000000000000000000000000000000000000000000000000000000000000000000000000000000000000000000000000000000000000000000000000000000000000000000000000000000000000000000000000000000000
1958238856315817569450023421556695281744004157383006722514613309974232822067638952630676810669689672612744182052609626381903880733152070221930805495763674779351486094339323446497735033950973327412667133216745849373823400674928042460124437879084075479582391017008831715649009000192123264798456366903568634014677/2500000000000000000000000000000000000000000000000000000000000000000000000000000000000000000000000000000000000000000000000000000000000000000000000000000000000000000000000000000000000000000000000000000000000000000000000000000000000000000000000000000000000000000000000000000000000000000000000000000000000000000000 1877496852151867177830053711833199614807933208481232671568187695035607916804570328746613369059320204967702301655236046383932742527235787147410159312588336106366818003785478823426145906457087576823935635559784768196841373924192741252217605119644580324270286744642230363524083794869483730960707567774136656385107/5000000000000000000000000000000000000000000000000000000000000000000000000000000000000000000000000000000000000000000000000000000000000000000000000000000000000000000000000000000000000000000000000000000000000000000000000000000000000000000000000000000000000000000000000000000000000000000000000000000000000000000000
9009138836767481887268659266816646774430073840563377203732623397317318123827741431675223307649665354891726296675966785892723635513242962750718200999940729578844165012263761257870837928005448248423716018348420243660598473401760911114261799820509686842859967029295829424812219086435222611134447810407190743952053/100000000000000000000000000000000000000000000000000000000000000000000000000000000000000000000000000000000000000000000000000000000000000000000000000000000000000000000000000000000000000000000000000000000000000000000000000000000000000000000000000000000000000000000000000000000000000000000000000000000000000000000000 7728620603430381406274392501582202089847253451666047526803173228827599951683160757651892444575651715230067523237464763145232872041434521751782856201658944161159752444257275938321517377292167912420323584286312249462166877571250651075474495326552969459427320784894125487957432376236718189068758185335308025133957/10000000000000000000000000000000000000000000000000000000000000000000000000000000000000000000000000000000000000000000000000000000000000000000000000000000000000000000000000000000000000000000000000000000000000000000000000000000000000000000000000000000000000000000000000000000000000000000000000000000000000000000000
1545168133243578718415051955303741054088199408080227421200106339999135136203296492632651287412391148989647983446350734790642835337070208325123057571398258369055844439213840249187028578830268236597064506875449211870314382964929044945827442722613792912007454156655699868655357624006627632636149198801858699472627/2000000000000000000000000000000000000000000000000000000000000000000000000000000000000000000000000000000000000000000000000000000000000000000000000000000000000000000000000000000000000000000000000000000000000000000000000000000000000000000000000000000000000000000000000000000000000000000000000000000000000000000000 8867832093110098604067052595144907953838569148100874542213405728992187228311091120926012734796197112763910671632461438987633407270297720490276557391602685662822173789906424340239792320004806443929885986296236056503811040803501267809731945926479916760724097055426491559926250077675447241118664660404683545480727/1000000000000000000000000000000000000000000000000000000000000000000000000000000000000000000000000000000000000000000000000000000000000000000000000000000000000000000000000000000000000000000000000000000000000000000000000000000000000000000000000000000000000000000000000000000000000000000000000000000000000000000000000
0 0
0 0
0 0
0 0
0 0
0 0
9137908450424376669073639390439882763419141441635136688854105732744901319413137370224907618005238323632893606000023929991055698891823286580055534978220985003646713165411398944696770541396581684300799176466407247421462960898025123721185727658206677640055712972132781146171535406546736281582085667225272363781381/100000000000000000000000000000000000000000000000000000000000000000000000000000000000000000000000000000000000000000000000000000000000000000000000000000000000000000000000000000000000000000000000000000000000000000000000000000000000000000000000000000000000000000000000000000000000000000000000000000000000000000000000 6988215970868674541470290011618798955379329503424047781330296850861213402471442012619362390503584058206071557878791364119080170736061843499601511007191642651206993183242643923219094780241962942147811001294806908050861352834732600358163388228383979058211273248979025308409307365309623072230503992040768824935351/10000000000000000000000000000000000000000000000000000000000000000000000000000000000000000000000000000000000000000000000000000000000000000000000000000000000000000000000000000000000000000000000000000000000000000000000000000000000000000000000000000000000000000000000000000000000000000000000000000000000000000000000
0 0
0 0
0 0
0 0
0 0
-4999676232648811371868226486665416011513621063401171352682843469475848794115719846879482383151616022446949047296390163939874195076472164255287995640360903435996566152677809166908322034256285514090412339845498970508321487182267446983259803072421604978195839359904623807350313578696787440388540120305753705417139/10000000000000000000000000000000000000000000000000000000000000000000000000000000000000000000000000000000000000000000000000000000000000000000000000000000000000000000000000000000000000000000000000000000000000000000000000000000000000000000000000000000000000000000000000000000000000000000000000000000000000000000000 -1710615656494483155136839488291542517477311396591893117881918559958670643662639780204054005027812455818328762748764703823895825102541699073026325639637849228380353378565208712319008628568766992176690148046040612815307265229564311909817709155258321094531030370233862991162106593828026685823896287596716525129307/2000000000000000000000000000000000000000000000000000000000000000000000000000000000000000000000000000000000000000000000000000000000000000000000000000000000000000000000000000000000000000000000000000000000000000000000000000000000000000000000000000000000000000000000000000000000000000000000000000000000000000000000
-381106216734930721167876199166712066521684418406237831306961947086232780772310458190476520800606057805761931771446707472421381243256695157162611078518675604560282140124735768380901309396812332182347683811680432688493193337464375277087186509701293759687199557464026876339864747226257445465930718726547137118331/1000000000000000000000000000000000000000000000000000000000000000000000000000000000000000000000000000000000000000000000000000000000000000000000000000000000000000000000000000000000000000000000000000000000000000000000000000000000000000000000000000000000000000000000000000000000000000000000000000000000000000000000 55878984679154085743006081078079417203167016218629661505433131300177882155162205726738153382696322467782648748888687976498153417127825782499323063783442761322259172125825018878966876268768659309100372266694976492354940047037960007565493560144811066888037073635117810106323953332859042566488101663801197551257/62500000000000000000000000000000000000000000000000000000000000000000000000000000000000000000000000000000000000000000000000000000000000000000000000000000000000000000000000000000000000000000000000000000000000000000000000000000000000000000000000000000000000000000000000000000000000000000000000000000000000000000
-3473848279020937952924376675908646736509217389508245365057938836805525486934522334261251561074919973204730041571525921017530246084055522172749709674967729457741166675237555939502218069862532709875270615595425654293078519835233607033008869284121363521061609863775940184892533085878342184620916098923512433269219/5000000000000000000000000000000000000000000000000000000000000000000000000000000000000000000000000000000000000000000000000000000000000000000000000000000000000000000000000000000000000000000000000000000000000000000000000000000000000000000000000000000000000000000000000000000000000000000000000000000000000000000000 -3825622478160879809927578363866810913402207005723472301097296373239700234106728983439463015860784929839501940310329542507835183240515582012377425003513386648788296866463297195955269453507102558275973820085931845045349809222456285780619024683773553477973254579058121629512567911880712272713659217650389406172619/5000000000000000000000000000000000000000000000000000000000000000000000000000000000000000000000000000000000000000000000000000000000000000000000000000000000000000000000000000000000000000000000000000000000000000000000000000000000000000000000000000000000000000000000000000000000000000000000000000000000000000000000
1295780129891507740161077467196521389689831451970130529359779354764973714927122001126172331469570900821353318626302986323779998523268689698527880457065242830379908654524807761780562736500843434635575671804971150705023478145768352213822204954397445201194006042876279229936287345065787351094345189054548694266481/2000000000000000000000000000000000000000000000000000000000000000000000000000000000000000000000000000000000000000000000000000000000000000000000000000000000000000000000000000000000000000000000000000000000000000000000000000000000000000000000000000000000000000000000000000000000000000000000000000000000000000000000 -6663904888610103717899448775364128734519529065884841727713795516455504191453004918719154507581160391048841552387581885936335001164412340452280592325779401191417202818244640677289721283553173575972487339084489437771299888579699259415921294745664815520475594312953762058726826707083471555194934031831447192784231/10000000000000000000000000000000000000000000000000000000000000000000000000000000000000000000000000000000000000000000000000000000000000000000000000000000000000000000000000000000000000000000000000000000000000000000000000000000000000000000000000000000000000000000000000000000000000000000000000000000000000000000000
9302546610144879436917571972628763066330760709572731095436516857156417850514575970710089453665743924081038855353642987521351028211536880046870303905979527500379654829909967141426071140968356349573743706256930378692867953701456504857286784189381546057198616795864348377819276231869489711141907006959203583926651/10000000000000000000000000000000000000000000000000000000000000000000000000000000000000000000000000000000000000000000000000000000000000000000000000000000000000000000000000000000000000000000000000000000000000000000000000000000000000000000000000000000000000000000000000000000000000000000000000000000000000000000000 4667641404568848695918691171801961847945908140828496064269533604911589757038267065239373714095879181180830709140667001900959034557756937513611153674143088992383287839794174058754104909102550957397627582051225752435637276621083875742414385328037141049698418764036850490334989975544608214820543720430693238902427/10000000000000000000000000000000000000000000000000000000000000000000000000000000000000000000000000000000000000000000000000000000000000000000000000000000000000000000000000000000000000000000000000000000000000000000000000000000000000000000000000000000000000000000000000000000000000000000000000000000000000000000000
1749787709999519209465707502002549837203287542877295925217004173555447006213268442148935169233538089033496874644791662595123315919189243182550491431759649273042884906590325449153899702346262375792110882557945555187127749981365878262210426472402324893938237261601965449790244696727566106868735125953376900014191/100000000000000000000000000000000000000000000000000000000000000000000000000000000000000000000000000000000000000000000000000000000000000000000000000000000000000000000000000000000000000000000000000000000000000000000000000000000000000000000000000000000000000000000000000000000000000000000000000000000000000000000000 7200135862523202236686641752419518293011300173251646642939416099320257675381013070086449484005993043199938118957873759053661929182691295091489582787349409437990861650101654996749193413274863772773849419751814149629332851659519855925587930837945856290274476906625471153401089085267058157005290218131441056330547/10000000000000000000000000000000000000000000000000000000000000000000000000000000000000000000000000000000000000000000000000000000000000000000000000000000000000000000000000000000000000000000000000000000000000000000000000000000000000000000000000000000000000000000000000000000000000000000000000000000000000000000000

-1
2098502161215720152872969292175244354697583920251113018595626980162760212220525848027696216196864924128820808010050875527527091327944769648479364860222988893405459837168220330547520594119508302082923398420679859301713349408986312270444393524753199185559677201888110702442213102136777501089834428735510243516109/5000000000000000000000000000000000000000000000000000000000000000000000000000000000000000000000000000000000000000000000000000000000000000000000000000000000000000000000000000000000000000000000000000000000000000000000000000000000000000000000000000000000000000000000000000000000000000000000000000000000000000000000 117592614383312220783903128555638305220148079279976079748258648487475934195433279719261936854955948147208974863320193923635195368984073302080620138021001728285041960762629388470162842244590027902710481432111571740619107495967258277155346586515078911227759179684894398022852451265397392536396306123268452112847/625000000000000000000000000000000000000000000000000000000000000000000000000000000000000000000000000000000000000000000000000000000000000000000000000000000000000000000000000000000000000000000000000000000000000000000000000000000000000000000000000000000000000000000000000000000000000000000000000000000000000000000
0 0

0 0

0 0

