112

0
0.320890204758540959597268403385e0 -0.755606394765488127000783317690e-1
0.100000000000000000000000000000e1 0.000000000000000000000000000000e0
-0.534915475435657743194590018726e0 -0.107289059409077448160356719094e0
-0.513574879287715530415759129038e0 -0.200212566663460947660989258979e0
0.626277758765842002892104109111e0 0.368015897425116620962962822010e0
0.847980762600497561162443819154e0 -0.286707875555607270958492077621e0
0.601484637663457547244109267695e0 -0.118549544605101371149905135719e0
0.112020629891435162478732716136e1 0.442356402264248819468465297601e0
0.631446896784506687222859102593e0 -0.840991653474623144857259402751e-1
0.882603064389714820691715477703e0 0.146396793370019192332516087360e0
0.542666475255283464919175978806e0 -0.381016394859853402266111068732e-1

1
-3.437208461406221e-01 1.541887060470454e-01
8.116892448318425e-03 -5.867581908793044e-02
-1.112671102353958e-01 3.951558314861573e-01
-8.160872166223845e-01 -2.036172397607031e-01
1.000000000000000e+00 0.000000000000000e+00
-1.431596630030788e+00 6.654058235061061e+00
1.472334087059855e+00 -2.709283410876350e+00
-8.811551899939651e-02 -1.491725432568327e-01
1.093976445399800e+00 -6.757004983275511e-02
-9.211556141782015e-01 -1.120176880545950e+00
4.378698913050723e+00 -1.144252011128958e+00

2
4.527390047637305e-18 6.057547745644134e-17
1.000000000000000e+00 0.000000000000000e+00
-1.783051676307769e-17 -2.641779799663468e-17
3.178893943098845e-17 -3.647227042436305e-17
-1.804100803133055e-17 5.439048297105130e-17
1.900895356136540e+00 1.405644314710680e+01
-2.389311368429618e+00 -4.169383727622357e+00
6.633849393215809e-19 9.485901074312375e-19
2.730791379281342e-18 1.454594409843320e-18
-9.999999999999998e-01 -5.551115123125783e-17
6.789959666880819e+00 -5.703208614441595e+00

3
5.926049083624871e-01 -4.950415107649969e-01
1.000000000000000e+00 0.000000000000000e+00
-2.303171727850569e-01 -2.297135259489097e-02
-2.475994401973561e-01 -3.946627521476204e-01
3.396358124190471e-01 4.634572249361734e-01
4.479189320903288e+00 1.014143337116904e+01
-2.607947094376239e+00 -2.363832987931983e+00
-3.604471910983155e-02 4.310437116579409e-02
9.649887472143780e-03 -4.232523263441153e-02
7.055631656931327e-02 6.121232406777033e-03
4.106828584378501e+00 -4.825104954632277e+00

4
-0.188814860880993592603202601872e-27 0.738250365421089461367250700899e-27
0.100000000000000000000000000000e1 0.000000000000000000000000000000e0
0.432655474045405266969295540197e-21 -0.205911005166294028247430360424e-20
0.189228555437611716628553335094e-20 -0.537841001975880027921353559816e-20
-0.302764097356452997451302027123e-20 0.666916359145575663629342396833e-20
0.100000000000000027860813648387e1 0.423104329468515655745153078360e-14
0.999999999999997544910533955135e0 0.487482342963487097016506545780e-15
0.100000000000000203921012108145e1 0.381613014814353963170583014840e-16
0.100000000000000023845217202586e1 0.176437367367530931034193856605e-14
0.100000000000000004577172913247e1 0.226588998609893395279051432476e-14
0.462494856690981082286376900247e-15 -0.589162849008937548580358099041e-14

5
-2.952686403219951e-01 -1.036058661026021e-01
2.485154641671971e-02 -1.087955688693582e-02
-2.660188990938907e-02 2.123097513947881e-01
-8.347212219668346e-01 4.423817164218025e-04
1.000000000000000e+00 0.000000000000000e+00
-2.784456734558876e+00 3.496062686346184e+00
2.183241201598368e+00 -2.205807180721753e+00
1.101064607834003e-01 6.730878047771087e-01
8.007927227481461e-01 -6.276486303662632e-02
-1.287470498075767e+00 -1.391940819299251e+00
4.594316429142285e+00 1.303157047297501e-01

6
-1.353456396436759e-01 1.208419843236115e-01
1.751674206705909e-02 -8.973718229306406e-03
2.123203028601889e-01 -4.046791248806725e-01
1.000000000000000e+00 0.000000000000000e+00
-9.639127488385490e-01 2.601505675230684e-01
-2.979319600390527e+00 5.709177446709284e+00
1.419662354952370e+00 -3.715961713535231e+00
1.996920753924054e+00 -1.616849873457551e+00
2.227254966261567e+00 -9.010085555686060e-01
1.289684735205802e+00 2.530102692965337e+00
3.364694436224567e-01 -2.839517294273393e-01

7
-3.242125037006726e-01 -3.796170003797031e-02
3.518091540999586e-02 1.159039468481661e-02
-1.581125135667061e-01 1.258411985998749e-01
-8.089903791379212e-01 9.251202763383826e-02
1.000000000000000e+00 0.000000000000000e+00
2.908350770734131e+00 -7.766442346025451e-01
1.548770210716740e+00 1.199200888225117e+00
1.185833817515840e+00 1.891723203781510e-01
1.543692446513429e+00 8.763480689955929e-01
8.957413534659721e-02 1.880790337144209e-03
-1.340730483668017e+00 -1.755467392653345e+00

8
-6.511905448388348e-02 2.377708437183531e-01
1.000000000000000e+00 0.000000000000000e+00
6.190780018622630e-02 -1.651932221914450e-01
2.642725974195079e-02 -8.519055302246414e-02
1.062802261786742e-02 -9.761188631577647e-02
7.532014134487620e-01 -1.447320326917602e-01
8.869278632836108e-01 -8.763179353106271e-02
9.694516093056380e-01 2.798124615469552e-01
7.762239885011089e-01 -4.069145210756142e-02
8.396791354904756e-01 -9.733091084487827e-02
5.140835244476020e-01 8.881756927911164e-02

9
-1.178620773420864e-01 6.630374860118569e-02
8.786906385537738e-03 5.795798265378272e-01
-2.678152466377757e-01 1.211466477614354e-02
-5.610844338661654e-01 4.313301565319083e-02
1.000000000000000e+00 0.000000000000000e+00
-8.938977850741159e-01 7.667445693273891e-01
1.376088032227343e+00 -8.059843740480050e-01
1.150530470289662e+00 4.265545109229714e-01
8.624587592432149e-01 3.381770172922699e-02
1.504930967726747e-01 -1.184039146527131e-02
1.558924558091892e+00 -8.643344467920322e-02

10
-0.348169468330275406197791308261e-25 -0.525350533835983537506686296157e-26
0.100000000000000000000000000000e1 0.000000000000000000000000000000e0
0.147144296222517211281917631379e-23 0.141983550483429111587393801603e-23
0.423117789412809743619007905620e-23 0.323084930054980483462476613287e-23
-0.532167935879316172272989432917e-23 -0.297549052547260371418052041134e-23
0.999999999999999189293346646152e0 -0.402889107603770991866410578772e-15
0.999999999999999689705010723077e0 0.269526266985497566441619839078e-15
0.100000000000000018022121762121e1 0.706055365259822703955817550840e-15
0.100000000000000053639129912996e1 0.551945523537465137084508791280e-15
0.999999999999999693348148634460e0 0.468491751805076578577239934173e-15
0.396036775390212428058262868999e-15 -0.118613984936162916123130433869e-14

11
1.052402473248740e-01 2.346686865622283e-01
4.013663539734229e-01 6.703798110656324e-01
-7.362610381562096e-01 -2.289408227429896e-01
-1.543520134384748e-01 5.213939516453232e-02
1.000000000000000e+00 0.000000000000000e+00
-6.962877462012560e-01 1.258814996508866e+00
7.647370695873952e-01 -1.138151969666350e+00
1.186269145963027e+00 1.196212569764492e+00
3.850759779489383e-01 7.016139821286439e-02
-5.442720868538284e-01 1.146580492529603e-01
2.734632814601531e+00 -8.990141448291802e-01

12
-2.387282491258992e-01 -6.190537983085962e-02
-3.414065181811710e-02 -2.650163714766873e-02
-1.345086658025583e-02 1.370309426441105e-01
-8.548891133030231e-01 1.527286407731372e-01
1.000000000000000e+00 0.000000000000000e+00
2.986548021215880e+00 1.726511170667821e+00
2.858649840592359e-01 -1.440996796943585e-01
5.927889400488654e-01 3.348272370730341e-01
8.974786836067733e-01 1.819160346284495e-01
2.741690090498013e-01 -9.822604415649093e-02
5.256252067762963e-01 -1.652269411782489e+00

13
-2.120978899090312e-03 -2.380965159884711e-01
-9.230903690073025e-03 -1.835318325567292e-03
-2.048166299565150e-01 6.261295441365634e-01
-8.930089244269093e-01 -3.577265426506115e-01
1.000000000000000e+00 0.000000000000000e+00
3.401762342131918e+00 4.577994415856674e+00
-3.031998235325804e-01 -3.605179492384018e-01
-7.994768486996240e-01 -2.605805651083887e-01
3.608085918196016e-01 1.157776337465194e-03
7.901662749195214e-01 -2.033032216442863e+00
2.541571087800294e+00 -1.099569987226714e+00

14
-4.051102921419399e-01 2.404746895298072e-02
5.073023249950280e-02 2.092880318898122e-03
2.044710637098350e-01 -2.972851281012480e-01
1.000000000000000e+00 0.000000000000000e+00
-5.277256640177426e-01 2.463272897505444e-01
-2.750736376782196e+00 3.480409975805046e-01
3.058485434387324e+00 -2.634390668124454e-01
1.812730431650795e+00 -4.343217131885797e-01
1.779171394314695e+00 7.047272871525286e-01
1.072980291990048e-01 2.769163564815371e-02
4.141592221498669e-01 -3.554401205487383e-02

15
-4.086198979334419e-02 -1.092422819854015e-03
1.000000000000000e+00 0.000000000000000e+00
-6.984629159152983e-02 4.963014321722276e-02
-7.004634686794285e-01 3.234245706222167e-01
6.626357658287469e-01 -4.052737941598539e-01
1.124678944252957e+00 4.961516356937386e-01
1.258087616880383e+00 -1.021149668568073e-01
7.661750019169001e-01 -2.477488262222770e-01
1.231643201478016e+00 -7.596540467081914e-03
9.455428857649297e-01 -1.992755297657038e-01
-1.011830135981895e-01 2.741103423531969e-02

16
2.511483916219428e-02 -2.411666228862033e-01
-3.141949131876602e-01 -6.608501024866504e-01
-1.667250989688893e-01 2.125944112372759e-01
-7.284015857200534e-01 -4.162706814763227e-01
1.000000000000000e+00 0.000000000000000e+00
3.781181354765534e-01 1.211579036653614e-01
1.416514245006477e+00 5.508654587297837e-01
1.275387815232383e+00 -6.323950952641363e-01
1.223833761525033e+00 3.816074416950004e-01
1.455176190997704e+00 -2.244897674473357e-01
-4.649160734746412e-01 2.391544675414271e-02

17
1.287890076224260e-01 -1.587173533450580e-01
-1.011374651531859e-01 2.336596180269419e-02
-5.408523860007747e-02 -1.978979513059479e-03
1.000000000000000e+00 0.000000000000000e+00
-8.270078431202001e-01 6.363535057787151e-02
1.229978439699099e+00 1.350894424405593e+00
1.934467536755825e+00 -1.569999789600619e+00
5.893911076152620e-02 -9.261145265073936e-02
1.864387759587905e+00 -6.698885691103138e-01
2.226896050867123e-03 5.445681858961225e-02
9.570897006026528e-03 4.015887829861266e-01

18
3.081047166789580e-01 2.423547579600305e-02
-1.234283845700167e-02 -5.225275035593935e-02
-1.661719385937011e-01 1.204453076229917e-02
1.000000000000000e+00 0.000000000000000e+00
-8.909626064915694e-01 -1.493101805761912e-01
2.344681581345291e+00 -1.403595080023179e+00
2.125689182882795e+00 -6.639576727313490e-01
-4.256064434272518e-02 3.385233273426751e-01
1.846300126843663e+00 -6.974078179997679e-01
6.856501265278937e-02 -5.756126735792975e-02
-1.129281123662706e+00 1.024057182428818e+00

19
-1.225871926926969e-03 -3.076708000613300e-02
2.971425484078539e-01 1.761787472717786e-01
1.000000000000000e+00 0.000000000000000e+00
-1.002874181411367e-01 6.171078344892310e-01
-7.748271109006957e-01 -4.886852710365562e-01
-2.172804946420526e-03 6.923490638947569e-01
6.059000039112045e-02 -8.568975175332596e-01
1.346434909904321e+00 1.516658780952642e+00
-7.167578443129367e-03 3.267254107750658e-02
-2.995401538654832e-01 3.406265939586637e-01
2.679894373618089e+00 -1.096791333970585e+00

20
1.000000000000000e+00 0.000000000000000e+00
1.901016432622135e-01 9.384230836132246e-01
-3.743345911166641e-01 -3.117473759527050e-01
1.470429676366007e-01 -7.289068122336290e-01
5.945735095223198e-02 9.657205837233719e-01
5.786078821127273e+00 1.284851495809573e+01
-3.616975128522070e+00 -3.161159710613921e+00
5.427605326403840e-02 8.767841838060000e-02
1.316790228050218e-02 -4.186186002639133e-02
-3.321321083967901e-01 7.840653054881729e-01
4.493155633676104e+00 -6.716183723870557e+00

21
-1.236046353229355e-01 1.823942632007966e-01
-3.624651128172185e-01 -1.711806987145858e-01
-6.289870869722545e-01 6.115646654314915e-01
-4.924115534575757e-01 -6.039916683452442e-01
1.000000000000000e+00 0.000000000000000e+00
1.250367039303755e-01 -7.817028416652950e-01
7.639453945215198e-02 2.163665654469106e-03
9.731215267650032e-01 1.225409680897322e+00
-2.856331971625476e-01 -7.392220258396406e-02
6.645509034320712e-01 -5.444256986825224e-01
2.345424831842507e+00 3.222917337362193e-01

22
-6.393556700705753e-03 -2.180617788231692e-03
1.000000000000000e+00 0.000000000000000e+00
2.053575223002836e-02 -1.317881418976124e-02
5.368274572420479e-02 -2.946852442862095e-02
-5.798955308600585e-02 3.595479758700780e-02
5.815771457108772e-01 -4.465678967593750e-02
1.163466144147697e+00 -6.520553964261427e-02
1.046032816848494e+00 2.235103828354307e-02
1.014597356821080e+00 2.083695613576397e-02
9.090954488892998e-01 -2.756470712472503e-02
1.544453467436595e-01 9.922001674150593e-02

23
-1.951942668443720e-01 -1.215767916364427e-01
1.221999739436074e-01 -5.238804367404788e-01
-2.573381396776966e-01 1.309339364799413e-01
-5.621164183651646e-01 4.669481883748478e-02
1.000000000000000e+00 0.000000000000000e+00
-1.497604238292390e+00 2.333740137591315e-01
1.800566872537417e+00 -4.344614778003053e-01
1.469590542844710e+00 3.383988168217583e-01
9.926393172414288e-01 3.300056061661922e-01
1.089210616359642e-01 -1.200576480589679e-02
1.299405676314538e+00 -1.322819774204670e-01

24
2.035013146966108e-03 2.013772228591562e-01
-7.360023038113412e-03 -1.784554472669362e-02
2.440244244908365e-02 -1.418610871652144e-01
1.000000000000000e+00 0.000000000000000e+00
-8.421448090644430e-01 -1.020347113473903e-01
2.759734852702290e+00 2.980228224660588e+00
2.705988043824274e-01 -2.912085113298191e-02
1.629571725429294e-01 -1.022635069461450e+00
1.066603407401971e+00 -4.214786452762753e-02
1.774725201084963e+00 -7.821589720195645e-01
9.583737450762847e-02 -5.184768577420958e-01

25
1.693017326280078e-03 2.310556986758965e-03
-1.502403670272220e-02 3.002712245469815e-02
-5.775480374419274e-01 4.744594336488113e-01
-5.145935367886998e-01 -4.151940376991390e-01
1.000000000000000e+00 0.000000000000000e+00
-1.513949220598543e-01 2.884741106775300e-01
1.545929254886440e-03 -9.217388329383160e-04
1.314651553651379e+00 3.757745298819926e-01
-2.952929393941321e-03 3.663003556617848e-03
1.439479971367883e+00 -1.930834571613179e-01
1.661651000666516e+00 1.601779939969142e-01

26
1.862164026424521e-01 1.457573219080824e-01
1.652575207550323e-03 -3.606353564115052e-03
5.712361492845763e-02 -8.198565850354789e-02
1.000000000000000e+00 0.000000000000000e+00
-9.823024263025010e-01 -5.028556081410146e-02
-4.886012986894406e-01 7.746930452916191e-01
5.939929157619462e+00 -1.995996502414888e+00
-1.736288980383612e-01 5.737413519865540e-02
3.984378028852903e+00 1.757041081022899e-01
-3.227924732314093e+00 -2.935623690182050e-01
-7.522043096263272e-01 -3.197555644814483e-01

27
-1.784977198892762e-01 -1.317193225284161e-01
7.137974874679856e-04 1.264389144397873e-02
-2.224429057618107e-01 5.928650903172281e-01
-6.741019439660882e-01 -3.417576762823847e-01
1.000000000000000e+00 0.000000000000000e+00
2.560171248133551e+00 1.539500086040068e-01
-2.392984407341493e-01 3.193759253781336e-01
3.158007053840118e-01 2.938907741183188e-01
1.831405259483402e-01 -2.645858798317138e-01
1.529042097608334e+00 -7.641632395542768e-01
8.111046127365485e-01 2.497601873950707e-01

28
1.047541859420270e-01 9.894243530834547e-02
1.272077664493179e-04 7.619523376639131e-02
-6.387218609714886e-01 4.709237727317745e-01
-4.837043968022303e-01 -4.712099407796742e-01
1.000000000000000e+00 0.000000000000000e+00
3.150794767751761e-01 -2.591245428775904e-01
5.501060873314358e-02 -4.958058704134746e-02
1.412729216336852e+00 1.298916134415021e+00
-8.205871264809873e-02 2.163188178338906e-01
2.503088159451980e-01 4.646982013150092e-02
2.079059500323202e+00 -7.872898911194302e-01

29
-8.172674563124718e-02 6.842084123764350e-01
6.688141150617982e-02 8.247009663006242e-01
-5.519246895357154e-01 4.821267727365969e-01
-5.148646622406626e-01 -5.481954311793807e-01
1.000000000000000e+00 0.000000000000000e+00
-5.763508145293899e-01 -2.424794867999251e-01
6.693282687068716e-02 -9.162847455766253e-02
1.162203871917809e+00 1.624531337297066e+00
-5.313684099505419e-01 2.376052601285157e-01
2.639433007030639e-02 -6.672155394360332e-01
3.423664566488880e+00 -3.450228115273806e-01

30
2.524877026262509e-01 2.402419055381013e-01
9.049457679761071e-04 -5.119208416339388e-02
-8.960821283599253e-02 -1.258217263738791e-01
1.000000000000000e+00 0.000000000000000e+00
-8.897368949781923e-01 -1.274816006668314e-01
4.909468984392461e+00 1.412597020383088e+00
2.889926859958455e-01 -2.890953739420813e-01
2.149942104681695e-01 2.864818975114169e-02
1.477262601385806e+00 -2.457818163525922e-01
5.305315645063455e-01 3.849693180743049e-01
-1.175158353203013e+00 -1.515971614896602e+00

31
1.055964132876587e-01 -1.582061407843756e-01
-2.089317492479708e-02 -3.009929955816245e-02
-4.312203256649570e-01 3.521716884173170e-01
-8.258230616253083e-01 1.019856750574323e-01
1.000000000000000e+00 0.000000000000000e+00
7.166754740382894e-02 -6.980200985534802e-01
2.426709312048386e-01 2.333079875101149e-01
1.826119761048929e+00 2.537315658889601e-01
3.849673911543925e-01 6.731364649521493e-02
1.584187703324364e+00 5.885901404847541e-01
3.023324354788901e-01 -9.747362856112898e-03

32
8.176891758340328e-03 2.935039364123223e-03
1.000000000000000e+00 0.000000000000000e+00
-2.720965199163451e-02 1.515559958319317e-02
-7.210140894326759e-02 3.440188256685489e-02
8.703760761679134e-02 -3.871239796866124e-02
5.925883824748776e-01 -3.982446255837610e-02
1.157560313878378e+00 -9.605817798393057e-02
1.010501660255451e+00 3.484183064917196e-02
1.006275792375177e+00 -6.948934837401777e-03
9.033694907077403e-01 -4.706510431335770e-02
1.872928004433728e-01 1.417820485506474e-01

33
3.414220660927128e-02 1.967062510198617e-02
3.345285586639228e-02 -2.073018525084738e-01
-6.618166139420389e-01 4.743995009234873e-01
-4.560334552500764e-01 -4.516490760475067e-01
1.000000000000000e+00 0.000000000000000e+00
3.140167843178608e-02 -6.894284561597390e-02
5.115971650463392e-02 -1.316878233759305e-01
1.414495097360464e+00 8.909267170401642e-01
-5.512484559204979e-03 6.027363412507417e-02
7.853927355210375e-01 7.662681307048219e-02
1.806718102720506e+00 -3.100062489850458e-01

34
-5.731897946155969e-01 4.685967154912788e-01
1.000000000000000e+00 0.000000000000000e+00
2.259778151243252e-01 -2.610023973471697e-01
6.386973137998857e-01 2.367995536392957e-01
-7.638194169736372e-01 -9.617982768908967e-02
2.773656438946848e+00 1.011691991307657e+01
-2.111388160738812e+00 -2.905448223153471e+00
2.220183332535079e-02 -1.465996454930324e-01
9.211984899657558e-02 -2.991391120856554e-01
2.123702156985888e-01 1.279596501279061e-03
4.504656245619363e+00 -3.834745479913493e+00

35
2.239844567559277e-01 7.698425092351728e-02
-4.997218349476753e-03 6.013066518810422e-03
-2.091416411150805e-01 -8.875215311021883e-02
1.000000000000000e+00 0.000000000000000e+00
-8.168190456830100e-01 -2.989999201271737e-02
2.844888088674490e+00 -3.347088096343891e-01
3.858826842506595e+00 2.573715423947687e-01
-1.106297246062989e+00 -2.473610503202011e-01
2.612232205742849e+00 2.170990199418235e-01
-1.004241771689364e+00 -2.131521240463110e+00
-8.850555637175435e-01 4.941051223005082e-01

36
1.000000000000000e+00 0.000000000000000e+00
1.309220329587666e-03 3.259173967319747e-01
-4.054934336501489e-01 1.851517396140963e-01
-3.207713618166587e-01 -8.063066695830718e-01
4.779230453782835e-01 6.337759893207633e-01
2.932365116650475e+00 9.156897181089169e+00
-1.493269058122998e+00 -1.715051615879388e+00
-2.300921852386268e-02 -6.704487530636689e-02
1.109278969640279e-01 4.162728250083593e-01
-1.584685961542260e-01 -8.957038830929476e-01
4.453166980775650e+00 -4.167033110656982e+00

37
2.834191188335331e-01 6.133096108971464e-02
1.418926113661862e-01 1.436224677439628e-01
-4.965010611488057e-01 4.900514632191632e-01
-6.435301855321536e-01 -4.354178395308882e-01
1.000000000000000e+00 0.000000000000000e+00
-5.491187598603526e-01 2.220556353804135e-01
9.071521554512912e-02 -7.239393605847091e-02
1.689863093792865e+00 1.354374688545572e+00
-2.211534948869376e-01 4.684539836252469e-01
6.104727539570541e-02 9.582409603395094e-03
2.725925971742290e+00 -1.137932922209559e+00

38
1.056064205754459e-16 -5.279012579372318e-17
1.000000000000000e+00 0.000000000000000e+00
-3.105815213628257e-17 -3.963489746914418e-17
1.344227197590780e-17 -9.093815735414903e-17
-1.156740530332120e-17 1.217613346850240e-16
6.508151482312271e+00 7.180634095931458e+00
-2.832803838571687e+00 -8.432296873672995e-01
-5.300350089459229e-18 4.976014905694649e-19
4.078703078889617e-18 -2.560956924298710e-18
9.999999999999999e-01 0.000000000000000e+00
1.972956942088856e+00 -4.244221494287778e+00

39
-4.502660848339936e-01 -7.819659153767182e-02
-4.644581687840354e-03 1.776964916598905e-03
2.073455180782939e-03 9.706821689277330e-02
-8.300011356948196e-01 1.102824054061853e-01
1.000000000000000e+00 0.000000000000000e+00
1.664341303195325e+00 3.766096042333283e+00
-2.720358760549193e+00 2.272418048698163e+00
1.133776768239606e-01 1.639084532401737e+00
-2.892161368689615e+00 1.725329319344421e+00
7.629532553810150e-01 -4.246084019557989e+00
7.707093693462446e+00 -2.649985143793540e+00

40
-1.787440977324289e-01 6.317668903359627e-02
3.203199596156842e-02 -5.195896091985749e-02
-2.463904819715016e-01 -9.951935128784548e-03
-6.003858428301472e-01 1.787717371729350e-01
1.000000000000000e+00 0.000000000000000e+00
2.630508954471138e+00 6.313576175508180e-01
1.651377273976606e-01 -3.785221709214894e-02
1.214955244433574e+00 4.328934835878270e-01
8.869640655554809e-01 1.304850150496260e-01
5.823980800726848e-01 6.846098413832195e-01
-1.819149348250686e-01 -1.542621013975205e+00

41
3.351464853816767e-01 2.545411925383237e-02
2.825921999319140e-02 1.630532590156951e-02
-2.875676488296526e-01 -5.293280945116013e-01
1.000000000000000e+00 0.000000000000000e+00
-7.859926134530965e-01 2.079593712359961e-01
2.091316094054051e+00 6.578646863782485e+00
-1.922224277362349e-01 -2.293833882367390e-01
1.172189126381872e-01 -1.394385125646219e-01
3.089519265042044e-01 1.069732921303029e+00
-2.014564434703589e-01 -1.821683507337609e+00
3.768901399936880e+00 -3.396274999355561e+00

42
1.767909333759629e-01 -1.877127192273940e-01
-6.725574882471629e-02 -5.330494848346747e-02
-3.016864853621183e-02 7.442485969763282e-02
1.000000000000000e+00 0.000000000000000e+00
-9.462299155106205e-01 4.710262052918363e-02
1.072053768550423e+00 5.020161592478734e-01
1.413382176486447e+00 -9.100142911172410e-01
4.352605436428093e-01 2.560786280670675e-02
1.365275202273557e+00 -4.902467267157067e-01
5.542653856382151e-01 1.229298603353941e-02
9.398636579011152e-02 4.939705661810174e-01

43
1.136113498001955e-01 2.825049173361902e-01
3.042957111873387e-02 -8.515816964671796e-02
-2.579450982286529e-02 -1.385761317824007e-01
1.000000000000000e+00 0.000000000000000e+00
-9.408518288797046e-01 -1.050906605143533e-01
3.948373126751241e+00 2.049899203129736e+00
4.307345435158173e-01 -7.922306255586992e-02
2.304278307467499e-01 -1.577202850700906e-01
1.281618160286374e+00 5.965260030671432e-02
5.814651724750153e-01 -2.194209334574549e-01
-3.257745625417977e-01 -1.510266598753131e+00

44
2.270500102052755e-01 3.707576040407611e-01
-9.523236190931532e-03 -8.221265381138522e-02
-3.700076188036650e-02 -1.765129739359461e-01
1.000000000000000e+00 0.000000000000000e+00
-9.239145141895208e-01 -8.846432016875566e-02
4.614110621744151e+00 2.683026005202014e+00
4.419781291675886e-01 -4.161923001852988e-01
1.550996614473403e-01 -9.677411625173937e-02
1.547553089956824e+00 3.055549136547597e-02
1.548999615718506e-01 1.034256344368623e-01
-5.486200907275400e-01 -2.139941594085931e+00

45
-9.832563711172337e-02 -1.908938671488237e-01
4.064604850317594e-02 1.633268522238236e-01
-1.629788473383246e-01 4.285763703237239e-01
-8.745828981524939e-01 -2.024581424037854e-01
1.000000000000000e+00 0.000000000000000e+00
5.158746684987666e+00 5.185567349726226e+00
-1.781070076781331e+00 -7.613535163483385e-01
4.023530770582674e-01 -2.269365080170647e-01
4.971900451698595e-01 -1.500131311421105e-01
1.258237609523785e+00 4.269598535420626e-01
7.730405665197004e-01 -2.997833281913557e+00

46
-1.083139422824716e-01 4.811673568178642e-01
-7.131027565101885e-03 5.191066457303570e-03
-8.945680965130851e-01 -9.560647090184521e-02
-3.668997225094944e-02 -1.081633228078091e-01
1.000000000000000e+00 0.000000000000000e+00
7.694807448416583e-01 2.411066351396945e+00
2.946118398524873e-01 -1.721215503131779e-01
-4.342528262887216e-01 1.692176097532087e+00
-5.991616094196262e-01 5.462210120460184e-01
-1.147904410881904e+00 -2.736392676043796e+00
5.406099063627771e+00 -1.115649532062112e+00

47
3.127888212432758e-02 3.351758252435576e-04
-4.970667995189720e-01 -7.161664153850809e-01
-7.921141337026387e-01 4.224342598165032e-01
-3.276130952828054e-01 -4.458822240345555e-01
1.000000000000000e+00 0.000000000000000e+00
-1.295681563534137e-02 2.684480523078758e-02
2.870512715283940e-01 -4.214580192606958e-01
1.257077992700499e+00 1.328403919623455e+00
2.462968554343526e-02 9.249007927765225e-02
4.750382424192467e-03 -1.555786227057866e-04
2.343131622365520e+00 -6.187310937070967e-01

48
2.352755177058882e-01 -1.421893213491864e-01
-2.001775581822759e-02 -3.244915492161863e-02
-7.016255195424321e-01 -4.616010266894528e-01
1.000000000000000e+00 0.000000000000000e+00
-4.051649209675505e-01 5.762913793612606e-01
2.813670928582741e+00 2.850843014645238e-01
-1.611935785416771e-01 1.345547539176317e-01
2.726094251871595e-01 2.826899182150377e-02
4.426103995468215e-01 -4.375013110595164e-01
1.733709633209651e+00 -5.174289092877344e-01
2.362369584169938e-01 4.030647319050314e-01

49
2.867128609071803e-01 3.241677899667524e-01
-8.776546462221157e-03 -8.999539832975690e-04
-1.677912956749325e-01 -3.322692813018412e-01
1.000000000000000e+00 0.000000000000000e+00
-9.402029159113858e-01 -2.061344628600309e-02
9.656128148185922e-02 2.920818380611784e+00
2.635218549106099e+00 -9.500162062946007e-01
-4.976439935175065e-01 8.412476180460003e-01
1.252279491316961e+00 6.078743974365468e-01
-2.156731524724728e+00 -2.175075677105450e+00
3.522029551688210e+00 -1.184513531620564e+00

50
-1.303148355832142e-01 -1.318271525143237e-01
-1.477020061913888e-02 6.577274977511182e-03
-5.595116455703386e-02 4.132493889705964e-01
-9.247120039535370e-01 -1.519837302993040e-01
1.000000000000000e+00 0.000000000000000e+00
2.891537255342083e+00 5.223721788412013e+00
-7.059031407446522e-01 -1.236281422204225e+00
3.658525267524243e-01 2.556691051587368e-01
5.090547710033483e-01 7.296963616272525e-02
7.516699641357626e-02 -1.264043295581807e-01
2.368238467468318e+00 -2.735515670025118e+00

51
-7.024030803259024e-02 -3.635537242645113e-01
1.026390908095899e-02 1.527127959501497e-02
1.000000000000000e+00 0.000000000000000e+00
-3.519551981494082e-02 5.647124755061785e-01
-8.763070262773812e-01 -3.941884528409818e-01
-1.780266325224765e-01 7.940023429094920e-01
8.281300223566130e-01 -8.476607422202207e-01
5.791993501435156e-01 2.592634414979447e+00
-2.142958756292415e-01 4.807328515121646e-01
-2.264220024135311e+00 -1.007106357214702e+00
4.725797332122894e+00 -1.685644801588116e+00

52
-9.179174079803207e-02 -1.478920868578447e-01
-1.238392905242393e-02 -1.966903614939714e-02
-1.624199948544625e-01 3.937474816071548e-01
-8.580120325197874e-01 -1.840063618412590e-01
1.000000000000000e+00 0.000000000000000e+00
5.863651280033655e+00 4.599638545909139e+00
-2.255754459611574e+00 -5.026018312129935e-01
6.605073046165630e-01 -9.006846361203791e-02
3.654156108630608e-01 -1.705273961128103e-01
1.523350694740502e+00 8.645380504257105e-01
2.295808637789316e-01 -3.245774570147647e+00

53
-9.170870234363088e-17 3.764809477343304e-17
1.000000000000000e+00 0.000000000000000e+00
-6.128580432587484e-17 -1.278620688699794e-16
1.180978624103659e-16 -8.649822691062639e-17
-5.002174529723113e-17 1.984539630804388e-16
-5.604254376110356e-18 4.146891495700754e-18
-2.054653901564242e-18 9.010642268012190e-19
1.695499140540282e+00 2.189301263514412e+00
-4.171716073609809e-01 7.452958366165044e-01
-1.000000000000000e+00 0.000000000000000e+00
3.374131054225441e+00 -2.131206021404116e+00

54
1.833869294873070e-01 4.103078748645193e-01
6.101096023701426e-02 -7.371312618832651e-02
-8.581847231794491e-02 -2.135770131424293e-02
1.000000000000000e+00 0.000000000000000e+00
-9.329085291871263e-01 -1.529988363799302e-01
4.813992236368432e+00 3.077841957322364e-01
1.258481834734767e+00 4.686485442199424e-01
2.590503062593507e-01 -2.780368896210257e-03
1.865552763334734e+00 2.446690496947046e-01
8.693818532921709e-02 -2.784070404380276e-02
-1.780094448532824e+00 -1.606164031250126e+00

55
1.653712858606113e-01 2.028760224912686e-01
-5.145678153246245e-02 3.276635121812972e-01
-5.751858285415428e-01 4.630334914373097e-01
-5.311321760658375e-01 -4.649848539189363e-01
1.000000000000000e+00 0.000000000000000e+00
1.068848975625536e-01 -1.385647391271713e-01
3.866425933774954e-02 -3.218409108634158e-02
1.508797785285690e+00 1.567547730697143e+00
-2.134457291489737e-01 3.935580086284608e-01
-1.243289983057019e-01 -6.074859883161206e-03
2.566903313194353e+00 -1.181869462343245e+00

56
-1.704449679036670e-01 -7.124314366930856e-02
-2.519494384689436e-03 2.319414751255192e-03
-2.113443782562308e-02 4.053528822953499e-01
-9.397108786081436e-01 -1.566381538660399e-01
1.000000000000000e+00 0.000000000000000e+00
-2.730380509928151e-01 9.188134253043570e+00
-3.997126497630963e-01 -4.035411278385213e+00
1.987363987140139e-01 1.522934696695524e+00
1.937101472052335e-01 -5.693289610886398e-02
-2.653660954509397e+00 -3.800215728436708e-02
6.818502250681791e+00 -4.046097286623465e+00

57
9.639857296097262e-02 6.467994929489728e-01
-7.417637934206064e-03 -9.382282575102718e-03
-1.684613133324980e-01 -5.943564204019857e-01
1.000000000000000e+00 0.000000000000000e+00
-8.839400732616437e-01 2.551345940520182e-01
3.339814168635967e-01 6.493328919278163e-01
2.054265903889462e+00 -3.143274409744476e+00
-1.979068290463028e+00 3.223722203779493e+00
3.023507684646052e-01 -1.275045890409705e+00
-3.576980871951302e+00 -2.230595959157260e+00
5.847805014746097e+00 1.229824680890536e+00

58
-3.695740352151157e-01 -1.051268844978241e-01
-6.411257524442313e-02 -2.231833562238450e-02
1.196688083610946e-01 2.930132620152341e-01
-9.634355678079115e-01 -1.305176177232192e-02
1.000000000000000e+00 0.000000000000000e+00
-6.847055258931516e-01 2.886783575225189e+00
9.737337679002112e-01 -1.844863533467460e+00
-1.905637711500929e-02 9.283429259294886e-01
3.793510727456700e-01 -3.459223420779803e-01
-6.805839481877320e-01 -1.091303672206537e+00
3.973112677295816e+00 -4.730579379517175e-02

59
-8.043887152562283e-01 -2.695106637339624e-01
-1.671290595695891e-01 -1.181201872017472e-02
-1.156947508261978e-01 3.212495308274135e-01
-7.410720791218561e-01 -8.059771487737077e-02
1.000000000000000e+00 0.000000000000000e+00
-4.691211768525201e-01 -2.479048011843374e-01
-7.233656056223806e-01 1.019535239254002e+00
1.163368972374807e+00 2.106987342305831e+00
-1.545343416480827e+00 8.918657948626973e-01
3.800203145970982e-02 -1.778637801150389e+00
5.021342627730581e+00 -9.804754312467341e-01

60
-2.742229358237190e-02 3.939764049554791e-03
8.294347580833192e-01 2.657786416895354e-01
1.000000000000000e+00 0.000000000000000e+00
-4.182380727665447e-02 5.470034120915965e-01
-8.458844997220981e-01 -4.275898885542655e-01
-2.277922645938234e-02 9.018824312514296e-03
2.972680953311561e-01 -5.532648452938718e-01
1.173071649745436e+00 1.347131543628389e+00
3.323148437637111e-02 -1.684482227013638e-02
3.760551313568223e-03 2.753727414588935e-03
2.371617541011386e+00 -4.518089056965348e-01

61
-5.956487945373344e-02 -2.035899693965726e-01
-7.406484745712347e-03 -1.085557396574483e-02
-5.887542784119395e-01 4.722828499693448e-01
-3.940231166531798e-01 -9.077560228919312e-02
1.000000000000000e+00 0.000000000000000e+00
1.766807002731594e+00 -1.067340243542233e+00
-8.064477452363177e-02 2.828585245491326e-01
1.104476754993640e+00 7.393185108001445e-01
2.214173368164731e-01 -1.665292616779372e-01
1.214053456819655e+00 1.590690184484804e-01
4.255821829376766e-01 -5.952157666639757e-03

62
-3.901663703307530e-01 2.064519679994318e-01
1.265702572411900e-03 2.415821059972863e-04
-1.539830236778243e-01 6.213496577866873e-02
-7.226312326377091e-01 4.176292263245479e-02
1.000000000000000e+00 0.000000000000000e+00
-5.912288282120040e+00 9.559714619035510e+00
-3.127386651197207e+00 -1.041317421791091e+01
-1.444472658929521e+00 -1.839968747192699e+00
-6.863417016225322e-01 -6.892581798894914e+00
5.892825515481899e+00 2.052745124515782e+00
6.118925319320770e+00 9.057835252257915e+00

63
-1.500492875845144e-01 -9.880041601730122e-02
-4.348237248297798e-02 5.736289757324525e-03
-5.476980948848836e-02 4.746645956752133e-01
-9.352462827398840e-01 -1.961470279393422e-01
1.000000000000000e+00 0.000000000000000e+00
2.691446610260251e+00 4.216824552225843e+00
-4.194695961825413e-01 -5.313111377833809e-01
3.173509028121342e-01 1.946533275585252e-02
4.675262894985988e-01 2.225565844003350e-01
5.340999779868471e-01 -6.507438766699496e-01
2.023873376857114e+00 -2.071919826753732e+00

64
2.831384303383536e-01 -2.843385271951846e-01
1.000000000000000e+00 0.000000000000000e+00
-1.364982430020729e-01 2.319516595928948e-01
-3.988169857834719e-01 -1.106933066855148e-01
4.828345259235841e-01 -4.986233102343007e-02
3.534087440157908e+00 1.101196768284187e+01
-2.487696283621037e+00 -2.834442533032832e+00
7.712026623382830e-03 -4.391531304247329e-02
6.239164462023841e-03 -7.347318681244411e-02
-6.421478035092315e-02 -3.789385003490717e-03
4.768133301242234e+00 -4.802258168746561e+00

65
-2.938586541896871e-01 9.508057980630444e-02
3.201008775019282e-02 -2.343114190941702e-02
1.194002745384115e-01 5.026812447191243e-02
-9.237314296018262e-01 6.439778796639850e-02
1.000000000000000e+00 0.000000000000000e+00
9.579123331921386e-01 -1.147637774719945e-02
1.167125900049563e-01 -7.689656491573675e-01
2.865020059603242e-01 2.225258389637907e-01
3.113490273500911e-01 -9.520260823688815e-01
1.714989639404988e+00 -3.566383477781824e-01
1.048432014435318e+00 1.632502789988720e+00

66
3.741889066469619e-01 -1.378563141592803e-01
-8.944836881551416e-02 -1.196662314308853e-01
-2.391122840224476e-01 1.231119995284093e-01
1.000000000000000e+00 0.000000000000000e+00
-9.635769314352218e-01 -1.818870179845350e-01
1.065170515914446e+00 -8.041949713272607e-01
9.807720580417316e-01 -2.632050046219473e-01
3.271927446107376e-01 2.754038426837359e-01
7.437253687251352e-01 -5.369546383057296e-01
1.108358910057124e+00 -5.512780265258002e-01
4.662778750387199e-01 1.302673663209237e+00

67
-7.600429982006965e-02 -1.506191037774501e-01
-1.259546872087173e-02 -9.074064689010727e-02
-1.651713103760015e-01 3.970917310594818e-01
-8.578729967303149e-01 -1.860093379046845e-01
1.000000000000000e+00 0.000000000000000e+00
5.171569057679092e+00 4.850183711509580e+00
-1.864226673393101e+00 -6.638561154561923e-01
5.581937762444863e-01 -2.240559908972098e-01
4.742028764083904e-01 -1.601290115325223e-01
1.413685786395966e+00 6.117700600335003e-01
5.270613637325567e-01 -2.956659639560156e+00

68
1.495361096213931e-01 -7.209102552853389e-02
3.742327297675290e-01 -2.224151794876998e-01
-7.042128468950150e-01 3.384986185682733e-01
-4.465900738855064e-01 -3.560856759680647e-01
1.000000000000000e+00 0.000000000000000e+00
7.191616675610659e-01 -3.887458445196001e-03
5.139620015054555e-02 -1.008382164995492e-01
1.542929886852226e+00 8.070662780350844e-01
2.667652644811684e-01 1.120555971694774e-01
7.111918845716710e-01 4.878251205071564e-01
1.092633547298484e+00 -8.080552423109379e-01

69
-6.541730324417800e-01 -9.410449966856568e-02
6.403227539829240e-02 -1.967483992475619e-02
-1.114623364649507e-01 1.214682748080491e-01
-7.022235198441864e-01 -4.638730363195370e-03
1.000000000000000e+00 0.000000000000000e+00
-4.657213268787268e+00 4.521893874099169e+00
2.013982481575480e+00 -4.871680690198776e+00
-1.722380655509634e-01 3.598559909841426e-03
1.123041338445946e+00 -1.920322078340946e+00
-1.010124494218429e-01 -9.514570304094531e-02
4.447172022620327e+00 2.805330856264657e+00

70
6.316487630967973e-01 -5.992408694980964e-02
1.000000000000000e+00 0.000000000000000e+00
-1.832758482666279e-01 1.806444132316296e-01
-3.811887981093947e-01 -3.299967064693813e-01
4.526790259157253e-01 1.968822398740997e-01
2.456426505727604e+00 9.804210790795427e+00
-1.791329249135508e+00 -2.573990961013718e+00
-1.149617136747063e-01 4.817524656227611e-03
-4.303589353269048e-03 -5.720621090873908e-02
-8.368411881451598e-02 -5.682420591909484e-01
4.969945207186632e+00 -3.769369057403184e+00

71
-2.942647043680939e-01 -9.054030351451609e-02
2.323715592062513e-02 5.056193603573815e-02
-5.234670376656726e-02 1.277784514797451e-01
-7.752314296274270e-01 4.209056420544011e-02
1.000000000000000e+00 0.000000000000000e+00
-2.580923975979680e+00 2.541947206127910e+00
1.833219922997751e+00 -2.599443672078877e+00
1.094921146716365e-01 4.136798526614160e-01
8.499091774887624e-01 -8.207006246055367e-01
-2.847867205521145e-01 -7.290045200576053e-01
3.544220299330810e+00 1.423759210046658e+00

72
0.312897965382826520721270527586e-27 0.193760055519760355052636622395e-27
0.100000000000000000000000000000e1 0.000000000000000000000000000000e0
0.190539589565308111413402942114e-21 -0.304807461853808909899256788778e-21
0.437421545828297327527807651387e-21 -0.805595401576927715968573123456e-21
-0.455925326695961096114722910387e-21 0.833936693161047831223824574088e-21
0.999999999999999666257285389026e0 -0.171668571815033089243093629557e-14
0.999999999999999623793820973676e0 0.657018140369380287479073020544e-15
0.100000000000000015781608078447e1 0.828590183630993712544966964713e-15
0.100000000000000035880861435280e1 0.509831880859392465847862465312e-15
0.999999999999999813767249854640e0 0.425291487296780341832846581223e-15
-0.127556594143599018357607054759e-15 -0.958602901636602358549665278984e-15

73
1.024432144432675e-02 6.565215081484110e-03
-2.024224128895940e-02 6.957744101232102e-02
-6.001282048691363e-01 4.755841240508767e-01
-4.999993648056010e-01 -4.253546434503652e-01
1.000000000000000e+00 0.000000000000000e+00
-6.127623089428944e-02 8.914514914297367e-02
4.041339990882141e-03 -4.658154743964494e-03
1.364311843306245e+00 5.298487451756668e-01
-5.078042648279747e-03 1.891039164973098e-02
1.277238647820409e+00 -8.762049138694983e-02
1.636711097088051e+00 3.520701786085612e-02

74
-0.230648225590440154219e0 0.355872762339700099952e0
0.100000000000000000000e1 0.000000000000000000000e0
0.115119735235605503829e0 -0.222364135943160618110e0
0.442975662773406204026e0 0.595129052391372376248e-1
-0.513761843566258123240e0 0.731406032087590005414e-1
0.352156770231905278962e1 0.989594020420866799913e1
-0.236581552417638384372e1 -0.261566032689805943383e1
0.388646866535133542509e-1 -0.156163775442822996348e0
0.624225394419823740506e-1 -0.255016001833199475743e0
0.383405660953679711664e0 0.768710828523260324407e-1
0.409319515932777359003e1 -0.405426161943217336012e1

75
-2.050968907846379e-01 -8.110120800764029e-02
-4.560802718882471e-02 -2.519135755439491e-03
2.698347662437109e-02 2.240585323001465e-01
-9.179411559538863e-01 7.516977726506269e-02
1.000000000000000e+00 0.000000000000000e+00
2.958430624804119e+00 2.308642661188982e+00
2.931701851705010e-01 -1.867742133169716e-01
4.310882054413488e-01 2.262366778016889e-01
8.805168808286513e-01 2.337296207214032e-01
2.384984564638412e-01 -3.711881781039940e-01
8.476185376447500e-01 -1.732857389860143e+00

76
-1.149358964222819e-01 -6.413236321717376e-02
5.918783254337794e-01 -5.274700346024592e-01
-2.062794194724635e-01 9.729133268720025e-02
-7.661902765584422e-01 9.868189509320940e-02
1.000000000000000e+00 0.000000000000000e+00
2.430351453064139e+00 1.001166434130912e+00
2.265331033006555e-01 1.838111101770072e-02
9.317001390194837e-01 -1.242066647439071e-01
9.250068836835913e-01 -1.225402112932233e-02
1.236495345624957e+00 2.420218026733866e-01
-2.658266099653540e-01 -8.175370007965157e-01

77
1.000000000000000e+00 0.000000000000000e+00
9.972028729768625e-03 1.188884821736933e-02
-1.724603416991343e-02 1.889939056362965e-02
7.489470625646257e-01 -9.585970142494155e-03
-8.389134648016418e-01 -9.299782305350851e-02
-4.584593412490798e+00 -5.211902513082355e+00
5.584027038107330e+00 -4.838814885410307e+00
-1.092895303291645e-01 7.784817735008781e-02
3.499315485095701e+00 -3.571295157630705e+00
1.964146742824975e-01 1.948728853528422e+00
-2.315178361363039e+00 7.802092056655189e+00

78
-0.205388438340659627503e-1 0.106179901371016070590e0
0.100000000000000000000e1 0.000000000000000000000e0
-0.247673188325134628108e0 -0.116595578808273116106e0
-0.629642973252315594254e0 -0.394868068385749968060e0
0.675856404544770419224e0 0.461834911630251409198e0
0.583917577105470661102e0 -0.804678528330852030402e-2
0.107888145062088130685e1 -0.757676447703242176494e-1
0.102479819764304231570e1 -0.693633326545870012312e-1
0.985588425736795753604e0 -0.455639753509873376861e-1
0.110013034778805730905e1 -0.340068099086286935648e-1
0.108715366833833917000e0 0.251668039628722466815e0

79
1.192871359411022e-16 -1.597010579732405e-16
1.000000000000000e+00 0.000000000000000e+00
1.263839741078439e-15 1.926403431685491e-15
-1.490096880551879e-15 1.461578280482001e-15
3.198962489038155e-16 -3.025430690172907e-15
-5.968591097928701e-17 4.571415321286020e-17
2.283015499717449e-17 -8.634166081915653e-18
1.440524095204431e+00 7.422812485329583e-01
-3.234281869714999e-02 1.016611948587477e-01
1.000000000000000e+00 1.110223024625157e-16
1.746847321241300e+00 -2.552458606704074e-01

80
-1.297741065536613e-01 6.761992876123925e-03
1.000000000000000e+00 0.000000000000000e+00
1.294931629465307e-01 3.536266886564506e-02
1.563465769937715e-01 5.695822865334250e-02
-8.484974756960151e-02 -1.303596334816011e-01
7.555692230312944e-01 -1.033212573414963e-01
7.990008812836586e-01 -1.538630486876955e-01
1.024335352985223e+00 2.707642253652087e-01
7.651432779255014e-01 -8.599153861928255e-02
9.052417005399473e-01 2.834935376460196e-02
4.665460973274748e-01 7.880772584637191e-02

81
-0.733574662005237607853285583506e-26 0.648695452098308507221628396576e-27
0.100000000000000000000000000000e1 0.000000000000000000000000000000e0
0.300123798546043175164942453079e-22 0.366146531599757517853892777497e-22
0.727988683579809302213390906901e-22 0.946019836041831731057454788873e-22
-0.714291044800181924906879305946e-22 -0.113030412982481357108265358915e-21
0.100000000000000046654435617659e1 -0.173966652434220987261436833054e-15
0.999999999999999235479632246821e0 0.132011146540089812629964218804e-14
0.100000000000000061315918541564e1 -0.353349410934775935437685631322e-16
0.100000000000000069155526641415e1 0.110857067244767255181393822814e-14
0.100000000000000077700520358738e1 0.644260851578534914460242153428e-15
-0.864308032100170767717881563439e-15 -0.202892037361652020795141716357e-14

82
-1.915958212844253e-01 8.854417372046536e-02
-1.901287817611345e-02 1.021239289736932e-01
1.756605521133510e-01 -3.597582070779168e-01
1.000000000000000e+00 0.000000000000000e+00
-7.695072079421409e-01 2.697636257476251e-01
-2.687464738717150e+00 2.813003276426567e+00
2.317054079025596e+00 -2.046702063893991e+00
1.838768017783543e+00 -8.963494622734827e-01
2.057929705446931e+00 -1.458633894382902e-01
5.198016267783052e-01 1.322493664770804e+00
2.980192882224048e-01 -1.583887415645462e-01

83
2.765941806157282e-02 1.112015113209866e-02
2.813496198347123e-01 2.908489973308443e-01
1.000000000000000e+00 0.000000000000000e+00
-6.439730669386490e-02 6.458674079424171e-01
-8.124721659172999e-01 -5.453688517960719e-01
8.298315841398649e-02 1.147058375662423e-01
7.186216817533658e-02 -5.402537991329487e-01
1.300112656954503e+00 1.311930470637837e+00
-2.700733358490767e-02 -2.205827946680142e-02
1.655381984268325e-01 1.809192350621150e-01
2.282368888976496e+00 -5.868674952934967e-01

84
-1.616268344713889e-01 -5.039818672403584e-02
7.755332827513582e-03 -3.517237511405931e-01
-3.412538120582188e-01 7.755698627530469e-02
-5.260989164776241e-01 6.780556691097242e-03
1.000000000000000e+00 0.000000000000000e+00
-1.842887425265392e+00 2.059707000709061e-01
1.720849928325775e+00 -5.604201942147098e-01
1.270055808622715e+00 7.928859317428851e-01
6.502470280045314e-01 3.208560665402840e-01
-3.001542075051173e-01 -4.004172919242066e-01
2.318361838153264e+00 -4.682694571310730e-02

85
-1.776702700164161e-02 4.742607070595320e-02
-3.802779639533515e-01 -4.570927702686949e-02
-8.372599785835819e-01 5.435574794374827e-01
-3.158753439835278e-01 -5.707111808602781e-01
1.000000000000000e+00 0.000000000000000e+00
-1.031968075683950e-01 2.682529219863510e-01
1.477112473691000e-01 -5.846209438246928e-01
1.238624988101483e+00 1.360398818064126e+00
-5.829698706309367e-02 1.730861891697602e-02
2.510018567735873e-02 3.088753167974341e-02
2.567661269797807e+00 -6.014572203011186e-01

86
-1.454518302706942e-02 -1.992379680311953e-01
1.606819983793765e-04 1.745575850222871e-03
-2.876037603429050e-01 4.263977799988767e-01
-8.083124602879632e-01 -1.413996591708890e-01
1.000000000000000e+00 0.000000000000000e+00
4.722371810484844e+00 4.959790068528877e+00
-1.186782544424736e+00 6.007089291995550e-01
-7.345686754431729e-01 -1.739426426519167e+00
3.751631240440982e-01 -9.140613198505221e-02
3.130287068698173e+00 -2.078253565991999e+00
7.371870525884087e-01 -5.184508360852816e-01

87
-1.178869470314596e-01 -8.275421645081238e-02
1.186430236612523e-02 9.400419295834487e-03
-1.808643719651568e-01 3.892616407536701e-01
-8.202665499457882e-01 -1.122640796461579e-01
1.000000000000000e+00 0.000000000000000e+00
4.932794341080871e+00 1.288121800883678e+00
-1.276370092530361e+00 6.570213844744255e-01
4.056704264052833e-02 1.892163579322758e-01
2.379006047596529e-02 -1.739505467818557e-01
1.787169650169487e+00 -7.740434808880926e-01
4.680655163749863e-01 -9.011164390926457e-01

88
-3.617330296793064e-01 -7.684033355368536e-01
-4.813689520979877e-02 1.228023889388714e-01
2.313765545298896e-02 7.885292668722763e-01
-6.924612445623118e-01 1.038626271566835e-01
1.000000000000000e+00 0.000000000000000e+00
1.375223513854003e+00 -7.589076758956725e-02
9.102708590189134e-01 -7.444432095719111e-01
5.030227139234429e-01 7.669825699143595e-01
8.505132390841019e-01 -4.100987956541681e-01
1.564756416235042e-01 -1.762102800918687e-02
8.120908340211492e-01 1.154088043323193e-01

89
1.000000000000000e+00 0.000000000000000e+00
2.724593064703798e-03 -1.163098591056442e-02
-2.550700994025837e-01 4.016779080877762e-01
-8.684268222109549e-01 4.086275887617843e-01
1.806622698837256e-01 -7.625550474502063e-01
-5.194821341713205e+00 2.649821476593921e+00
5.435180988384610e+00 -3.329903430128850e+00
1.467983381642057e+00 -5.046084582713020e-01
3.507943586877713e+00 1.273753896581420e-02
-2.168729048644693e+00 1.102288987721543e+00
7.287450102821283e-01 8.732116152085356e-02

90
1.000000000000000e+00 0.000000000000000e+00
-1.114756208072133e-01 2.490075130875175e-01
-9.305651269268510e-01 -2.524187574598839e-01
-1.615198571722762e-01 6.917042566260121e-01
-1.343328846826858e-01 -1.822515799168526e-01
1.235968991293806e+00 -8.022819036484952e-02
6.279356081073953e-01 5.218174429898971e-02
7.815031850135520e-01 1.779183549491712e-01
6.652182450788879e-01 -1.160716374726856e-01
1.135122375707704e+00 -2.921611061412016e-01
4.592507523109877e-01 2.331775535729799e-01

91
3.933276864508915e-03 -1.206218181790686e-01
-3.060242833862904e-03 1.873517397870378e-03
-5.861660156388802e-01 3.789636357994824e-01
-4.522162827942862e-01 -6.512347182483501e-02
1.000000000000000e+00 0.000000000000000e+00
4.724283994839151e-04 -1.253156391744054e+00
-1.113264377191112e-01 1.142614435429231e-01
2.097532033521246e+00 5.744500602756616e-01
1.694672499206074e-01 -7.866106822962690e-02
1.639661610862876e+00 1.049928052543930e+00
3.029375393159580e-01 1.785095919048779e-02

92
1.606848381397155e-01 1.560015467316710e-02
-1.623015076573977e-01 7.993350190506772e-02
-4.522285315637249e-01 3.076567298271001e-01
-5.770405224125243e-01 -2.785120463745432e-01
1.000000000000000e+00 0.000000000000000e+00
3.056326518078205e-01 9.995930350507591e-01
1.268884814663797e-01 -1.935103516294165e-02
2.267869523121670e+00 6.091914155704077e-01
5.099107867830910e-01 6.541546226069528e-01
4.330702250292043e-01 1.088826938951654e+00
9.021508347465086e-01 -2.177652517052206e+00

93
1.032907209427802e-01 -6.390644381586033e-02
1.842587994949468e-01 2.930937755423800e-01
-4.674723586626500e-01 2.682521768098526e-01
-5.730749207001415e-01 -2.021484760873103e-01
1.000000000000000e+00 0.000000000000000e+00
-5.056331835685249e-01 1.828747405385159e-01
7.378731390203137e-01 -7.214726245105330e-03
1.623331568611536e+00 9.400010060409714e-01
3.080299094758402e-01 5.308941582483123e-01
4.768554129203625e-02 7.254076409362112e-03
1.923652052987850e+00 -1.020832165434333e+00

94
2.664220925657098e-02 -1.757328768235802e-01
-4.819704659214678e-02 1.497923435203900e-02
-3.300792804027459e-01 2.627344174301329e-01
-8.356916489463370e-01 9.664247412426163e-03
1.000000000000000e+00 0.000000000000000e+00
-7.950836909387144e-01 -1.037438363527655e+00
2.059040217443336e+00 3.186353095593222e-01
1.628457692774432e+00 4.035363805979365e-01
1.165740747414923e+00 6.109449712170150e-01
6.708245681882012e-02 1.634266904370392e-02
3.546781561032052e-01 -3.346573112805961e-01

95
2.803988044687609e-01 -3.644374366483060e-01
3.413048745957080e-01 -1.745802096274620e-01
-6.799753989391695e-01 3.815104604548258e-01
-7.481574256169674e-01 1.383990779126327e-01
1.000000000000000e+00 0.000000000000000e+00
9.185458439771700e-01 -4.900400361925036e-01
5.598259835430965e-01 1.912480669116498e-02
1.127975229806838e+00 4.674216536660429e-01
5.748069692365205e-01 -5.557571166203398e-02
9.432385298380764e-01 8.926297099742483e-02
5.118251387990770e-01 -7.662301956636031e-05

96
2.460080445044073e-01 -3.022406896821030e-01
1.000000000000000e+00 0.000000000000000e+00
1.364589281664036e-01 3.480947032079036e-02
1.216626897516988e-01 8.541140193101470e-01
5.920503475595087e-02 -8.846978462785693e-01
2.118275375213227e-01 5.429840330599647e-02
2.550812908503178e+00 -1.746779260269046e+00
-1.102741548491653e-03 1.792048193238167e-02
1.966915855242049e+00 -9.486541318611534e-01
-3.336607780594982e-03 -6.656020656525353e-03
-8.741914232825074e-02 1.583726543118052e+00

97
1.900431955737969e-01 -1.029323343767432e-01
-1.055286582252811e-02 -2.979206928118809e-03
-3.648118272309080e-02 -3.601011935646504e-02
1.000000000000000e+00 0.000000000000000e+00
-8.883067657987972e-01 1.519904926118670e-02
3.883607623466125e-01 1.035179276790715e+00
4.142342985533356e+00 -1.560384150081461e+00
-4.212278716024400e-01 -2.112286536651889e-01
2.915227939834319e+00 -2.377181018527581e-01
-1.455280686115312e+00 -7.444549575170738e-01
-2.321888702094730e-01 5.052518841734217e-01

98
1.932512093953908e-01 4.143828581613189e-01
-5.189933822042875e-03 1.308920972136058e-03
-2.141400230156225e-01 -5.156090858113628e-01
1.000000000000000e+00 0.000000000000000e+00
-8.761164645552054e-01 1.105952505823309e-01
2.021697602815955e+00 1.131155236462987e+00
3.131842102593010e+00 -4.113640010849162e-01
-1.622442415829876e+00 9.124125392126846e-01
1.520350577343255e+00 2.483618379151817e-01
-2.147826733914360e+00 -3.105079367978751e+00
2.518022261860567e+00 1.460185793090041e-02

99
3.099750180892175e-01 -6.057332524350272e-01
-1.403750975955770e-01 -3.742699241292529e-02
-1.679526092957411e-01 -2.755131958335269e-01
1.000000000000000e+00 0.000000000000000e+00
-8.973868843850927e-01 1.372588115016647e-01
5.545697813188195e-02 -6.382791381552616e-01
-7.744875438792511e-01 -1.926243324849476e+00
-1.461611268023886e-01 1.132454493853650e+00
-6.305409204006006e-01 -1.987757354914421e+00
1.859330952622827e+00 -3.544115198961726e-01
2.803585781828688e+00 3.266164670277107e+00

100
1.173301307950552e-01 -2.337948487243862e-02
4.902048159742612e-01 3.418345820377978e-01
-6.670613551301006e-01 2.233466109561729e-01
-4.040909565856514e-01 -2.313316656311556e-01
1.000000000000000e+00 0.000000000000000e+00
1.161353965993003e-01 -3.300640119483853e-01
5.380566079382745e-01 -5.168593187944859e-02
1.205888358780843e+00 8.966051884455388e-01
2.312280835031797e-01 1.282670517719757e-01
4.636655418303238e-01 -1.772776194274446e-01
1.648406353781309e+00 -2.190428379231655e-01

101
-2.240089744102824e-02 -3.690478923748917e-01
3.695351565277263e-02 9.812582661802624e-02
-1.250540797399708e-01 4.670965339961510e-01
-9.308029044639564e-01 -2.109110740353924e-01
1.000000000000000e+00 0.000000000000000e+00
3.627776639968191e+00 6.773296328440298e+00
-9.482740214464475e-01 -1.426657067361845e+00
3.507586272805500e-02 -1.513146750852963e-01
6.367509036415933e-01 6.374548402172603e-02
2.020845384531021e-01 -3.254507147743074e-01
2.433924501483076e+00 -3.179354886092110e+00

102
1.000000000000000e+00 0.000000000000000e+00
1.977658318555955e-01 4.991393344421034e-02
-3.129510783992034e-01 -3.221368386982058e-01
1.190576966391864e-01 -5.313667151561121e-01
1.002830349457758e-01 7.799179279233484e-01
9.509235504651864e+00 1.522245519136790e+01
-5.644457188049969e+00 -2.851009678277931e+00
5.304965054857431e-02 -5.843690778606119e-03
-2.858968133534273e-01 1.723221800682362e-01
2.430676905504781e-02 1.401298518971913e+00
3.958815402945315e+00 -9.264838845505604e+00

103
-2.383084864200675e-01 7.416545712175336e-02
3.281965608820808e-01 -1.314508892746186e-01
7.145965825910122e-02 -5.999547723060798e-02
-9.541056632743564e-01 1.179315337474828e-01
1.000000000000000e+00 0.000000000000000e+00
1.267895310442538e+00 -6.438418365296442e-01
1.453753778274460e+00 -6.412477995817529e-01
3.491677137361192e-01 1.476744416639800e-01
1.290089581460801e+00 -6.229797495314569e-01
7.594979669898190e-01 -8.380561733712470e-02
-2.516145535348036e-01 1.085718078604609e+00

104
0.180605041215502349312e0 -0.500657664494438980505e0
0.894405405026040128483e-1 0.680003551867072921085e-1
-0.149011268130409771929e0 0.389969611409549111113e0
0.100000000000000000000e1 0.000000000000000000000e0
-0.819846238513048466664e0 0.639893140386776470413e-1
0.110358190899457548218e1 0.962763338103538663033e-1
0.121852856494746595467e1 -0.353033039668805126768e0
0.504243755964049172782e0 0.146578248181157651624e0
0.105022809752190782282e1 -0.239832499274120380516e0
0.679193888069509328425e0 -0.348986319306756782432e0
0.374294619681344461223e0 0.409704205866110051287e0

105
7.953672009304201e-02 1.376798115000273e-01
1.000000000000000e+00 0.000000000000000e+00
1.752139212406094e-01 4.157257767436226e-02
6.601967401247957e-01 1.397676337701995e-01
-7.458017372759447e-01 -3.214311926753542e-01
2.535482931647971e+00 8.378618193367633e-01
2.295925532201382e-01 1.560350302283477e-02
8.554164319073346e-01 -8.974388359352942e-02
9.186629197830920e-01 -7.365088093746508e-02
1.247353792401316e+00 2.048951403035663e-01
-3.060347838014587e-01 -6.855593716933965e-01

106
-3.043436753437036e-01 -1.579557991701519e-02
-6.697471749246647e-02 8.105747179870854e-02
2.362840400745489e-02 8.360698561786322e-03
-7.555236040292406e-01 1.380796433588658e-01
1.000000000000000e+00 0.000000000000000e+00
-7.493352579997790e-01 1.399501503696609e+00
1.307103795337523e+00 -1.850490548341596e+00
5.201203898030002e-01 4.627430902568240e-01
9.477755093124066e-01 -6.825112459537409e-01
8.682490389642764e-02 1.663611864625601e-02
1.904030627498770e+00 7.003655019276722e-01

107
2.297123351438209e-02 8.839493629178077e-02
1.100460633234612e-01 4.225550000019156e-01
-4.968224657428786e-01 2.872840222350159e-02
-4.270368525777954e-01 -4.635600367095916e-02
1.000000000000000e+00 0.000000000000000e+00
-7.322765834900197e-01 9.476803326382794e-01
9.244543080046732e-01 -7.669232338272423e-01
1.413917592799810e+00 8.874484932829106e-01
5.485091450995839e-01 2.306664953802648e-01
-2.191650416976657e-01 2.065077552631161e-01
2.097891504260447e+00 -8.918585677858657e-01

108
1.982770670262521e-02 -1.033638464706000e-01
-2.199438379585805e-03 2.225787334794767e-01
-3.792039785742607e-01 2.292368405985299e-01
-6.217903309267173e-01 -1.171954811648536e-01
1.000000000000000e+00 0.000000000000000e+00
-3.949898159634062e-01 8.114264408631156e-02
1.004511774496719e+00 1.903397594476263e-01
1.666973798850280e+00 7.654530043092089e-01
5.262948423420208e-01 6.656712311523771e-01
3.880688961705336e-02 -1.597152669010768e-03
1.500369290917176e+00 -1.128135594973628e+00

109
-1.506295095422775e-01 -3.162878116892839e-01
4.604267402366712e-02 5.986603157804254e-02
-1.494132088880807e-01 4.409035216874955e-01
-8.831883626929369e-01 -1.956937519173256e-01
1.000000000000000e+00 0.000000000000000e+00
4.327950969799449e+00 7.786564359357441e+00
-1.333571860420025e+00 -2.031937036198234e+00
5.405580457268419e-02 -8.495766690778150e-02
7.747703039443662e-01 -1.253702665485924e-01
-3.320929464000699e-02 2.925782221016549e-01
2.320473827497214e+00 -3.875361074149133e+00

110
1.102407947037559e-01 3.727889113500019e-01
-6.828956517322581e-03 1.339677820437812e-02
-3.390964302854832e-01 -5.489640712835786e-01
1.000000000000000e+00 0.000000000000000e+00
-6.791970309032480e-01 2.077793582345023e-01
1.532720425398005e+00 6.025992955558932e+00
9.401069120731138e-02 -4.953370281475172e-01
-4.790648375443219e-01 3.411622136051629e-01
2.879249011580221e-02 8.099601344045849e-01
-6.407130760401301e-01 -2.587937332921960e+00
4.872936043120956e+00 -2.462203741378933e+00

111
1.000000000000000e+00 0.000000000000000e+00
-1.474695714428186e-01 -8.854933400101671e-03
3.878474894140595e-03 -3.504679036171363e-01
6.572592652378163e-01 1.066767577537701e-01
-9.634921066156904e-01 2.743795422198164e-02
-1.440732269641544e+00 4.568858157763171e+00
2.618755414699762e+00 -2.874864496201066e+00
-1.492831752262034e-01 -1.485712657578784e-01
1.879469162007877e+00 -4.396598613316672e-01
-1.155225528947820e+00 -6.166935270178698e-01
2.718944440408221e+00 -9.093964490261586e-02

