4                                                

-0.188814860880993592603202601872e-27 0.738250365421089461367250700899e-27
0.100000000000000000000000000000e1 0.000000000000000000000000000000e0
0.432655474045405266969295540197e-21 -0.205911005166294028247430360424e-20
0.189228555437611716628553335094e-20 -0.537841001975880027921353559816e-20
-0.302764097356452997451302027123e-20 0.666916359145575663629342396833e-20
0.100000000000000027860813648387e1 0.423104329468515655745153078360e-14
0.999999999999997544910533955135e0 0.487482342963487097016506545780e-15
0.100000000000000203921012108145e1 0.381613014814353963170583014840e-16
0.100000000000000023845217202586e1 0.176437367367530931034193856605e-14
0.100000000000000004577172913247e1 0.226588998609893395279051432476e-14
0.462494856690981082286376900247e-15 -0.589162849008937548580358099041e-14

-0.348169468330275406197791308261e-25 -0.525350533835983537506686296157e-26
0.100000000000000000000000000000e1 0.000000000000000000000000000000e0
0.147144296222517211281917631379e-23 0.141983550483429111587393801603e-23
0.423117789412809743619007905620e-23 0.323084930054980483462476613287e-23
-0.532167935879316172272989432917e-23 -0.297549052547260371418052041134e-23
0.999999999999999189293346646152e0 -0.402889107603770991866410578772e-15
0.999999999999999689705010723077e0 0.269526266985497566441619839078e-15
0.100000000000000018022121762121e1 0.706055365259822703955817550840e-15
0.100000000000000053639129912996e1 0.551945523537465137084508791280e-15
0.999999999999999693348148634460e0 0.468491751805076578577239934173e-15
0.396036775390212428058262868999e-15 -0.118613984936162916123130433869e-14

0.312897965382826520721270527586e-27 0.193760055519760355052636622395e-27
0.100000000000000000000000000000e1 0.000000000000000000000000000000e0
0.190539589565308111413402942114e-21 -0.304807461853808909899256788778e-21
0.437421545828297327527807651387e-21 -0.805595401576927715968573123456e-21
-0.455925326695961096114722910387e-21 0.833936693161047831223824574088e-21
0.999999999999999666257285389026e0 -0.171668571815033089243093629557e-14
0.999999999999999623793820973676e0 0.657018140369380287479073020544e-15
0.100000000000000015781608078447e1 0.828590183630993712544966964713e-15
0.100000000000000035880861435280e1 0.509831880859392465847862465312e-15
0.999999999999999813767249854640e0 0.425291487296780341832846581223e-15
-0.127556594143599018357607054759e-15 -0.958602901636602358549665278984e-15

-0.733574662005237607853285583506e-26 0.648695452098308507221628396576e-27
0.100000000000000000000000000000e1 0.000000000000000000000000000000e0
0.300123798546043175164942453079e-22 0.366146531599757517853892777497e-22
0.727988683579809302213390906901e-22 0.946019836041831731057454788873e-22
-0.714291044800181924906879305946e-22 -0.113030412982481357108265358915e-21
0.100000000000000046654435617659e1 -0.173966652434220987261436833054e-15
0.999999999999999235479632246821e0 0.132011146540089812629964218804e-14
0.100000000000000061315918541564e1 -0.353349410934775935437685631322e-16
0.100000000000000069155526641415e1 0.110857067244767255181393822814e-14
0.100000000000000077700520358738e1 0.644260851578534914460242153428e-15
-0.864308032100170767717881563439e-15 -0.202892037361652020795141716357e-14

