112                                              

1.115265660646451e-01 8.815483823161555e-02
-1.303380330309292e-01 2.349605692589001e-01
-1.369502095048029e-01 3.609528862525881e-01
-8.907261618031388e-01 -1.560233644743470e-01
1.000000000000000e+00 0.000000000000000e+00
4.502587458675695e-01 -1.792088719547734e+00
-2.061370340289903e+00 -2.473910424445094e-01
-2.697381602895708e-01 2.200407823818338e-01
-2.377796202222326e-01 -1.013468555783744e-01
5.261645719242616e-01 5.304109488528058e-01
1.124471027511446e+00 1.436810624922268e+00

2.731489190980618e-02 6.015499512768301e-03
5.058981561718330e-02 -3.094382886376422e-01
-1.645616716180785e-01 2.839980019883808e-01
-7.982754056513048e-01 -1.139716497258570e-01
1.000000000000000e+00 0.000000000000000e+00
2.374124516860829e-02 -2.934853179606267e-01
-1.896682055920303e+00 -6.356411068825908e-01
-5.463761557826030e-01 4.959894482214455e-03
-1.669967507236705e-01 -3.194049088070702e-02
2.598635967772676e-01 1.247262483637523e-01
1.918984561782147e+00 1.208417957903428e+00

-0.245620047713519429714e-48 -0.493300617374936317981e-48
0.100000000000000000000e1 0.000000000000000000000e0
0.172834794996516607036e-48 0.439951015527617244159e-49
-0.217717993607896547648e-48 0.167752524476022736105e-48
0.156790743761138176005e-48 -0.918690908633932870594e-49
-0.632622288422201800671e1 0.180878625244675632182e1
-0.110187215525487083347e0 -0.269098126324046748995e1
-0.727073220200300686289e-50 0.139350095809183018642e-49
-0.587322559823816216015e-51 0.426502986648542025315e-49
-0.100000000000000000000e1 0.000000000000000000000e0
0.510746721563502809656e1 0.211674502597284759880e1

1.286189411477706e-01 -1.332933409009447e-01
5.887116141023173e-01 7.150054031635339e-02
-2.588018293181704e-02 2.667393725422479e-01
-9.077223197826254e-01 -1.562981542255021e-02
1.000000000000000e+00 0.000000000000000e+00
-1.443575854242938e+00 2.842658398338663e-01
-2.056777721583837e+00 -1.149071674329457e+00
-2.242150436022562e-01 -3.281866125754937e-02
-4.042548577870984e-01 -1.600393847038606e-01
4.594204182900076e-01 3.631364724679054e-01
2.702556196031130e+00 1.492180469179692e+00

-3.765461306230668e-02 1.274234208757592e-01
-3.233659871345539e-01 -1.483307590637194e-01
-1.467608706079986e-01 1.343116481323738e-01
-7.495033988801378e-01 -5.418221161466988e-02
1.000000000000000e+00 0.000000000000000e+00
-5.636342882850276e-02 -5.244999871910221e-01
-1.316924925718008e+00 3.548491257240406e-01
-6.839843933095459e-02 -2.282267280090954e-01
1.261259244068693e-01 8.101947535924325e-01
-2.789307073944768e-03 -4.495559152820171e-02
1.355018410069949e+00 2.159250339548724e-01

0.891972911410678364231e-1 -0.782917780761878939603e-1
0.224180050517499532613e-1 -0.129754153447397437162e0
-0.555459029181698559470e-1 0.238250353877938455768e0
-0.877179253520043991730e0 -0.190840936910136135969e-1
0.100000000000000000000e1 0.000000000000000000000e0
-0.207172555765297212223e1 -0.581852188421769339058e-1
-0.122129593336604067456e1 -0.284417812158566117641e0
-0.732929284205033863090e-1 -0.441196520380247837917e-1
-0.265059070381540826090e0 0.625773577953296984222e0
-0.105347321722341276374e0 -0.359017673625771743909e0
0.293449029009690602176e1 0.967556997902536584542e0

1.511159056018743e-01 -2.027433083265453e-01
-4.143139606489286e-03 8.004360211591805e-03
-3.128133105258372e-01 4.983892131451637e-01
-9.309103000034556e-01 -1.973320563883828e-01
1.000000000000000e+00 0.000000000000000e+00
-2.785957319841853e+00 4.400556883744570e+00
-1.961937750568620e+00 -3.257144905804397e+00
1.338169296230224e+00 -1.694571680236179e+00
1.101893221894903e+00 -4.094339545923434e-01
1.011985567426899e+00 3.484313448790586e+00
6.860812194812641e-01 -2.323506095143213e-01

1.237941738373955e-01 2.838989308134857e-01
1.769723868418971e-01 -1.603430928630116e-01
-2.370029904440344e-01 2.526219736058425e-01
-9.186999288018300e-01 8.003810758514929e-02
1.000000000000000e+00 0.000000000000000e+00
1.104949398873108e+00 -4.310445247010287e+00
-8.198465500437337e-01 1.805533035282972e+00
4.428949101520308e-02 3.301043076910144e-01
1.856902219051175e-01 1.054614498918089e+00
-7.581738524251330e-02 -1.706710220080406e-01
-2.353360792216612e-01 7.280363209897337e-01

-0.174664549448055019933571063617e0 -0.372726053645757092814451656264e0
0.211695784355330983295980994148e0 0.352994043953860713998226112804e0
-0.557217944398676391144214651798e-1 -0.218126616314959176741753578287e0
0.100000000000000000000000000000e1 0.000000000000000000000000000000e0
-0.996039371780169211555188360462e0 0.141855139477818598869042287958e-1
-0.383204562917954152709936638024e1 -0.489148827973966681990698771784e0
-0.127372448331955185499405299597e1 -0.157346393256832485007313232629e1
-0.268514979373206971461049234333e0 0.612237080052333045502508389047e-1
-0.508400231020838644679586197519e0 -0.394770999996502861874458869089e0
0.392180908515186762282936489937e0 -0.578527181190772638868097486933e-1
0.364184894436912948940622835082e1 0.300374623962281756448882213783e1

9.895547353238232e-02 3.331183363417808e-02
3.556798172251677e-02 3.361256954966177e-01
-2.473904917685088e-01 2.823959417981462e-01
-7.609058986847413e-01 -1.524251783890622e-01
1.000000000000000e+00 0.000000000000000e+00
2.089099296392486e+00 2.230612478104299e-03
-2.733444958901028e+00 -2.000829226229581e-01
-7.234617701725549e-01 3.195542140924491e-01
-4.188821319912153e-01 1.331793045369247e-01
1.215868571985024e-01 1.088073473036152e-01
1.782206797821997e+00 1.058933009890355e-01

1.669747522643789e-01 -4.468133426872375e-02
1.138498002043095e-01 -1.449993659087394e-01
-2.652191791709979e-01 -6.132858413207305e-02
-7.520351758583969e-01 5.323035293884704e-02
1.000000000000000e+00 0.000000000000000e+00
7.101260893429063e-01 -6.908001313712115e-01
-6.466709553535297e-01 5.610387024265838e-01
-1.037088852625315e-01 -2.705947699713435e-01
7.274489657460711e-01 1.090600646419372e+00
-6.375830477028216e-01 7.630285993176394e-02
4.694954229422696e-01 -4.635082390941241e-01

5.833053276817764e-02 -7.902473199948069e-02
4.125870748627099e-02 -2.150160460217860e-01
-3.674507328210578e-01 3.814558065885614e-01
-6.731533899209408e-01 -2.353107024765154e-01
1.000000000000000e+00 0.000000000000000e+00
1.708396842662646e+00 5.812801089535972e-01
-1.737772776240399e+00 -6.633624099779878e-01
-1.127485224616150e+00 2.124176391870404e-01
1.527659893720381e-01 1.526066155333541e-01
-6.739356407717936e-01 -2.019602863920780e-01
1.895661166412955e+00 1.397529217811742e-01

1.683370725364291e-01 1.796754592954755e-02
-1.932715273604945e-02 -6.358796374599188e-02
-3.780683611730111e-01 9.565697432917800e-02
-8.007854850295620e-01 1.737780410364160e-01
1.000000000000000e+00 0.000000000000000e+00
1.089784504635974e+00 -2.088655230083185e+00
-3.085819406772384e-01 8.169819012946763e-01
-4.868878592582381e-01 3.806039545123863e-02
7.303202461617420e-01 9.457555305802290e-01
-8.223372574328098e-01 -3.220798289039468e-01
2.638226256626676e-01 2.429957669026789e-01

1.396037678715783e-01 -1.593833097798072e-01
1.748698894586852e-03 1.830364530282521e-03
-5.261012556678236e-01 5.561936462983020e-01
-5.899059345838812e-01 -4.230163566236615e-01
1.000000000000000e+00 0.000000000000000e+00
1.852599783601989e+00 -4.163667921610363e-01
-1.929186084772465e-01 -2.573538938828586e-01
-2.908224261514128e+00 4.908667122181221e-01
2.981889093959360e-01 1.444621772724635e-01
-1.697835267999523e+00 -2.722349522980268e+00
3.024801905726474e+00 1.736980191159346e+00

3.230233246806374e-01 -6.624870455499590e-02
1.846787557909175e-01 4.770821574984292e-01
-3.779113875970813e-01 -9.373075182148638e-02
1.000000000000000e+00 0.000000000000000e+00
-6.069807488201739e-02 1.876845500358678e-01
3.585350387164289e-02 2.986508254566706e-01
5.656844130007903e-02 2.539622375891158e-01
-2.462088666938993e-01 -1.333897021492195e+00
1.387467973242677e+00 9.560654946400836e-01
-5.228681042068195e-02 2.640847490227097e-04
-2.813260952830028e-01 1.860158141718610e-01

-6.950111356828943e-02 1.500192191648399e-01
-3.764297821535491e-01 -3.617461969296024e-02
-9.631385194525216e-02 -6.253970474624519e-02
1.000000000000000e+00 0.000000000000000e+00
-6.961771016967568e-01 -4.648116372498087e-01
1.164940316930438e-01 3.776774188291329e-01
-5.827169270469880e-01 3.560898524709539e-01
-9.150976653487275e-02 -1.041585988436478e+00
9.199697156287056e-01 1.000556494435045e+00
5.183717908681111e-02 3.703422504549011e-02
2.899194063518117e-01 -9.705689981792309e-02

1.000000000000000e+00 0.000000000000000e+00
-2.366065150513122e-01 -7.287870173443773e-01
-6.942255421524106e-01 -1.384032820023042e-01
6.007376421810847e-01 -3.564387573043994e-01
2.987038225289041e-01 5.979530652829341e-01
1.263170860547039e-02 3.567151892581891e-01
-1.020802900026339e-01 7.137393210728571e-01
-1.224885575287767e-01 -2.416669518917142e+00
1.534011101198767e+00 8.463113043228243e-01
1.479411979514355e+00 -2.208659457179643e-02
-1.434300130842849e+00 1.016018522521950e+00

8.242772291070538e-03 -3.380686301593646e-01
1.578176496478390e-01 -2.708711361821183e-01
-1.989411306296945e-01 -2.547614030933839e-01
1.000000000000000e+00 0.000000000000000e+00
-3.810497420677378e-01 -1.321452685539531e-01
6.272756962406815e-01 -3.628430496759565e-01
-6.903763818110473e-02 7.724893526578080e-02
-5.569012234491847e-01 -8.903194621766334e-01
1.272861536818393e+00 6.703553809752389e-01
-3.150092825134001e-01 -1.640700435291104e-02
-2.001599918850309e-01 4.768229086323638e-01

1.080386238216524e-01 -2.108288399528255e-02
1.911627815757257e-02 4.959121610689162e-02
-1.057715658222695e-01 3.282325529810262e-01
-8.737594229609044e-01 -1.126090335281976e-01
1.000000000000000e+00 0.000000000000000e+00
-1.561090172736511e+00 -6.824051167285730e-01
-1.167492436087638e+00 -6.010172682901076e-01
-1.955850692052130e-01 -8.290141436319023e-03
-3.100913510215646e-02 2.238295390597330e-01
-2.264064308717154e-02 6.963360559453333e-02
2.189020047251489e+00 1.419854364371774e+00

9.636569914861713e-02 -9.236422187229379e-04
-1.507512325650524e-01 6.296160418985450e-02
-2.289927246965018e-01 3.543806603090741e-01
-7.992916015430109e-01 -8.854538844697871e-02
1.000000000000000e+00 0.000000000000000e+00
2.582619424135599e+00 -2.329802669225285e+00
-2.547342489344768e+00 5.853714444117225e-01
-3.193242605713700e-01 3.728017264202089e-01
-2.652053549040004e-01 1.722477622396076e-01
5.425332652424600e-01 5.588285987408330e-01
2.258820538466621e-01 5.305536491331473e-01

1.000000000000000e+00 0.000000000000000e+00
-6.487486443175748e-02 3.381800591099345e-01
-2.231982925306204e-01 -2.567840184822949e-01
-1.003198984993530e-01 8.348489156636326e-01
3.880095610038667e-01 -7.356451597896040e-01
-3.418278518828374e+00 3.297996145957115e+00
-1.970251214291874e+00 -2.666733334131752e+00
4.387173615028923e-01 -2.018776813320377e-01
-1.297333369501454e-01 -7.861084531242384e-02
-2.552684551623913e-01 1.358924296818052e+00
3.868957330257669e+00 2.334090168156873e-01

-6.394003788373684e-02 -1.676369023268375e-01
3.211246564546190e-01 -1.390892757531041e-01
-1.057057771004122e-01 -5.740816149953627e-01
1.000000000000000e+00 0.000000000000000e+00
-9.045306036518936e-01 3.372264548176256e-01
-3.986041270041892e+00 -5.249885812060760e+00
2.002934083769604e-01 2.360446831098599e-01
-6.168345700181560e-02 1.846629718873195e-01
-1.337077595758556e-01 -2.237927882271291e-02
5.949694991674145e-01 -5.558761907636190e-01
1.609292045389755e+00 4.510348359813237e+00

2.557934012058438e-01 -3.606873884639476e-01
9.107776603646220e-01 -9.735029101144410e-02
-2.475231927921865e-01 -6.350307727643850e-02
1.000000000000000e+00 0.000000000000000e+00
-2.388840442509734e-01 -2.590962201606096e-01
1.155718480842591e-01 -2.416178437631681e-01
-7.734431783182014e-02 4.185770883896526e-01
-1.836307844445118e-01 -1.245659819530581e+00
1.264911986252986e+00 9.142046831219108e-01
1.190586802199860e-01 4.100672495331609e-02
-4.071998814190971e-01 3.764556468268115e-01

-2.220669654676907e-01 6.122864507738062e-02
-5.189874437951686e-01 -1.542779074802458e-01
-5.230419530433073e-02 1.973293465215669e-01
1.000000000000000e+00 0.000000000000000e+00
-6.037830615504716e-01 -6.771785016093083e-01
2.233328893832258e-01 -2.734920430715533e-01
-6.650666256679159e-01 4.685597605606949e-01
-1.018950999484497e-01 -7.983179036935081e-01
7.768560578223838e-01 9.439523442688412e-01
2.438156324515674e-02 2.397869120463534e-02
3.112601160126381e-01 8.828850205261030e-02

1.000000000000000e+00 0.000000000000000e+00
2.904625739880535e-01 9.051892284096972e-01
-4.353976221889289e-01 -2.333499090067320e-01
-1.702155197102120e-01 1.463885265302696e-01
6.222592742965715e-01 6.986442873900780e-01
1.436690943743196e-02 5.788598295468870e-01
-1.115744499005358e-01 3.382463178414420e-02
-7.744880296060064e-01 -1.628776480680531e+00
1.237196788153718e+00 5.492728868766541e-01
5.273469902369282e-01 -5.055843536749594e-01
5.396115089751574e-03 1.200760668703356e+00

1.791853295845020e-01 -2.277619286534798e-01
1.635158233970823e-03 -3.876492664396154e-03
-7.381143329104195e-01 3.173988675323416e-01
-3.020330307840416e-01 -2.995197389920169e-01
1.000000000000000e+00 0.000000000000000e+00
-2.502817520225325e+00 -2.875504547272000e-01
-1.726306165847908e-01 -8.124077877705403e-02
-1.142789055992850e+00 -1.823148637678649e+00
4.099561181943546e-01 -8.157184082340313e-03
1.738877541070643e+00 -1.636957933113064e+00
1.556810881074551e+00 3.935316230980914e+00

-1.394402583092422e-01 6.159214969207928e-02
2.211461296520690e-02 2.508165477171458e-02
1.018501979069994e-01 -1.808953077906796e-01
1.000000000000000e+00 0.000000000000000e+00
-8.823472252725916e-01 3.944995018499242e-02
-6.031813737349995e-01 -5.724082684839399e-01
5.502226238186685e-01 -5.279715569084179e-01
-6.741449023274958e-02 -2.205274849692636e-01
1.478202891703410e+00 8.339185015845700e-01
-1.556632719944174e+00 6.306968121790849e-01
3.144100411971887e-01 -1.618827856306990e-01

1.750217307195516e-01 9.611127350224249e-04
-6.256849526662808e-02 1.575717645969897e-01
-2.018986480218962e-01 3.161264229083791e-01
-8.144604844612420e-01 -1.035899481050152e-01
1.000000000000000e+00 0.000000000000000e+00
-3.861157015066163e-01 -1.298552518870034e+00
-1.287379734804288e+00 -5.664945063280513e-02
-2.227276278365537e-01 -1.687103808068054e-01
1.052694222619767e-01 2.898660868330785e-01
2.972058659230136e-01 1.317434852383318e-01
1.186882869938839e+00 1.292112500426885e+00

2.601575518196206e-02 -1.314239253559598e-01
1.777904195722782e-02 -4.446602618679343e-02
-1.904100065004549e-01 6.492858305992310e-01
-8.693179043842655e-01 -4.130947761497928e-01
1.000000000000000e+00 0.000000000000000e+00
-2.687581686527655e+00 -3.579261535250719e+00
-8.575401386616088e-02 -1.579870369849808e-01
-1.016108286051523e-01 1.276584653334505e-01
1.950296053856394e-01 8.980140844687401e-02
7.919822033546793e-02 -7.483324090056190e-02
1.361990452844001e+00 3.056182285070667e+00

6.080115120112728e-01 1.287179555959111e-01
1.000000000000000e+00 0.000000000000000e+00
-1.049589113350435e-01 3.040488996467585e-01
-4.747724242194954e-01 -1.396225668850941e-01
4.898736654311948e-01 -8.072114492642390e-04
-5.987581520527578e+00 -4.096113685102356e+00
7.527700550767352e-01 -4.930734663356963e-01
1.028011425660077e-01 1.295622249385383e-01
-4.747021086474962e-02 5.386896347607199e-02
9.881210096188248e-02 -6.124778971168834e-01
2.762079299455136e+00 4.539107572943382e+00

3.717403453977388e-01 -2.816811388500129e-01
7.279233502583060e-02 -1.478076750780382e-02
-8.455236977104315e-01 -1.334315416461530e-01
9.048690551591965e-02 1.635408563269711e-01
1.000000000000000e+00 0.000000000000000e+00
-1.153685442049436e+00 -2.176482025525527e+00
-1.702275802086076e-01 4.685315742383422e-02
2.892225961404533e-01 -5.009265295906378e-01
8.865441735426863e-01 5.056583653872082e-01
7.842441347553544e-02 7.211836692534284e-01
-1.501065636208678e-01 1.314033928220663e+00

3.376166717185682e-01 -7.750131850471048e-02
-5.073600896384615e-02 -9.539374193295553e-03
-4.914505100466620e-01 2.302108382353643e-02
-3.878881924126020e-01 2.933100073017224e-01
1.000000000000000e+00 0.000000000000000e+00
-9.834803487365028e-01 4.737511155788320e-01
-1.194645749863019e+00 6.317802531740019e-02
4.156342960414232e-01 -1.534865623286526e+00
6.473454858926380e-01 6.116047732727140e-01
1.333161704078095e+00 6.433238616142900e-01
1.051526070803367e-01 7.660778189126556e-01

4.071675814679083e-01 -1.174026597958407e-01
-8.838699970517050e-02 6.012447884557996e-02
-2.298230247388531e-01 8.835672252135889e-02
-6.699788215034390e-01 -1.371929053094257e-01
1.000000000000000e+00 0.000000000000000e+00
3.117297024756221e+00 -2.273434103434283e+00
-1.652344853474002e+00 2.581009624158099e+00
3.330618376257269e-01 -2.370164528489852e-02
2.078490971399058e-01 1.860498251300622e+00
-9.205101884731563e-02 -6.325650287157172e-02
-6.065774065584819e-01 -1.728961559413390e+00

2.974310978071839e-01 -1.581523892501590e-01
-6.529345391276209e-02 9.511743105911040e-03
-6.138695368969822e-01 7.273380325899476e-02
-2.749195238514600e-01 4.080556630138758e-02
1.000000000000000e+00 0.000000000000000e+00
-8.191288680802647e-01 3.417159758811666e-02
-9.699154259341726e-01 -1.324151755484539e-01
-3.297498062277854e-02 -1.481940657489676e+00
7.185163300252942e-01 2.973123259812287e-01
1.305925942589061e+00 3.611848145689742e-01
7.533630590250684e-02 1.506368421780540e+00

5.714237747676512e-01 5.349830902452659e-01
-3.125040583717324e-01 -3.084046702523439e-01
3.825329484384180e-02 1.100074645031018e-01
-9.965362056176612e-01 8.313632172014090e-02
1.000000000000000e+00 0.000000000000000e+00
-5.110866491976851e+00 8.342739183010410e-01
-1.150121368764694e+00 -2.339530516922091e+00
-2.226064007061704e-01 -2.457344099573774e-02
-5.121996580058210e-01 -4.834694048196627e-01
1.556661694199787e-01 -8.094689100689029e-03
4.609510613453307e+00 2.994640964940985e+00

-1.142196757130591e-01 -6.414953827762540e-02
8.867037719685018e-02 1.365109492892349e-01
1.000000000000000e+00 0.000000000000000e+00
5.749039398683876e-01 6.717823890950193e-01
-6.641214108984147e-01 -6.046686067346695e-01
1.255785803835372e+00 -7.634481210099785e-01
5.197408514121139e-02 1.461536867867173e-05
-7.984657270074345e-01 -2.553372476997164e-01
1.260609621635008e+00 7.060260366306931e-01
-1.184221595602587e+00 -1.022432773605964e-01
1.043717946566405e-01 6.105549830316846e-02

5.700639344187847e-02 4.545698714356598e-02
-1.851576251908010e-01 -1.474845664583817e-01
-3.302447703513826e-01 2.367012107138558e-01
-6.679967971840852e-01 -1.350060127037958e-01
1.000000000000000e+00 0.000000000000000e+00
3.214283971411075e-02 -4.141698395415102e-01
-1.231510229709336e+00 -2.140922121843427e-01
-5.008155944979595e-01 -2.705033927267703e-01
2.431270372645341e-01 3.371237423362817e-01
4.138857688146788e-02 -8.141582617312212e-02
1.368388551185614e+00 9.256458155283654e-01

3.729714959094141e-02 -1.704717431612032e-01
3.970139981019749e-03 -6.360301626924607e-02
-1.572422295302918e-01 6.456356675356931e-01
-8.949801556572844e-01 -3.898680401681575e-01
1.000000000000000e+00 0.000000000000000e+00
-3.957059600361410e+00 -3.101699122601123e+00
-9.073052849594258e-02 -2.925203007565760e-01
2.834219262885075e-01 1.277701551974858e-01
5.471117346903004e-03 2.678520452901303e-01
5.803836542353603e-02 -6.212361452430292e-03
2.078334686531231e+00 2.913329071778199e+00

1.600007043204648e-49 -2.629121925927505e-49
1.000000000000000e+00 0.000000000000000e+00
-2.548148275302828e-49 6.130076850544296e-50
6.355678283334396e-50 -4.069138965511652e-49
1.303406633025867e-49 3.910490065278379e-49
-1.718966758046277e+00 -5.067022798728580e+00
-5.536796856675605e-01 6.351727770145921e-01
7.459964487986862e-51 -2.843410158159028e-50
5.557778828855872e-51 2.600438721054664e-50
1.000000000000000e+00 0.000000000000000e+00
2.904644908430585e-01 3.575732146126660e+00

1.078508887777989e-01 -4.180713805548090e-02
-6.846338429819788e-03 -6.717922360064028e-02
-1.213192525298881e-01 1.366960693484387e-01
-8.066864032312717e-01 3.740649030891530e-02
1.000000000000000e+00 0.000000000000000e+00
-1.046910036860271e+00 -5.810701380478869e-01
-8.750901065135780e-01 6.186293674603407e-01
-9.878817489510178e-02 -8.965598611000747e-02
-2.366301040354936e-02 1.153322689720120e+00
-3.841281277226581e-01 -7.048471881828617e-01
2.230153458488211e+00 2.688142415750089e-01

7.958082416797592e-02 -6.204613284037613e-02
6.655253081831623e-02 -2.023186380576359e-01
-2.673251466407647e-01 3.319889932276809e-01
-7.474350101819501e-01 -7.371861369023598e-02
1.000000000000000e+00 0.000000000000000e+00
2.241416657320437e+00 -2.226161742096961e+00
-2.129880788770796e+00 6.534144318599202e-01
-3.515510810279465e-01 4.136996840774081e-01
-1.414941654488764e-01 3.896877566192540e-01
1.385812578583454e-01 3.114011802885043e-01
4.621181799621092e-01 3.441640293851491e-01

4.114788039872812e-02 -1.235517073084817e-01
-2.807898980262453e-02 -6.870962255582381e-01
-7.600177221439902e-01 3.844401316959792e-01
1.000000000000000e+00 0.000000000000000e+00
-5.222639650493375e-01 -6.804645206227579e-01
1.261950682432572e-01 -2.777066643012521e-01
-2.765853456770885e-02 -3.637935295785557e-02
-4.104224909037701e-01 -2.705967289943618e-01
1.037620652146860e+00 9.217251724995215e-01
-1.150884068555559e+00 -6.678838291159539e-02
7.910347692608372e-01 -1.508393303734436e-01

1.752748373435526e-01 -2.107596415945821e-01
4.801368861067062e-01 3.948564125373340e-02
-1.515793086697064e-01 -5.482418356336946e-02
1.000000000000000e+00 0.000000000000000e+00
-2.749654135815801e-01 -2.601059223154106e-01
2.101583090697829e-01 -3.710705595530113e-01
-3.618517182225686e-02 4.806887712278605e-01
-2.063320561776784e-01 -1.049557408789611e+00
1.225674051270146e+00 9.983153255599402e-01
-1.473053762823071e-01 -3.045233818533479e-02
-2.467193440819203e-01 1.914256971655563e-01

4.062327348747198e-02 -2.949353270995279e-01
1.213953918999612e-01 -2.871486366982840e-02
-2.819509306207584e-01 -7.586872163703656e-03
1.000000000000000e+00 0.000000000000000e+00
1.050629785525181e-02 -2.616446880895177e-01
-2.280677441555856e-02 4.493387228541115e-01
-5.614064719516607e-02 7.772334702857646e-02
-3.036852854145259e-01 -1.274813442680865e+00
1.311841239941485e+00 8.515493274713648e-01
-5.450402724731172e-02 1.460882231906015e-02
-7.108065075173409e-02 2.682828373261367e-01

-8.782043995323360e-02 5.702841584552755e-02
-3.005432594333791e-01 1.247163246820660e-01
-1.612685954761301e-01 -1.988566092147492e-01
1.000000000000000e+00 0.000000000000000e+00
-4.710295863764018e-01 -1.046921914523371e-01
-5.971181150427701e-02 1.783575961881309e-01
1.425934227312229e-02 5.146085497885242e-02
-2.128976053921762e-01 -8.963377669851802e-01
1.264987281835609e+00 9.531087907127032e-01
-5.370720772976145e-01 1.108842183567957e-01
1.670237978891223e-01 -5.975551584840247e-02

2.393268352841603e-01 -1.524175771571502e-01
1.746403494297039e-02 -2.757138051528771e-03
-2.011563283890675e-01 2.195619695719385e-01
-7.611308493628838e-01 -1.076672550575174e-01
1.000000000000000e+00 0.000000000000000e+00
7.746447838735254e+00 3.010550497215278e+00
-6.023919797671351e+00 3.876350965704582e-01
4.068252079820260e-01 4.899994273967967e-01
-7.154728525798790e-01 7.862754674344263e-01
3.891939681130692e-01 2.490219320544529e+00
3.753076897991003e-02 -5.064726515575675e+00

1.714828395738126e-01 -1.121651371127281e-01
-2.627733320131226e-02 6.964850932672129e-02
-4.435606659651700e-01 4.844280260580248e-01
-6.771274539062215e-01 -3.340225356687078e-01
1.000000000000000e+00 0.000000000000000e+00
1.484632941088718e+00 5.531801011406392e-01
-1.139623553021388e+00 -6.682831804391356e-01
-1.394235973759639e+00 2.933135300212730e-01
3.505779432551692e-01 2.798490293570184e-01
-1.210236283853451e+00 -6.307393791686322e-01
2.145972866198086e+00 1.849097695989043e-01

8.544537749882121e-02 -1.473251771553900e-01
7.752141359250402e-02 -9.156131982515324e-02
-1.856302518988754e-01 5.446095194613734e-01
-8.461239673529817e-01 -3.080489012352067e-01
1.000000000000000e+00 0.000000000000000e+00
-3.176350745351758e+00 -2.610940692683406e+00
-7.550256379815115e-02 -2.787342515369566e-01
-7.170063561280279e-02 6.454862029262157e-02
1.264248108606690e-01 2.868660086960776e-01
-1.209005773681684e-01 -2.776209954912742e-01
2.038218227563885e+00 2.657978734415655e+00

1.548846451810975e-01 -1.171779283972821e-01
1.850541754473652e-02 6.714847894379819e-02
-3.236402537926601e-01 4.052076955037964e-01
-6.800493914141356e-01 -2.084689690582904e-02
1.000000000000000e+00 0.000000000000000e+00
1.905051991998058e+00 -1.398034118007215e+00
-1.804963340359015e+00 3.640255639553390e-02
-4.373222182094326e-01 1.117418071370447e-01
2.409566541564540e-01 1.924113844252942e-01
4.253887057857555e-02 5.573245882588982e-01
3.107507614289630e-01 4.330696374111044e-01

1.147832257169165e-01 -2.201141856812231e-02
4.984947870588839e-02 -4.139063029242052e-02
-1.138732079057593e-01 -7.816637370401204e-03
-7.847816557925460e-01 1.228713013147723e-01
1.000000000000000e+00 0.000000000000000e+00
3.546837547418229e-02 -6.367906517978713e-01
-2.258072232300944e-01 1.064098063636214e+00
-7.967011852851838e-02 -1.469949756033251e-01
6.048537003222779e-01 1.629973305370406e+00
-1.103272615320612e+00 -6.272482577515992e-01
1.238896071869967e+00 -8.164577430911154e-01

8.120740038189815e-02 -4.105405095703193e-02
6.125477054416788e-04 -1.111066959432381e-01
-3.200231440192403e-01 2.931323846271157e-01
-6.950769845542396e-01 -1.467427007403765e-01
1.000000000000000e+00 0.000000000000000e+00
1.251499560355881e+00 2.813976975221942e-01
-1.869159117398976e+00 -3.906500821076319e-01
-7.209209495409761e-01 -1.474077840842226e-01
1.182427562298427e-01 1.948984391690990e-01
2.138444344307173e-02 5.940677576264376e-02
1.407750430394338e+00 3.970897603863822e-01

1.431285417759824e-01 -1.448841488361111e-01
-1.343173238246022e-02 1.948770155741146e-02
-4.036016519087975e-01 5.164256848912059e-01
-7.023403064490343e-01 -3.485514842198961e-01
1.000000000000000e+00 0.000000000000000e+00
1.166599626635915e+00 5.366796615799778e-01
-9.500175525345522e-01 -1.025341359628318e+00
-1.547527496213448e+00 6.511884224662779e-01
3.194213194116176e-01 1.892163441334925e-01
-1.746252393667667e+00 -7.057507460255552e-01
2.704520213276651e+00 2.418667247367443e-01

9.520928461619978e-02 -1.061025946641233e-01
-1.784572570829247e-04 -7.725477044601370e-03
-1.671523622700928e-01 3.871312217235401e-01
-8.452458314133279e-01 -1.932282423027359e-01
1.000000000000000e+00 0.000000000000000e+00
-3.547026283993135e-01 3.919156944779541e+00
-2.027245825579905e+00 -2.689589796160072e+00
-1.881280483103426e-01 6.100111833682347e-01
2.384678944118552e-01 1.835135922008298e-01
-1.957933024134589e+00 1.384126599989966e+00
3.624133367993945e+00 -1.811801914435252e+00

-3.218967994793920e-50 1.376085593055527e-48
1.000000000000000e+00 0.000000000000000e+00
-5.283115488601579e-48 1.885645021491545e-48
1.376579529034303e-47 -8.096000348777799e-48
-1.188764478282744e-47 1.677973321452275e-48
-1.589447138507993e-48 -4.199069607111461e-49
-4.555173942448987e-49 -2.778088361864749e-49
-2.993048792775684e-01 -4.828768919859479e-01
1.119351815224835e+00 9.923458618346668e-01
-1.000000000000000e+00 0.000000000000000e+00
6.407951718152469e-01 -2.493471561228177e-01

3.126067610743468e-01 -2.758170632475794e-01
1.133473147385450e-03 2.173465740612012e-01
-2.278369918357767e-01 1.485458898007987e-01
-8.002672923580418e-01 -1.481108861906844e-01
1.000000000000000e+00 0.000000000000000e+00
2.218273438986554e+00 -1.685052388218319e+00
-1.386163224539861e+00 2.019811215426794e+00
4.119380375669198e-01 4.104203404112894e-02
3.073559230053181e-01 1.804342099602377e+00
-4.701104631281935e-01 9.683618873026692e-02
-8.903980472119860e-02 -1.767779652082229e+00

1.052607857604187e-01 1.323036008857199e-04
-8.543230254015040e-02 6.853739380029897e-02
-1.059241473746902e-01 -1.931280300474944e-01
-7.394518746383689e-01 2.486210380554258e-01
1.000000000000000e+00 0.000000000000000e+00
-1.096809505457352e-01 -2.042086432383135e-01
-7.441633712199316e-02 -4.039837536870244e-02
-3.582643676372840e-02 -2.160535428607773e-01
1.064180791674220e+00 1.071182545144126e+00
-1.252841200404295e+00 3.214130918902171e-01
6.998924854633527e-01 -6.044640993991875e-01

1.820872188409942e-01 -3.239192177719161e-03
9.087404808990651e-03 1.089231468518422e-03
-7.652998584802048e-02 3.102248720983898e-01
-8.923388487452270e-01 -1.157797858726036e-01
1.000000000000000e+00 0.000000000000000e+00
-5.381705862467667e-01 5.424285645571719e+00
-3.591667651231054e+00 -3.779371794650379e+00
-1.000957121091607e-01 1.285614047067111e+00
-6.791208366631736e-01 -3.097517816678925e-01
-1.953636888441824e+00 1.920247717007654e+00
5.441940731638926e+00 -2.221911372677682e+00

4.786689591821974e-01 -1.298831625376842e-01
3.435896623943399e-03 1.398714560617158e-02
-1.672166614099361e-01 5.522588488501645e-01
-9.031934000657977e-01 -2.854803826948078e-01
1.000000000000000e+00 0.000000000000000e+00
3.392074068269488e-01 3.329249965322751e-01
1.209811950837099e+00 -2.876392425030302e+00
-4.350729434988998e+00 5.153386315388624e-01
1.065319194134448e+00 -1.365234803160143e+00
-2.562959977177203e+00 -2.939917362073109e+00
3.872376623248531e+00 4.255843190389998e+00

1.069792091389636e-01 1.775280552258536e-02
4.669134037225456e-02 2.801167402237633e-01
-3.142303318008022e-01 3.082182314214673e-01
-7.100036981901028e-01 -1.965319507846822e-01
1.000000000000000e+00 0.000000000000000e+00
2.289833403858110e+00 5.295100119094931e-01
-2.489717715432131e+00 -3.809019591206109e-01
-9.493142069899959e-01 4.266899181639860e-01
-2.635729772312834e-01 2.182455058016857e-01
-4.206173948023617e-01 -6.975407559240301e-02
2.056812571280056e+00 -2.709473250328230e-01

2.625949450077065e-02 -3.277398026088220e-02
-1.299093077126577e-01 -3.269294599040319e-01
-2.452363025870229e-01 2.798338408485390e-01
-7.287293253421295e-01 -1.216000724833051e-01
1.000000000000000e+00 0.000000000000000e+00
1.256476277621426e+00 -1.086724909543898e+00
-2.006722019460147e+00 2.637965306196423e-01
-4.394799245214470e-01 2.229631274651123e-01
-1.983568664772753e-01 4.086800874638315e-01
7.430032594582672e-02 9.902089846545031e-03
1.343300853035948e+00 4.266739921729518e-01

4.270657901334139e-02 2.137764028345101e-02
-1.685086434620658e-01 -1.742384885000314e-01
-2.467645160603838e-01 2.984223213287298e-01
-7.458662453695464e-01 -1.538353850413430e-01
1.000000000000000e+00 0.000000000000000e+00
8.660954885952982e-02 -5.946616856225924e-01
-1.431684144661366e+00 -3.252899529953376e-01
-4.658892899405230e-01 -8.510552791173495e-02
1.165480171085616e-01 2.276923904912456e-01
2.868474063646386e-02 6.996535151998964e-02
1.471358750640313e+00 9.643604175995608e-01

1.205605525728203e-01 -3.492973829695436e-02
2.535428514681730e-02 -5.443327973608756e-02
-2.976884790246040e-01 3.029636527207830e-01
-7.658759096294016e-01 -1.116670836310785e-03
1.000000000000000e+00 0.000000000000000e+00
2.168021368593841e+00 -2.654748521643386e+00
-1.709752453734280e+00 9.200800329709506e-01
-3.724102482743617e-01 4.388776565302871e-01
9.088035670476863e-03 5.782190724837881e-01
-1.067673269883407e-01 1.043168264968627e-01
3.065793345851826e-01 3.248734145206537e-01

-1.461736359344280e-02 1.113011717915659e-01
-5.359781354807995e-02 -3.065905318330660e-02
-1.494439192525636e-01 1.210370377291485e-01
-7.503183900604613e-01 5.411533461260665e-03
1.000000000000000e+00 0.000000000000000e+00
1.378519574354477e+00 1.924404618155573e+00
-4.625813757703286e+00 -2.728193146313660e-01
-1.167172783860616e+00 1.072269917115098e-01
-1.953767023198989e+00 -1.976466942853546e-01
1.644173243192746e+00 -1.073618123135757e+00
4.382041116845056e+00 9.969187951408084e-01

9.622482112296481e-02 4.217109453934999e-02
-2.385503517971216e-01 -3.254678576176221e-02
-1.071450055165869e-01 3.158033197965189e-01
-8.765343257538655e-01 -1.073841810127410e-01
1.000000000000000e+00 0.000000000000000e+00
-1.445116640734878e-02 -1.478872313173797e+00
-2.030104821726856e+00 -2.735581325857747e-01
-3.291424363496912e-01 3.953773946736627e-03
-2.985149889291909e-01 -1.192041156330586e-01
7.722632839546455e-01 2.920317536311905e-01
1.385522299371101e+00 1.742160784313592e+00

3.380486777159523e-01 -2.959093961385417e-01
1.000000000000000e+00 0.000000000000000e+00
-1.265712931780794e-01 2.278955502663673e-01
-3.911504821596398e-01 -2.994200736435009e-01
4.292773699196857e-01 2.697499019670910e-01
-3.406768595876354e+00 -5.692909781448308e-01
-8.296207164335161e-01 -1.112607623298218e+00
-6.814985164075946e-02 1.683734290283561e-02
-1.497278030099355e-01 8.111353603896435e-02
-6.733942029285431e-02 -5.486014681946240e-03
3.067068782852953e+00 2.139217145559386e+00

3.758496892780028e-02 -3.542344881888665e-02
1.175873071549540e-01 -1.364957141409902e-01
-1.628273375434609e-01 -5.679727476603771e-01
1.000000000000000e+00 0.000000000000000e+00
-8.742450755695292e-01 3.256288161610350e-01
-3.582295012294681e+00 -4.395487644387160e+00
-5.848465592452286e-02 5.398976544678567e-02
2.921674228431181e-02 6.971323409876011e-03
-3.083121171054951e-02 -1.005229718359039e-02
6.549332972108152e-01 -2.457522800471594e-01
1.432242544595476e+00 3.970776826088618e+00

-1.436555711090877e-01 -1.363296068423156e-01
1.165105360381658e-01 -4.222233173661466e-04
-6.855249087002643e-02 -1.836321487313777e-01
1.000000000000000e+00 0.000000000000000e+00
-9.912005969573785e-01 -4.324167343302215e-02
-1.831594896541040e+00 1.861568616835779e-01
-1.963639085840656e+00 -9.079697386074793e-01
1.486081202707078e-01 -3.373151008928719e-01
-2.923680358865827e-01 5.865260627783753e-03
7.962943991030023e-01 5.911881316361897e-01
2.246923655414760e+00 1.428196585582858e+00

0.135182530755220850423e0 0.853071995624000932706e-1
-0.150084190584599255744e-1 -0.421966580282833985462e-2
-0.137485274417203096636e0 0.170418579149764193024e0
-0.975591527562479650609e0 0.211314118741990779099e-1
0.100000000000000000000e1 0.000000000000000000000e0
0.123434429934421686340e1 -0.489205748001442539309e0
-0.317440387642457530351e1 0.141637598464684614542e-2
0.397349745520946685926e0 -0.364009049126633911828e0
-0.367493462967746580309e0 0.822729572092262834832e-1
0.151415035970147327773e1 0.134333311335129941164e1
0.418442267160548501617e0 0.340294789398904279186e0

5.609555057602315e-01 -1.468919062604906e-02
2.666605532221791e-01 6.956834604343806e-02
-4.077476560204791e-01 -5.391105170379742e-01
1.000000000000000e+00 0.000000000000000e+00
-6.344988423186139e-01 3.838903589956471e-01
-1.001615543798976e+00 -4.717066936569130e+00
-3.461826144382252e-01 -6.192755552104696e-02
-1.093761132326800e-01 1.538576421380459e-01
4.853706663331974e-01 -2.606011673438121e-01
3.891132623488159e-01 6.633835206784708e-01
-2.701064995346449e-01 3.137004975475547e+00

1.995530810767844e-02 2.745918495743150e-02
8.833177569352961e-02 -1.908436687529873e-01
-2.153747363852383e-01 3.103573629825936e-01
-7.667575626479269e-01 -1.595483301882876e-01
1.000000000000000e+00 0.000000000000000e+00
1.045704819955939e-01 -1.284668340735119e-01
-1.690510027926633e+00 -7.823361651340442e-01
-7.514058297144461e-01 3.275250612856548e-02
-4.796598892916243e-02 -6.869552314098189e-02
1.143666904796053e-02 -1.623870776030397e-02
2.009738652765378e+00 1.229836321991714e+00

1.860141704476168e-01 5.803996287167366e-02
-3.046725300077987e-02 -7.889347918719065e-02
-2.437259642699104e-02 2.420793152319259e-01
-9.213776315748574e-01 -2.781933984412593e-02
1.000000000000000e+00 0.000000000000000e+00
-2.845718211282398e+00 6.884739210744122e-01
-1.745021831905966e+00 -1.869561771818432e+00
-4.355254556323779e-01 1.937361925484747e-01
-5.377934963651290e-01 -3.962091417495330e-01
6.242173345801669e-02 8.761264187373552e-02
3.908870287540425e+00 2.110548338088756e+00

1.000000000000000e+00 0.000000000000000e+00
9.381435299411575e-02 3.894001907928442e-01
5.397961462955710e-02 2.673083680022266e-02
-1.969158513112929e-01 2.482031970865300e-01
1.585151483575735e-01 -1.629305185790881e-01
-8.353155686403742e+00 -4.928340046306044e+00
1.899877283160328e+00 -1.139740137050950e+00
-3.112359016661269e-02 5.551754346020513e-02
1.892014453297367e-01 -3.190543681982488e-01
-2.682018762719279e-02 -8.782015729140367e-01
3.218361227138118e+00 6.270520844705845e+00

-6.776850656223915e-02 5.092058988903205e-01
6.260704017969937e-01 9.969388721338060e-02
-2.821001174468969e-01 3.307192828227973e-01
-9.305036367934202e-01 -1.323471689311671e-01
1.000000000000000e+00 0.000000000000000e+00
8.123217131611582e-01 -4.776785135493926e+00
-7.398202170881907e-01 1.409809064925509e+00
1.638057271964594e-02 3.027469188211830e-01
2.809506614874220e-01 6.617182124895709e-01
1.410762882866431e-01 1.392702955941032e-01
-5.366854324597878e-01 1.441600244248535e+00

1.844370640104863e-01 -4.637429733227343e-02
6.112128701940903e-02 -9.303782383238963e-03
-3.912582008831206e-01 -7.347478388993920e-01
1.000000000000000e+00 0.000000000000000e+00
-6.001992253609838e-01 4.957919205025128e-01
-1.807633936686008e+00 -4.358076240475547e+00
-1.257982627177758e-01 1.673406457379568e-02
1.922923363018864e-01 -9.893855173652621e-02
5.640987030861444e-01 -2.799414028787872e-02
4.705639249479818e-01 6.919868421418862e-01
-1.900973268528370e-01 2.984869578296459e+00

2.053350630409297e-01 6.215740943037025e-01
-1.593602485539737e-01 7.781299704391014e-01
-2.037305150148140e-01 -2.434244541272446e-02
-7.207018609227706e-01 -1.611075855168065e-02
1.000000000000000e+00 0.000000000000000e+00
8.012090246207798e-02 3.038100860848033e+00
-3.369398138875523e+00 -1.577952500432355e+00
-3.221870031212481e-01 -4.624503075109826e-01
-5.713862629483508e-01 -2.492344352388161e-01
9.403944532073423e-01 7.270644711636959e-01
2.895881593690909e+00 2.082762857552249e-01

1.558710250398463e-01 -4.571554710983586e-02
2.615077021410825e-03 -4.200884249409781e-02
-3.899781634105627e-01 3.133942461813499e-01
-6.949475642967948e-01 1.045387653987584e-02
1.000000000000000e+00 0.000000000000000e+00
1.838366727103492e+00 -2.259936698501712e+00
-1.217957952756902e+00 4.429574531783893e-01
-4.966401874785845e-01 3.812400452890487e-01
3.615277209608815e-01 4.802092650446677e-01
-5.160259915202662e-01 2.046870107531023e-01
2.906817716310706e-01 3.596395381760589e-01

0.118259501249904472724e0 0.192039232942250638291e-1
-0.311421130993623354365e-1 0.578703936302911746943e-1
-0.208415955906429387174e0 0.381935581650268952145e0
-0.833105952249256616077e0 -0.888233642013212212923e-1
0.100000000000000000000e1 0.000000000000000000000e0
0.222881792101703760621e1 -0.234663561366234895431e1
-0.259141675414142323426e1 0.346933819427804424811e0
-0.119864066230040130581e0 0.373980010505834510403e0
-0.244293565009451624104e0 0.624134919498998541875e-1
0.616334665749912003721e0 0.910793367863200121278e0
0.152215936010455415539e0 0.605187911934042778331e0

7.205491749376993e-01 2.351169154939730e-01
-1.439184946664657e-02 8.576698615320233e-02
-4.095210893747345e-01 2.014148308677453e-02
1.000000000000000e+00 0.000000000000000e+00
-7.999345285053495e-01 -2.495496570072482e-01
-5.111733803532688e+00 -3.941475185986820e+00
7.521215072297173e-01 -2.767382410730910e+00
-8.895723982150491e-02 2.226891227627127e-02
9.242943701657420e-01 -1.497089813993845e+00
1.500062248977438e-01 1.525746832126466e+00
8.845083962866189e-01 5.445340700176690e+00

2.414463423523032e-01 -6.993519950520620e-01
7.399103553403124e-01 -4.464496401852830e-01
-3.613070750235936e-01 -2.053280156912493e-01
1.000000000000000e+00 0.000000000000000e+00
-8.674658018847838e-02 -6.539987092184231e-02
2.507881763923576e-01 -2.873549547870832e-01
-8.380207918953851e-02 7.379434523447453e-02
-4.607285218914997e-01 -1.204374084546148e+00
1.293989719710971e+00 5.957656065946043e-01
1.396919570395893e-01 3.286879595640472e-02
-3.865227748060246e-01 8.327757718481315e-01

-1.016250487445249e-48 5.575709116752622e-49
1.000000000000000e+00 0.000000000000000e+00
3.558787208987141e-49 4.606021759824901e-49
-8.073260577064769e-49 -1.531658097332739e-49
5.163152438926320e-50 -3.467957980150398e-49
-1.818678441361159e-49 1.386032243305578e-49
6.940646239865169e-50 -2.627073347058629e-50
-5.542799246134190e-01 -1.929896906967401e+00
1.504180603888666e+00 3.487112200769088e-01
1.000000000000000e+00 -5.551115123125783e-17
-9.864885611688952e-01 1.626613004610890e+00

3.137364090737800e-01 -4.597822696739692e-01
1.127080839709505e-01 1.361611501018092e-02
-8.687852649490233e-01 -2.487126878013501e-02
5.337597468557004e-01 -1.001837855037332e-01
1.000000000000000e+00 0.000000000000000e+00
-1.336694141419067e+00 -8.356192618105779e-01
-1.156301364720701e-01 7.596547557699582e-02
5.792668907361180e-01 -1.013297483170416e+00
1.138322305257538e+00 8.408768325917815e-01
1.745672623072728e-01 8.834039479214433e-01
-3.112404809384208e-01 5.146673380706167e-01

9.094960699879308e-01 1.790358782150130e-01
1.084328675758480e-01 9.561560705254892e-01
-4.123876567929615e-01 -4.908022162777953e-01
1.000000000000000e+00 0.000000000000000e+00
-1.993319524350581e-01 5.512560431165501e-01
-2.787251195473760e-01 4.579704050663317e-01
3.047701698077046e-02 1.159228035565190e-01
1.405511774822683e-01 -1.948708258031787e+00
1.676375696064107e+00 7.954462307953629e-01
7.089542703388838e-01 6.395913083987046e-01
-1.250366552272250e+00 4.581656249757602e-01

-6.037110760390728e-01 1.543351684888117e-01
1.005084530498125e-01 -5.247425133932450e-02
1.000000000000000e+00 0.000000000000000e+00
-6.437336142742324e-01 1.467235820636783e-01
-6.762633489157526e-01 4.873364180610096e-02
4.313121264973349e-01 1.141626997165882e+00
-1.368317772718968e+00 1.151946726372858e-01
2.415321257533092e-01 -2.104000902408954e+00
1.058956809833817e+00 5.128168934006072e-01
1.773006493376262e+00 8.979484674606518e-01
-1.064055666647070e+00 4.458384392450195e-01

4.274761739703419e-01 1.139652174902139e-03
3.853167481285235e-01 2.166128941198723e-01
-3.515809201624976e-01 -4.609866755978134e-01
1.000000000000000e+00 0.000000000000000e+00
-7.691408264178553e-01 2.176193408086116e-01
-4.590500376088558e+00 -1.678023335989842e+00
-3.411189336383471e-01 -1.008143781150627e+00
1.537802242499947e-01 2.077463456518055e-02
-1.291845893076784e-01 5.347690760100964e-02
6.952561869622476e-02 -2.217220988447947e-02
2.982138053141378e+00 2.947857079610726e+00

-1.186623941205532e-02 -9.396504685020339e-02
-8.585999959497738e-02 -4.038160924346468e-01
-4.101268287918611e-02 3.336373096962184e-01
-8.938508199514563e-01 -1.016487394512707e-01
1.000000000000000e+00 0.000000000000000e+00
-1.985057747127021e+00 -1.198292220265686e+00
-1.320727841230354e+00 -3.146153483247476e-01
-1.002390133278351e-01 5.616077622943604e-02
-3.359028888455565e-01 2.634580312853851e-01
2.720862245681766e-01 -1.463242881418977e-01
2.472005141405144e+00 1.786107605974800e+00

1.088163733903445e-01 1.343604208561476e-01
2.954582942731804e-01 2.864292645540587e-01
-1.333406361796258e-01 -5.540934906125915e-01
1.000000000000000e+00 0.000000000000000e+00
-9.445065203977834e-01 3.045356060304509e-01
-3.870464981118076e+00 -3.147888216005494e+00
-1.888203587286807e-01 -2.640617771037079e-01
1.013716727630348e-02 1.112811431915051e-01
-1.423891901393235e-01 1.430060542961613e-01
2.338647842691732e-01 -3.568117145227270e-01
2.323440743732907e+00 3.324526838773333e+00

6.975624819541767e-02 -1.045981845913385e-01
6.824387424461922e-03 -9.875767079058149e-03
-2.074784790964256e-01 5.089647858881969e-01
-9.402149111066636e-01 -5.533861842870419e-02
1.000000000000000e+00 0.000000000000000e+00
8.327789898910832e-01 2.926371989053000e+00
-3.119356768824954e+00 -5.484585112110709e-01
2.333486102774541e-01 -1.887537986546407e+00
1.681454516885076e-01 1.130883509531474e-01
2.352779633397433e+00 1.186693901306728e+00
3.021347664519947e-01 4.243165802363065e-02

7.070285483543828e-02 5.453589722194457e-02
-1.721875716341557e-03 -8.277197182251322e-03
-4.043228860823017e-02 3.796745251441506e-01
-9.260215624357713e-01 -1.301043745041732e-01
1.000000000000000e+00 0.000000000000000e+00
1.503407363480454e+00 -3.891867652348653e+00
-2.342196948911458e+00 1.237168396801340e+00
2.503970724093632e-01 -6.182588940925240e-01
-1.125015481111582e-01 7.894243278853581e-03
2.319452691132201e+00 8.602233009100179e-01
-1.382453166625555e+00 2.133700026983211e+00

1.985437592644366e-01 4.338743680138733e-02
3.778098708996456e-03 5.149445337823865e-02
-1.973761507428709e-01 4.719971269555451e-04
-9.447744105526430e-01 1.319668549881586e-01
1.000000000000000e+00 0.000000000000000e+00
2.668758554697350e-01 -9.685336122078803e-01
-8.476751726612878e-01 4.742631969830210e-01
-1.678752518234650e-02 -3.679004852693314e-01
5.587133843349338e-01 8.751008887257060e-01
-1.527301851346020e-01 1.724797196277723e-01
4.866350664696862e-01 1.266899484494016e-01

-1.542834833705389e-01 9.630104309306435e-02
-1.235002926899162e-01 1.146081774100613e-01
2.904845392299189e-03 -4.504015049185470e-01
1.000000000000000e+00 0.000000000000000e+00
-2.670124961940976e-01 2.274778693542552e-01
-4.339009730567002e-01 3.002684553261485e-01
2.523621767093396e-01 -5.467270776317334e-01
-1.404848096335228e-01 -7.383540512677417e-01
1.482001138838791e+00 7.594662812283403e-01
-9.350544399015293e-01 5.593823305432898e-01
1.687567732318229e-01 -7.308810584413783e-02

-0.147482194709375294937e0 -0.312095422088459309510e0
-0.863692657381324477054e-2 -0.612408440026684004298e-2
-0.267282813021544994852e0 0.103310552339188093187e0
0.100000000000000000000e1 0.000000000000000000000e0
-0.847528394877673281731e0 -0.399863118976626080758e0
-0.409905711898518141864e1 -0.304784953628014436281e1
-0.247581055801430516532e0 -0.258138416770465344520e-1
-0.504805548938257668480e0 -0.124754161523678278609e1
-0.727974828640499690931e-1 -0.387058348340682033321e0
0.222705926217458577377e1 -0.105030663609196099270e1
0.148402041929972176035e1 0.540907934515169627667e1

1.285323035008929e-01 2.392776095896928e-02
-8.814761747946584e-03 -1.154632210642724e-02
-2.601498774515589e-01 3.586989916836509e-01
-8.468697543879562e-01 3.206886503829531e-02
1.000000000000000e+00 0.000000000000000e+00
8.478819455433533e-01 4.163382095256946e-01
-2.921746079121694e+00 4.292225302590325e-03
4.699010423344058e-01 -1.034702481434196e+00
-6.771292686926020e-02 2.016998165971323e-01
1.897613925133130e+00 1.288442325306812e+00
9.816546687421707e-02 3.227799361075621e-01

1.216948011218737e-01 -3.065680158304626e-01
6.359386131776638e-03 3.310100638537362e-02
-2.159517477383981e-01 4.687563703313471e-01
-8.696314511026640e-01 -3.693063423033944e-01
1.000000000000000e+00 0.000000000000000e+00
-1.898586913810710e+00 7.769111022219729e-01
-6.529052212509706e-02 2.549056740807907e-01
2.046873269774301e+00 -1.604116487468589e+00
1.705122488073927e+00 1.716114184974705e+00
6.520110685931324e-02 2.311769389161219e+00
-1.311964903243578e+00 -1.826594708739478e+00

3.566572192422508e-02 -1.594599005721829e-01
-6.087872459511803e-02 -7.964082060591929e-02
-1.682463221523123e-01 4.513099753186684e-01
-8.177942142531633e-01 -2.214070130604390e-01
1.000000000000000e+00 0.000000000000000e+00
-2.338550476964413e+00 -2.634550622743947e+00
-7.041029810520760e-01 1.710104197370048e-01
2.557347310992014e-01 1.835212517894436e-01
-9.834287183106986e-02 5.250407656854201e-01
4.718990384151462e-02 2.111487326366529e-02
1.776271082140938e+00 1.844230615350522e+00

2.276703060945740e-01 -1.960166894513891e-02
-2.297027000961105e-01 -1.888545543836483e-02
-2.175734238268507e-01 2.662543057023001e-01
-9.811274675254327e-01 9.655357297657780e-02
1.000000000000000e+00 0.000000000000000e+00
1.122039165710009e+00 -2.940082711104807e+00
-1.417364413665238e+00 1.305278180428393e+00
6.828191810220058e-02 3.135371278926757e-01
-2.490761050579554e-02 9.389938926385202e-01
-1.739345531731593e-02 4.461350871873924e-02
4.029261539181265e-01 2.721420185486557e-01

4.797275493699166e-02 -3.253010723337693e-02
-1.099173885837334e-01 -2.650330103228907e-01
-3.212027151212082e-01 2.505534975076936e-01
-6.723429946006866e-01 -1.248892690189117e-01
1.000000000000000e+00 0.000000000000000e+00
1.568811349876491e+00 -5.922484883662885e-01
-1.871944097303861e+00 2.527872977740047e-01
-5.705796975951410e-01 1.921466835662830e-01
-5.461356449975027e-02 5.382038023313049e-01
-2.214364025401398e-01 -1.192819050868600e-01
1.389431771283296e+00 2.207389203598642e-02

4.809327168626795e-01 -3.671878922517616e-01
1.000000000000000e+00 0.000000000000000e+00
-4.114968792216698e-01 -6.979663678677539e-01
1.323010318741638e-01 2.740217444981211e-01
1.055353783162277e-01 8.759564763793540e-01
6.567058949228022e-01 -5.120536072191948e-01
-8.073437439330984e-01 -1.103160290850919e-01
-4.602665803775063e-01 -2.953284090335108e-01
6.976228589927618e-01 5.213155077018939e-01
-4.060642537312513e-01 1.547184295201937e-01
6.261380171485834e-01 3.465648751509595e-01

-3.664420712876603e-01 1.734216470127241e-01
-8.324025760989788e-02 4.104591240377335e-01
1.000000000000000e+00 0.000000000000000e+00
7.615333714693621e-01 -3.154164638653378e-01
-6.995155504597519e-01 3.815925189761902e-01
5.656634056879587e-01 -3.895064527855690e-01
2.993377200744934e-02 -1.462819361121722e-01
-4.780391385079108e-01 -3.740786955698162e-01
1.251287746784182e+00 7.737152835666850e-01
-1.085517843167804e+00 1.562213703621551e-01
2.441486145002818e-01 -7.494484671585107e-02

-1.616937396847739e-01 6.771951806389193e-03
-2.564065207563624e-01 -1.326119280397932e-01
-3.355529140787701e-01 -4.309805763093106e-01
1.000000000000000e+00 0.000000000000000e+00
-5.436711111774888e-01 1.724198818163837e-02
7.481118599063612e-01 1.979853948494215e-02
-2.318022575339238e-03 5.849352629251934e-02
-9.143208611939858e-01 -7.283647403678267e-01
1.165954409314412e+00 7.374325702203841e-01
-6.749990178305955e-01 -5.411243570789476e-01
4.554268629532347e-01 3.914814440105598e-01

-1.349655628745847e-02 3.312396972535599e-01
-2.931805702534108e-01 -1.601256289832606e-02
-7.753092133603381e-02 2.185186213348828e-01
-8.713081087975740e-01 -8.082491820176751e-02
1.000000000000000e+00 0.000000000000000e+00
-1.073168173081857e+00 -1.018581455481423e+00
-2.762675503485537e+00 -1.889843159723779e-01
-4.754589439861609e-01 3.257982995039364e-01
-1.287757292268842e+00 -9.511300312327453e-02
1.065435355436797e+00 -5.715649769143879e-01
3.407624829726933e+00 2.186587268691402e+00

-2.232970768757609e-01 -6.481275394187037e-02
1.000000000000000e+00 0.000000000000000e+00
-7.303970745739172e-02 1.869319402516071e-01
-3.134064547460081e-01 -1.342427002978200e-01
4.094138942035430e-01 -4.077098926575937e-02
-4.241697123619854e-01 -5.063796473444795e+00
-8.591245360640569e-01 1.244149667783634e+00
-4.679461310471902e-02 3.416820587746524e-01
-1.478242945178523e-01 4.192708918463276e-01
5.612515787143286e-01 -2.207640422522184e-01
3.260714174038768e-01 2.489165469966037e+00

1.663963350669306e-02 8.815907368246913e-02
-9.776107907063869e-02 -2.576170044701663e-01
-2.680235148212947e-01 -1.387516477172443e-01
-5.706994180193034e-01 1.412762041789961e-01
1.000000000000000e+00 0.000000000000000e+00
5.515662353229462e-01 2.866224431068993e-01
-1.318987775611739e+00 1.751386772851244e-01
-2.685977239109124e-01 -4.773377568071523e-01
3.692074005663232e-01 7.714883271305643e-01
-3.428004437057581e-02 -1.535993323744987e-02
1.094222309029348e+00 -9.282374100391716e-02

8.172115455026605e-01 3.861698912172538e-02
7.070829195145975e-02 -3.630427818633063e-03
-1.956579363643320e-01 1.726012738697616e-02
-7.414561912027706e-01 2.113728630227874e-02
1.000000000000000e+00 0.000000000000000e+00
2.889015332137247e+00 7.706684843744851e+00
-5.504620739264112e+00 -2.039797350639284e+00
1.364244289167368e-01 -1.171945623653134e-01
-9.332133483971994e-01 4.268993337148294e-01
3.430049770390586e-02 1.775227975580400e+00
3.911385192950396e+00 -4.231205870434677e+00

-2.880363516905273e-02 5.657503271853850e-02
-2.223458302787967e-01 -2.509747724056196e-01
-2.264610001892304e-01 1.221190511887081e-01
-6.809506685681492e-01 -3.664943473076535e-02
1.000000000000000e+00 0.000000000000000e+00
7.058624787081982e-02 -4.258934390690713e-01
-1.280665355481580e+00 1.484863313992278e-01
-2.295684171788230e-01 -2.662342194838492e-01
2.060523917103350e-01 6.478149207774145e-01
-2.408235882521859e-04 -3.372796538439993e-02
1.290767519069957e+00 4.069056100372553e-01

1.397263782600291e-01 1.224812064422903e-03
-1.300732278086798e-02 -4.728081531976512e-02
-2.089687068157455e-01 3.415468130727667e-02
-9.276802410825924e-01 -1.746693103409280e-02
1.000000000000000e+00 0.000000000000000e+00
4.233748545807685e-01 -1.726759906961241e+00
-1.884773492813941e-01 1.368802834040081e+00
-1.032979268600595e-01 -3.359350563499413e-01
7.008778311162551e-01 1.437739646597536e+00
-5.519673120858909e-01 -5.370472007195659e-01
3.254531144935000e-01 -1.322877687807786e-01

1.887685487583750e-01 -2.218280418619362e-01
2.219380364851824e-02 3.546688637208417e-02
-4.254311342307059e-01 6.137189890661058e-01
-8.573027452338762e-01 -2.242757177413768e-01
1.000000000000000e+00 0.000000000000000e+00
8.667917404087496e-01 2.083727322664196e+00
-2.326404917287909e+00 -6.613479371081679e-01
-1.456917487633320e-01 -1.229395499224698e+00
3.719643022207918e-01 1.769044780916890e-01
1.154674268794979e+00 8.282682322361945e-01
6.555956840325678e-01 3.807899198463088e-02

-2.115498696076112e-01 -1.093327821812750e-01
-5.580635881549900e-01 -2.137425155408984e-02
-2.648466621394655e-01 3.462792265595777e-01
1.000000000000000e+00 0.000000000000000e+00
-6.341486480459069e-01 -2.316385137656852e-01
5.647668745992060e-01 -2.768740391032923e-01
-1.723435128964222e-01 1.168886676528917e-01
-4.278532773202767e-01 -4.892958738819748e-01
1.089031936542925e+00 8.856641506346303e-01
-8.112090744485387e-01 -1.798270853079076e-02
3.541692939261353e-01 -1.098930393068553e-01

1.735806973844614e-01 -2.622793178408321e-01
-4.149772539452697e-03 9.129879417923297e-03
-4.019581398453490e-01 6.005945547375999e-01
-7.648297696791742e-01 -5.333862467382910e-01
1.000000000000000e+00 0.000000000000000e+00
-2.674953135411897e+00 2.668419560560514e+00
-9.168770985599628e-01 -1.279153345920561e+00
2.454401784907272e+00 -1.635815076446704e+00
1.584103457563350e+00 1.113621426052058e+00
2.770971916440534e-01 3.577247838771044e+00
-7.289671477626434e-01 -2.098315467093250e+00

1.697152830981911e-02 1.573546729659845e-01
-2.641231103129065e-01 5.935963794627719e-02
-1.237352855442564e-01 -1.802789914949204e-01
1.000000000000000e+00 0.000000000000000e+00
-8.069314289940330e-01 -7.686929352831734e-02
1.233865535349171e-01 2.748606975247492e-01
-5.191531764517278e-01 5.076619763283591e-01
2.647067746911270e-01 -9.537664607151707e-01
1.022173577157567e+00 1.243279905061931e+00
-1.760644047370835e-01 3.804280483674335e-01
2.718047579263203e-02 -6.958695193550460e-01

9.973108863774674e-02 -1.344530990927548e-01
3.749347766786032e-02 -5.160177712968322e-02
-1.196045364181230e-01 4.022375561595355e-01
-8.885552844168445e-01 -1.520263912546598e-01
1.000000000000000e+00 0.000000000000000e+00
-1.676455181579470e+00 1.060165407981850e+00
-8.816904860251599e-01 -1.409070515792352e+00
-5.195065617131349e-02 -1.730965204147017e-01
4.952568323149423e-01 2.906459132569920e-01
-7.009842887402427e-01 6.730881016178513e-01
2.182708459453417e+00 3.739760644073843e-01

1.439667625193864e-01 -7.999293978836876e-02
3.042400155371873e-02 -5.285668126027433e-02
-2.960307078819508e-01 1.919873315991326e-01
-6.775173194597591e-01 -3.740667888548341e-02
1.000000000000000e+00 0.000000000000000e+00
-1.579340726216097e+00 -1.012627572124819e+00
-3.513351636646484e-01 -1.051093916488256e-01
-1.651197399351257e-01 -8.440969438630892e-02
3.738710342334169e-01 7.009188345115377e-01
-5.607738857616723e-01 -2.361162361283273e-01
1.799087463016390e+00 9.899240131384015e-01

3.627018996328495e-01 3.432052387385739e-01
-6.240838490029548e-01 5.945850675865629e-01
-5.668685229928577e-01 -2.284435285671347e-01
1.000000000000000e+00 0.000000000000000e+00
-7.875883032093105e-01 -5.412595849310700e-01
1.980873342318463e-01 4.544221084793753e-01
-7.245206818984405e-01 2.263305318403470e-03
-2.754089918347541e-01 -6.752994305456196e-01
7.743474097087808e-01 8.244794615204804e-01
-2.978359853188846e-01 3.672727596315273e-02
8.019662362066938e-01 -8.868804196740017e-02

